2 0.61 0.2709375 0.2288888888888889 0.153125
3 0.49666666666666665 0.4153125 0.2111111111111111 0.150625
4 0.4177777777777778 0.7025 0.26222222222222225 0.1425
4 0.26611111111111113 0.6903125 0.18555555555555556 0.100625
0 0.7888888888888889 0.8825 0.32666666666666666 0.19125
3 0.5133333333333333 0.398125 0.2288888888888889 0.1025
1 0.5966666666666667 0.4825 0.3244444444444444 0.16625
1 0.27055555555555555 0.8428125 0.21666666666666667 0.114375
4 0.6338888888888888 0.075 0.21666666666666667 0.12375
0 0.3877777777777778 0.7315625 0.2688888888888889 0.149375
4 0.18722222222222223 0.351875 0.23 0.1625
2 0.5688888888888889 0.370625 0.26222222222222225 0.14625
0 0.3972222222222222 0.1209375 0.2788888888888889 0.130625
0 0.7294444444444445 0.5925 0.22333333333333333 0.105
1 0.24055555555555555 0.86375 0.3233333333333333 0.1625
3 0.24125 0.19722222222222222 0.15 0.2922222222222222
0 0.6040625 0.36666666666666664 0.138125 0.24888888888888888
0 0.359375 0.6705555555555556 0.14 0.2811111111111111
0 0.120625 0.47888888888888886 0.15375 0.28
0 0.8634375 0.2677777777777778 0.164375 0.24222222222222223
1 0.3653125 0.38555555555555554 0.184375 0.25555555555555554
1 0.8525 0.5616666666666666 0.15375 0.23666666666666666
0 0.0975 0.7827777777777778 0.15 0.3055555555555556
2 0.59125 0.19666666666666666 0.13375 0.24888888888888888
1 0.6072222222222222 0.54125 0.19444444444444445 0.115
4 0.5066666666666667 0.2496875 0.17777777777777778 0.136875
4 0.36333333333333334 0.1065625 0.26222222222222225 0.153125
