0 0.27 0.47444444444444445 0.155 0.25555555555555554
4 0.62125 0.7733333333333333 0.145 0.30666666666666664
2 0.158125 0.6588888888888889 0.16875 0.26
2 0.4990625 0.265 0.138125 0.2011111111111111
0 0.2738888888888889 0.8671875 0.3211111111111111 0.160625
3 0.6033333333333334 0.4025 0.21777777777777776 0.0925
0 0.39055555555555554 0.719375 0.24555555555555555 0.14875
4 0.459375 0.44 0.11375 0.19555555555555557
1 0.7311111111111112 0.5775 0.24666666666666667 0.15375
4 0.295 0.6083333333333333 0.16125 0.2588888888888889
1 0.5266666666666666 0.296875 0.2911111111111111 0.17
4 0.175 0.8659375 0.2677777777777778 0.151875
4 0.0996875 0.7333333333333333 0.146875 0.23333333333333334
3 0.24944444444444444 0.1246875 0.19 0.114375
4 0.66125 0.35 0.14125 0.2911111111111111
3 0.5633333333333334 0.753125 0.29555555555555557 0.16875
0 0.6205555555555555 0.8603125 0.21444444444444444 0.140625
0 0.7422222222222222 0.6278125 0.26 0.159375
2 0.31055555555555553 0.2453125 0.1811111111111111 0.118125
3 0.615625 0.7277777777777777 0.1625 0.2088888888888889
0 0.3496875 0.5377777777777778 0.119375 0.23555555555555555
1 0.1071875 0.32722222222222225 0.123125 0.22111111111111112
