3 0.8490625 0.3466666666666667 0.150625 0.23333333333333334
3 0.1178125 0.18777777777777777 0.144375 0.30666666666666664
3 0.340625 0.7633333333333333 0.10625 0.3088888888888889
4 0.57625 0.5183333333333333 0.0775 0.21444444444444444
2 0.5084375 0.7616666666666667 0.174375 0.29
1 0.6865625 0.25555555555555554 0.166875 0.29333333333333333
2 0.130625 0.3611111111111111 0.14625 0.2511111111111111
4 0.841875 0.6111111111111112 0.11375 0.24444444444444444
4 0.618125 0.44666666666666666 0.165 0.24666666666666667
4 0.3696875 0.6816666666666666 0.165625 0.3233333333333333
0 0.4684375 0.14444444444444443 0.114375 0.23333333333333334
0 0.095 0.5416666666666666 0.11375 0.2411111111111111
4 0.2834375 0.46555555555555556 0.150625 0.2866666666666667
0 0.5609375 0.5466666666666666 0.130625 0.24444444444444444
4 0.1334375 0.6433333333333333 0.138125 0.23333333333333334
4 0.71125 0.2761111111111111 0.14375 0.31666666666666665
2 0.7372222222222222 0.116875 0.27666666666666667 0.19125
0 0.17277777777777778 0.3678125 0.27444444444444444 0.191875
3 0.284375 0.7683333333333333 0.09875 0.2833333333333333
1 0.6834375 0.49777777777777776 0.169375 0.3377777777777778
