1 0.29375 0.4211111111111111 0.11375 0.24
3 0.8096875 0.7072222222222222 0.071875 0.21222222222222223
3 0.458125 0.27444444444444444 0.085 0.24666666666666667
4 0.404375 0.1238888888888889 0.1075 0.18333333333333332
1 0.5825 0.7572222222222222 0.18 0.3188888888888889
1 0.7134375 0.2577777777777778 0.158125 0.22666666666666666
1 0.3009375 0.385 0.184375 0.2544444444444444
4 0.148125 0.5172222222222222 0.16125 0.2922222222222222
4 0.8215625 0.5977777777777777 0.090625 0.22666666666666666
0 0.6640625 0.17166666666666666 0.133125 0.2611111111111111
2 0.3175 0.6272222222222222 0.1575 0.30777777777777776
0 0.12375 0.7577777777777778 0.12875 0.28
3 0.8625 0.4988888888888889 0.17125 0.34
4 0.858125 0.7483333333333333 0.16625 0.2788888888888889
4 0.0853125 0.20166666666666666 0.114375 0.22555555555555556
3 0.5372222222222223 0.13 0.2388888888888889 0.12625
1 0.6761111111111111 0.6425 0.31666666666666665 0.1975
1 0.39 0.134375 0.24 0.14
4 0.18888888888888888 0.3634375 0.16666666666666666 0.119375
2 0.4715625 0.14944444444444444 0.120625 0.21444444444444444
0 0.8590625 0.7427777777777778 0.135625 0.27
