4 0.666875 0.71 0.13375 0.2288888888888889
0 0.1221875 0.17277777777777778 0.125625 0.18333333333333332
4 0.8490625 0.4572222222222222 0.136875 0.2388888888888889
3 0.4853125 0.35388888888888886 0.130625 0.29
2 0.6028125 0.35833333333333334 0.154375 0.26555555555555554
3 0.1 0.14055555555555554 0.15375 0.20777777777777778
4 0.8396875 0.5355555555555556 0.124375 0.24222222222222223
4 0.65625 0.205 0.09625 0.23666666666666666
3 0.8315625 0.7461111111111111 0.089375 0.27444444444444444
3 0.14375 0.5105555555555555 0.1425 0.32555555555555554
0 0.14125 0.4483333333333333 0.15 0.2788888888888889
3 0.4809375 0.7644444444444445 0.119375 0.3377777777777778
3 0.38625 0.25333333333333335 0.1675 0.27111111111111114
4 0.6715625 0.5927777777777777 0.143125 0.22111111111111112
1 0.4696875 0.3194444444444444 0.116875 0.22555555555555556
1 0.300625 0.7883333333333333 0.15625 0.33444444444444443
0 0.225625 0.6538888888888889 0.14 0.25222222222222224
0 0.7121875 0.3327777777777778 0.111875 0.21666666666666667
4 0.8378125 0.14944444444444444 0.111875 0.2544444444444444
2 0.60875 0.27055555555555555 0.155 0.29444444444444445
1 0.6884375 0.33444444444444443 0.119375 0.21555555555555556
1 0.5628125 0.5361111111111111 0.169375 0.23444444444444446
1 0.396875 0.7466666666666667 0.1375 0.2688888888888889
4 0.246875 0.21333333333333335 0.13875 0.16444444444444445
4 0.8578125 0.6427777777777778 0.156875 0.2544444444444444
