4 0.85625 0.5594444444444444 0.1475 0.2544444444444444
1 0.6240625 0.47944444444444445 0.158125 0.2588888888888889
1 0.378125 0.4038888888888889 0.14 0.27444444444444444
1 0.256875 0.19777777777777777 0.135 0.19333333333333333
0 0.5865625 0.5372222222222223 0.133125 0.2588888888888889
1 0.0634375 0.7166666666666667 0.106875 0.21777777777777776
0 0.443125 0.2544444444444444 0.17125 0.22666666666666666
3 0.5428125 0.44222222222222224 0.090625 0.23777777777777778
1 0.7065625 0.6694444444444444 0.138125 0.3277777777777778
2 0.16375 0.7372222222222222 0.17125 0.2788888888888889
0 0.37222222222222223 0.6040625 0.2111111111111111 0.146875
0 0.23777777777777778 0.0846875 0.29555555555555557 0.148125
1 0.7477777777777778 0.860625 0.25555555555555554 0.13875
4 0.1159375 0.24333333333333335 0.125625 0.22666666666666666
3 0.2540625 0.5983333333333334 0.110625 0.22111111111111112
4 0.3528125 0.24944444444444444 0.116875 0.2388888888888889
3 0.1015625 0.7316666666666667 0.100625 0.20333333333333334
1 0.095 0.19277777777777777 0.13875 0.24555555555555555
