1 0.21222222222222223 0.551875 0.21555555555555556 0.16625
4 0.34833333333333333 0.70875 0.2877777777777778 0.175
4 0.6938888888888889 0.06375 0.17222222222222222 0.10625
4 0.42777777777777776 0.84 0.24444444444444444 0.13125
4 0.708125 0.2972222222222222 0.09625 0.31
4 0.2228125 0.6194444444444445 0.130625 0.22555555555555556
3 0.5946875 0.3883333333333333 0.120625 0.31
4 0.4661111111111111 0.2840625 0.19444444444444445 0.123125
3 0.25666666666666665 0.4734375 0.2577777777777778 0.125625
0 0.865625 0.6116666666666667 0.165 0.3211111111111111
0 0.0796875 0.2644444444444444 0.124375 0.26666666666666666
1 0.345625 0.7227777777777777 0.14625 0.22111111111111112
4 0.8375 0.6294444444444445 0.13 0.27666666666666667
1 0.076875 0.5233333333333333 0.13125 0.28444444444444444
0 0.5490625 0.33166666666666667 0.163125 0.3411111111111111
2 0.6033333333333334 0.1209375 0.19333333333333333 0.129375
4 0.2111111111111111 0.261875 0.22 0.125
0 0.7611111111111111 0.848125 0.30444444444444446 0.14875
2 0.42777777777777776 0.406875 0.24888888888888888 0.1275
4 0.5444444444444444 0.5421875 0.2777777777777778 0.111875
4 0.095625 0.7194444444444444 0.155 0.2011111111111111
0 0.20625 0.39 0.12375 0.2288888888888889
3 0.5896875 0.64 0.133125 0.21555555555555556
1 0.828125 0.31 0.105 0.24
