4 0.40166666666666667 0.845 0.27666666666666667 0.145
0 0.5961111111111111 0.5321875 0.22111111111111112 0.123125
3 0.4988888888888889 0.2503125 0.24888888888888888 0.161875
1 0.1078125 0.6905555555555556 0.130625 0.18333333333333332
3 0.829375 0.4 0.09875 0.27555555555555555
2 0.625625 0.7711111111111111 0.1575 0.29555555555555557
2 0.7233333333333334 0.12125 0.2111111111111111 0.13125
2 0.275 0.3509375 0.2677777777777778 0.128125
4 0.7438888888888889 0.6240625 0.29444444444444445 0.173125
1 0.82625 0.7033333333333334 0.08875 0.2088888888888889
3 0.3478125 0.3422222222222222 0.121875 0.20666666666666667
4 0.124375 0.19555555555555557 0.17 0.2733333333333333
0 0.1922222222222222 0.101875 0.32666666666666666 0.16125
4 0.7322222222222222 0.605 0.2311111111111111 0.16
