4 0.13055555555555556 0.4090625 0.15 0.115625
0 0.635 0.560625 0.2811111111111111 0.13
4 0.2225 0.3811111111111111 0.09125 0.18666666666666668
0 0.8578125 0.7555555555555555 0.166875 0.31555555555555553
4 0.0928125 0.6311111111111111 0.130625 0.2733333333333333
4 0.8821875 0.6138888888888889 0.193125 0.33
0 0.7296875 0.7372222222222222 0.144375 0.25222222222222224
2 0.601875 0.665 0.145 0.27
0 0.105 0.3516666666666667 0.175 0.29
1 0.616875 0.17833333333333334 0.13375 0.25666666666666665
1 0.28 0.43166666666666664 0.15125 0.33444444444444443
4 0.6884375 0.2544444444444444 0.100625 0.21777777777777776
4 0.85 0.5055555555555555 0.13375 0.24444444444444444
0 0.4740625 0.1938888888888889 0.130625 0.24333333333333335
4 0.8353125 0.7572222222222222 0.121875 0.2833333333333333
1 0.2946875 0.4988888888888889 0.136875 0.3111111111111111
0 0.6678125 0.335 0.153125 0.2544444444444444
3 0.100625 0.31222222222222223 0.14125 0.35333333333333333
1 0.3184375 0.7533333333333333 0.199375 0.31555555555555553
3 0.8396875 0.5966666666666667 0.108125 0.23333333333333334
