1 0.4584375 0.44722222222222224 0.106875 0.21222222222222223
4 0.7321875 0.295 0.144375 0.2922222222222222
4 0.6071875 0.3788888888888889 0.149375 0.26666666666666666
4 0.2240625 0.5922222222222222 0.148125 0.3088888888888889
4 0.8746875 0.18888888888888888 0.173125 0.27111111111111114
0 0.4090625 0.6416666666666667 0.171875 0.3188888888888889
1 0.8375 0.38333333333333336 0.12125 0.2822222222222222
2 0.268125 0.7733333333333333 0.1925 0.3422222222222222
4 0.4925 0.6127777777777778 0.1475 0.26555555555555554
1 0.3046875 0.36444444444444446 0.141875 0.28444444444444444
0 0.850625 0.4627777777777778 0.12375 0.22333333333333333
2 0.44666666666666666 0.2596875 0.2088888888888889 0.144375
4 0.16055555555555556 0.725 0.19 0.115
4 0.2738888888888889 0.476875 0.23222222222222222 0.09875
4 0.7272222222222222 0.13 0.21444444444444444 0.12375
0 0.6466666666666666 0.3775 0.24 0.14
3 0.225 0.1096875 0.3211111111111111 0.139375
3 0.5122222222222222 0.8634375 0.18222222222222223 0.161875
3 0.2790625 0.24444444444444444 0.153125 0.18444444444444444
4 0.8425 0.7333333333333333 0.10625 0.25555555555555554
4 0.6578125 0.5894444444444444 0.128125 0.27
0 0.0771875 0.15555555555555556 0.140625 0.30666666666666664
