1 0.15166666666666667 0.1059375 0.24555555555555555 0.156875
4 0.62 0.2865625 0.2911111111111111 0.141875
4 0.71 0.664375 0.2111111111111111 0.12
2 0.6105555555555555 0.1065625 0.2611111111111111 0.121875
3 0.265 0.85875 0.31666666666666665 0.135
3 0.4740625 0.6422222222222222 0.138125 0.24666666666666667
0 0.74125 0.6066666666666667 0.165 0.3466666666666667
2 0.0875 0.2761111111111111 0.12625 0.1988888888888889
2 0.501875 0.7633333333333333 0.16 0.30666666666666664
4 0.8609375 0.4011111111111111 0.141875 0.3244444444444444
1 0.3203125 0.5166666666666667 0.165625 0.3088888888888889
2 0.6803125 0.6038888888888889 0.149375 0.23666666666666666
2 0.368125 0.5638888888888889 0.1125 0.2477777777777778
2 0.139375 0.7316666666666667 0.12875 0.21444444444444444
0 0.85375 0.21055555555555555 0.135 0.2788888888888889
1 0.6284375 0.39055555555555554 0.159375 0.27
2 0.3290625 0.36333333333333334 0.161875 0.29333333333333333
2 0.8346875 0.7161111111111111 0.121875 0.20777777777777778
4 0.1428125 0.48055555555555557 0.139375 0.2633333333333333
0 0.474375 0.6316666666666667 0.1025 0.30333333333333334
0 0.658125 0.20722222222222222 0.12 0.24333333333333335
3 0.8221875 0.4777777777777778 0.098125 0.22444444444444445
0 0.114375 0.7227777777777777 0.14 0.25222222222222224
1 0.6303125 0.24833333333333332 0.079375 0.22555555555555556
1 0.48125 0.6322222222222222 0.145 0.3022222222222222
