3 0.38125 0.6022222222222222 0.1175 0.24888888888888888
4 0.2384375 0.5094444444444445 0.134375 0.29888888888888887
1 0.700625 0.12333333333333334 0.15 0.2311111111111111
0 0.53125 0.2461111111111111 0.11375 0.24333333333333335
4 0.06375 0.6877777777777778 0.0875 0.18444444444444444
4 0.29444444444444445 0.239375 0.2511111111111111 0.14375
3 0.5872222222222222 0.7115625 0.19666666666666666 0.155625
1 0.725 0.1009375 0.2588888888888889 0.176875
0 0.5083333333333333 0.568125 0.25222222222222224 0.18
3 0.1221875 0.4583333333333333 0.104375 0.1811111111111111
0 0.4871875 0.3233333333333333 0.123125 0.2288888888888889
3 0.2359375 0.61 0.095625 0.1688888888888889
0 0.631875 0.2916666666666667 0.17625 0.3233333333333333
2 0.1359375 0.7722222222222223 0.146875 0.3244444444444444
4 0.715625 0.4127777777777778 0.15125 0.2833333333333333
0 0.42625 0.6333333333333333 0.15 0.2733333333333333
1 0.536875 0.25555555555555554 0.0825 0.19333333333333333
4 0.2584375 0.14944444444444444 0.103125 0.20555555555555555
2 0.57 0.3665625 0.26 0.189375
4 0.17055555555555554 0.5859375 0.1988888888888889 0.116875
0 0.2783333333333333 0.673125 0.27444444444444444 0.15625
4 0.4988888888888889 0.8434375 0.2511111111111111 0.121875
4 0.095625 0.29388888888888887 0.095 0.21888888888888888
4 0.689375 0.6216666666666667 0.17125 0.3011111111111111
1 0.4909375 0.45666666666666667 0.144375 0.2577777777777778
