4 0.7438888888888889 0.658125 0.2411111111111111 0.15375
1 0.5133333333333333 0.0603125 0.2733333333333333 0.120625
4 0.6194444444444445 0.83 0.2388888888888889 0.10875
4 0.24388888888888888 0.26875 0.22777777777777777 0.15
1 0.35777777777777775 0.4528125 0.2088888888888889 0.130625
0 0.18388888888888888 0.6915625 0.2966666666666667 0.171875
4 0.27444444444444444 0.4828125 0.19777777777777777 0.114375
4 0.5461111111111111 0.8453125 0.1811111111111111 0.119375
3 0.2875 0.4861111111111111 0.1125 0.2388888888888889
2 0.474375 0.345 0.12 0.21222222222222223
0 0.8428125 0.6405555555555555 0.124375 0.2922222222222222
3 0.106875 0.1238888888888889 0.085 0.21888888888888888
3 0.8484375 0.3372222222222222 0.133125 0.2544444444444444
3 0.0653125 0.5916666666666667 0.125625 0.2811111111111111
3 0.5925 0.37722222222222224 0.12875 0.1988888888888889
4 0.8546875 0.23444444444444446 0.126875 0.2577777777777778
0 0.7021875 0.7288888888888889 0.148125 0.2511111111111111
3 0.521875 0.105 0.09625 0.20555555555555555
1 0.2334375 0.3572222222222222 0.138125 0.23
3 0.398125 0.26722222222222225 0.15875 0.29
2 0.08375 0.47055555555555556 0.1475 0.21666666666666667
0 0.8615625 0.4483333333333333 0.151875 0.29888888888888887
4 0.1075 0.2638888888888889 0.18125 0.32555555555555554
