1 0.476875 0.5961111111111111 0.1325 0.2544444444444444
4 0.8615625 0.47944444444444445 0.161875 0.30777777777777776
4 0.30125 0.7672222222222222 0.15125 0.30777777777777776
4 0.629375 0.2916666666666667 0.09125 0.17666666666666667
4 0.085625 0.7511111111111111 0.1425 0.24444444444444444
3 0.465625 0.5033333333333333 0.14375 0.31555555555555553
2 0.291875 0.645 0.17625 0.31666666666666665
0 0.3478125 0.37333333333333335 0.156875 0.2822222222222222
0 0.8446875 0.7416666666666667 0.113125 0.2411111111111111
1 0.485 0.7688888888888888 0.1625 0.34444444444444444
2 0.8434375 0.23555555555555555 0.121875 0.24666666666666667
1 0.2721875 0.46055555555555555 0.115625 0.21222222222222223
2 0.2203125 0.7911111111111111 0.136875 0.35777777777777775
4 0.4875 0.68 0.16375 0.29777777777777775
3 0.8328125 0.3138888888888889 0.094375 0.20777777777777778
0 0.31777777777777777 0.4865625 0.30444444444444446 0.170625
0 0.7805555555555556 0.291875 0.3233333333333333 0.1625
3 0.11944444444444445 0.84875 0.20777777777777778 0.1325
4 0.7144444444444444 0.8534375 0.19111111111111112 0.161875
4 0.35777777777777775 0.359375 0.19777777777777777 0.11875
