3 0.2196875 0.37277777777777776 0.128125 0.23222222222222222
0 0.5825 0.46111111111111114 0.10125 0.23333333333333334
0 0.49 0.7394444444444445 0.16625 0.2633333333333333
0 0.353125 0.29888888888888887 0.14375 0.26
0 0.610625 0.19666666666666666 0.175 0.3288888888888889
0 0.0940625 0.5361111111111111 0.141875 0.25666666666666665
2 0.8234375 0.6888888888888889 0.099375 0.18444444444444444
0 0.8721875 0.225 0.184375 0.3055555555555556
2 0.079375 0.5277777777777778 0.1 0.19777777777777777
2 0.7225 0.23722222222222222 0.115 0.20333333333333334
4 0.0990625 0.44277777777777777 0.093125 0.22111111111111112
1 0.616875 0.3522222222222222 0.14875 0.23777777777777778
0 0.2484375 0.16944444444444445 0.146875 0.2633333333333333
2 0.394375 0.5861111111111111 0.19375 0.31222222222222223
1 0.67625 0.7644444444444445 0.1525 0.30666666666666664
0 0.1246875 0.37222222222222223 0.176875 0.2733333333333333
4 0.4646875 0.14222222222222222 0.080625 0.1288888888888889
4 0.8353125 0.5561111111111111 0.094375 0.2677777777777778
4 0.3625 0.6127777777777778 0.11875 0.20777777777777778
1 0.5934375 0.3566666666666667 0.095625 0.21333333333333335
