3 0.23555555555555555 0.4190625 0.20444444444444446 0.136875
4 0.6583333333333333 0.72375 0.27666666666666667 0.165
1 0.7238888888888889 0.5615625 0.21222222222222223 0.131875
4 0.5722222222222222 0.2903125 0.29777777777777775 0.170625
2 0.4109375 0.5283333333333333 0.135625 0.25222222222222224
1 0.6896875 0.6427777777777778 0.120625 0.2611111111111111
4 0.199375 0.6511111111111111 0.11375 0.24444444444444444
3 0.066875 0.22666666666666666 0.1025 0.20666666666666667
4 0.4525 0.5711111111111111 0.11125 0.24666666666666667
4 0.340625 0.43555555555555553 0.1425 0.3
4 0.731875 0.7688888888888888 0.1625 0.31555555555555553
3 0.7488888888888889 0.09125 0.27111111111111114 0.17
0 0.5866666666666667 0.6140625 0.28888888888888886 0.175625
4 0.2621875 0.5888888888888889 0.158125 0.3022222222222222
3 0.48125 0.7505555555555555 0.11625 0.2411111111111111
3 0.12625 0.6572222222222223 0.12625 0.2477777777777778
4 0.8528125 0.1661111111111111 0.138125 0.22111111111111112
2 0.745625 0.32222222222222224 0.165 0.3422222222222222
3 0.3896875 0.3983333333333333 0.173125 0.30333333333333334
1 0.2884375 0.4922222222222222 0.175625 0.34
3 0.846875 0.20055555555555554 0.14875 0.33444444444444443
4 0.4596875 0.7455555555555555 0.136875 0.2688888888888889
3 0.0696875 0.5944444444444444 0.119375 0.25555555555555554
4 0.63875 0.29833333333333334 0.11375 0.2411111111111111
0 0.610625 0.41333333333333333 0.17375 0.28
4 0.3565625 0.2477777777777778 0.183125 0.2733333333333333
