1 0.493125 0.2727777777777778 0.1625 0.2788888888888889
4 0.2278125 0.5727777777777778 0.119375 0.22333333333333333
4 0.251875 0.6283333333333333 0.1725 0.23
2 0.5309375 0.5083333333333333 0.113125 0.21222222222222223
1 0.8415625 0.37 0.116875 0.15777777777777777
4 0.70375 0.3327777777777778 0.15 0.3055555555555556
4 0.0803125 0.755 0.136875 0.2611111111111111
1 0.3865625 0.18 0.133125 0.22
4 0.7772222222222223 0.1428125 0.31666666666666665 0.173125
1 0.5027777777777778 0.8425 0.19444444444444445 0.1225
3 0.39055555555555554 0.551875 0.1811111111111111 0.12125
0 0.22833333333333333 0.7159375 0.2811111111111111 0.159375
0 0.35 0.16333333333333333 0.16625 0.3244444444444444
4 0.1090625 0.7777777777777778 0.190625 0.32666666666666666
3 0.5784375 0.525 0.115625 0.23
1 0.7116666666666667 0.408125 0.22111111111111112 0.1625
2 0.4261111111111111 0.8459375 0.2633333333333333 0.133125
3 0.6366666666666667 0.566875 0.27555555555555555 0.17875
4 0.21888888888888888 0.6984375 0.2577777777777778 0.140625
1 0.2816666666666667 0.23125 0.17888888888888888 0.11
3 0.705625 0.7872222222222223 0.15875 0.31666666666666665
0 0.0784375 0.5311111111111111 0.120625 0.23555555555555555
1 0.8684375 0.16111111111111112 0.160625 0.2911111111111111
3 0.3353125 0.7683333333333333 0.121875 0.31222222222222223
4 0.729375 0.6466666666666666 0.14 0.2688888888888889
