0 0.845 0.20055555555555554 0.13625 0.2877777777777778
4 0.098125 0.38166666666666665 0.14875 0.27444444444444444
3 0.3421875 0.7322222222222222 0.135625 0.2222222222222222
1 0.5659375 0.5472222222222223 0.168125 0.2588888888888889
4 0.254375 0.6422222222222222 0.125 0.2644444444444444
4 0.843125 0.20555555555555555 0.13375 0.25555555555555554
3 0.0890625 0.33166666666666667 0.091875 0.23666666666666666
3 0.6640625 0.4761111111111111 0.143125 0.25222222222222224
3 0.4721875 0.7155555555555555 0.125625 0.18666666666666668
1 0.103125 0.16444444444444445 0.15375 0.29777777777777775
3 0.6903125 0.7716666666666666 0.114375 0.2966666666666667
4 0.28944444444444445 0.8571875 0.23666666666666666 0.139375
0 0.47888888888888886 0.218125 0.2733333333333333 0.1675
0 0.19333333333333333 0.7234375 0.21333333333333335 0.133125
0 0.6477777777777778 0.3528125 0.27111111111111114 0.175625
4 0.71 0.4709375 0.22444444444444445 0.150625
0 0.6116666666666667 0.0840625 0.2788888888888889 0.148125
1 0.7155555555555555 0.2765625 0.24 0.146875
4 0.6634375 0.42777777777777776 0.129375 0.2311111111111111
3 0.101875 0.30944444444444447 0.13375 0.29444444444444445
