1 0.2684375 0.18388888888888888 0.118125 0.2544444444444444
2 0.469375 0.7333333333333333 0.13375 0.25555555555555554
0 0.5855555555555556 0.305625 0.20222222222222222 0.125
1 0.685 0.12375 0.16333333333333333 0.12125
0 0.4777777777777778 0.4865625 0.2222222222222222 0.126875
1 0.4061111111111111 0.6940625 0.31666666666666665 0.181875
0 0.5503125 0.5733333333333334 0.161875 0.3288888888888889
3 0.6675 0.2611111111111111 0.085 0.2688888888888889
2 0.080625 0.7416666666666667 0.1575 0.2877777777777778
4 0.6594444444444445 0.74125 0.26555555555555554 0.165
4 0.29333333333333333 0.32625 0.24666666666666667 0.1125
4 0.44722222222222224 0.5784375 0.19666666666666666 0.098125
4 0.38555555555555554 0.875625 0.25333333333333335 0.17375
4 0.16555555555555557 0.0715625 0.1688888888888889 0.120625
4 0.7255555555555555 0.4984375 0.21777777777777776 0.196875
2 0.4911111111111111 0.5875 0.23777777777777778 0.1075
0 0.25166666666666665 0.850625 0.22777777777777777 0.13125
3 0.3927777777777778 0.720625 0.19666666666666666 0.1225
4 0.7 0.47 0.18444444444444444 0.12375
1 0.6855555555555556 0.2565625 0.31333333333333335 0.199375
0 0.71 0.0640625 0.18222222222222223 0.121875
0 0.485 0.7021875 0.31 0.146875
0 0.32722222222222225 0.8365625 0.18777777777777777 0.101875
4 0.5394444444444444 0.2303125 0.22777777777777777 0.141875
1 0.2683333333333333 0.5271875 0.2611111111111111 0.109375
1 0.655625 0.2311111111111111 0.11875 0.23333333333333334
1 0.2815625 0.7366666666666667 0.121875 0.2311111111111111
3 0.085625 0.4711111111111111 0.105 0.20666666666666667
