3 0.4578125 0.5955555555555555 0.121875 0.24222222222222223
3 0.2578125 0.2633333333333333 0.110625 0.17777777777777778
2 0.6609375 0.7466666666666667 0.140625 0.24444444444444444
2 0.8578125 0.1688888888888889 0.145625 0.28888888888888886
4 0.0709375 0.4255555555555556 0.124375 0.20222222222222222
4 0.0725 0.11388888888888889 0.1425 0.22777777777777777
3 0.593125 0.5405555555555556 0.1325 0.28555555555555556
4 0.84125 0.6783333333333333 0.1025 0.16111111111111112
0 0.3334375 0.33666666666666667 0.139375 0.27555555555555555
3 0.1578125 0.5738888888888889 0.156875 0.2833333333333333
4 0.71625 0.37222222222222223 0.155 0.25333333333333335
1 0.109375 0.695 0.0875 0.17666666666666667
1 0.67125 0.6238888888888889 0.14125 0.27444444444444444
4 0.7222222222222222 0.4709375 0.18444444444444444 0.133125
2 0.6761111111111111 0.2428125 0.26555555555555554 0.179375
0 0.23333333333333334 0.350625 0.24222222222222223 0.14375
2 0.4822222222222222 0.6084375 0.2222222222222222 0.156875
2 0.355 0.0946875 0.31444444444444447 0.133125
2 0.5805555555555556 0.724375 0.2477777777777778 0.1375
3 0.1234375 0.6016666666666667 0.143125 0.2922222222222222
4 0.5171875 0.7405555555555555 0.198125 0.28555555555555556
3 0.2953125 0.4266666666666667 0.120625 0.22444444444444445
0 0.6803125 0.18055555555555555 0.158125 0.2966666666666667
