1 0.3609375 0.6288888888888889 0.123125 0.18
1 0.8340625 0.42333333333333334 0.121875 0.2511111111111111
3 0.25125 0.7061111111111111 0.14 0.17222222222222222
3 0.4790625 0.6144444444444445 0.121875 0.3111111111111111
4 0.716875 0.3244444444444444 0.125 0.21555555555555556
0 0.5772222222222222 0.8596875 0.27 0.164375
3 0.5853125 0.6611111111111111 0.119375 0.28
0 0.8746875 0.19833333333333333 0.178125 0.3433333333333333
4 0.6366666666666667 0.85125 0.24888888888888888 0.12875
2 0.5222222222222223 0.2175 0.21333333333333335 0.11875
4 0.7011111111111111 0.7021875 0.18444444444444444 0.145625
2 0.45444444444444443 0.41125 0.2688888888888889 0.1925
1 0.2644444444444444 0.53375 0.2733333333333333 0.1225
0 0.31 0.5844444444444444 0.12875 0.2288888888888889
0 0.469375 0.7255555555555555 0.08625 0.21555555555555556
4 0.8565625 0.4438888888888889 0.138125 0.24333333333333335
4 0.8590625 0.22444444444444445 0.161875 0.29333333333333333
1 0.1190625 0.5266666666666666 0.109375 0.26222222222222225
4 0.2659375 0.4388888888888889 0.118125 0.3
1 0.4090625 0.7183333333333334 0.119375 0.22111111111111112
0 0.391875 0.23444444444444446 0.16375 0.3288888888888889
3 0.1409375 0.5961111111111111 0.141875 0.32555555555555554
