0 0.6046875 0.575 0.164375 0.2788888888888889
1 0.0640625 0.7222222222222222 0.114375 0.2
3 0.3228125 0.14333333333333334 0.116875 0.16
4 0.0975 0.17055555555555554 0.07875 0.2011111111111111
2 0.3725 0.5661111111111111 0.14 0.29
0 0.481875 0.35944444444444446 0.115 0.22777777777777777
4 0.86 0.4911111111111111 0.1375 0.31555555555555553
1 0.485 0.4533333333333333 0.13125 0.25333333333333335
1 0.295625 0.13555555555555557 0.11 0.1622222222222222
3 0.654375 0.275 0.1125 0.17
3 0.6415625 0.125 0.101875 0.1811111111111111
3 0.09625 0.32055555555555554 0.17875 0.27666666666666667
4 0.4534375 0.7622222222222222 0.114375 0.2688888888888889
1 0.4859375 0.45111111111111113 0.130625 0.25333333333333335
0 0.6565625 0.29444444444444445 0.100625 0.22666666666666666
0 0.2640625 0.5833333333333334 0.119375 0.20444444444444446
1 0.0775 0.48055555555555557 0.12875 0.2411111111111111
0 0.6078125 0.7238888888888889 0.130625 0.21444444444444444
