0 0.8484375 0.7344444444444445 0.145625 0.2733333333333333
4 0.35875 0.38666666666666666 0.14125 0.27111111111111114
1 0.2546875 0.6038888888888889 0.151875 0.20555555555555555
0 0.720625 0.75 0.1875 0.3
4 0.3784375 0.17777777777777778 0.100625 0.14444444444444443
4 0.5559375 0.5355555555555556 0.173125 0.23777777777777778
3 0.3965625 0.425 0.158125 0.22111111111111112
0 0.696875 0.7616666666666667 0.15125 0.27666666666666667
0 0.61625 0.20555555555555555 0.15875 0.23777777777777778
4 0.38125 0.7666666666666667 0.19625 0.31555555555555553
1 0.8475 0.38055555555555554 0.11375 0.2411111111111111
3 0.080625 0.5516666666666666 0.10125 0.23444444444444446
1 0.6616666666666666 0.1334375 0.33666666666666667 0.171875
1 0.25833333333333336 0.8603125 0.24555555555555555 0.163125
1 0.365 0.4128125 0.22111111111111112 0.145625
0 0.13055555555555556 0.271875 0.22777777777777777 0.15625
0 0.1811111111111111 0.3996875 0.26666666666666666 0.164375
0 0.4077777777777778 0.0928125 0.2644444444444444 0.155625
1 0.7477777777777778 0.2484375 0.26 0.164375
1 0.7053125 0.6461111111111111 0.118125 0.2788888888888889
0 0.8475 0.3511111111111111 0.1475 0.2777777777777778
0 0.60625 0.47944444444444445 0.17375 0.33666666666666667
