1 0.3296875 0.33666666666666667 0.104375 0.22
2 0.85875 0.535 0.1475 0.2388888888888889
1 0.343125 0.5827777777777777 0.15375 0.29444444444444445
0 0.0875 0.2833333333333333 0.1675 0.33111111111111113
0 0.8696875 0.5966666666666667 0.156875 0.32222222222222224
3 0.13625 0.7938888888888889 0.17625 0.3322222222222222
1 0.564375 0.3844444444444444 0.095 0.20444444444444446
4 0.834375 0.5594444444444444 0.12375 0.21888888888888888
4 0.0540625 0.24222222222222223 0.096875 0.25333333333333335
4 0.106875 0.5127777777777778 0.17125 0.31
4 0.489375 0.38 0.1725 0.3022222222222222
2 0.8428125 0.7372222222222222 0.115625 0.24333333333333335
2 0.6634375 0.22944444444444445 0.139375 0.2588888888888889
0 0.27625 0.5938888888888889 0.12875 0.21444444444444444
3 0.825625 0.5272222222222223 0.08375 0.22111111111111112
1 0.6178125 0.15055555555555555 0.165625 0.24555555555555555
3 0.22333333333333333 0.2803125 0.22444444444444445 0.120625
