0 0.7221875 0.25666666666666665 0.155625 0.26222222222222225
1 0.8596875 0.38166666666666665 0.145625 0.2722222222222222
2 0.131875 0.10944444444444444 0.11 0.20777777777777778
4 0.42375 0.77 0.12625 0.3288888888888889
4 0.5721875 0.6166666666666667 0.139375 0.26222222222222225
4 0.66 0.18555555555555556 0.135 0.24444444444444444
0 0.85375 0.7405555555555555 0.15375 0.27
1 0.151875 0.6561111111111111 0.15375 0.31666666666666665
0 0.8278125 0.7477777777777778 0.108125 0.26222222222222225
0 0.6921875 0.24388888888888888 0.116875 0.2011111111111111
0 0.293125 0.54 0.1575 0.32
3 0.415625 0.3844444444444444 0.1225 0.24666666666666667
2 0.4003125 0.31555555555555553 0.168125 0.29333333333333333
2 0.5440625 0.4166666666666667 0.138125 0.2733333333333333
4 0.8778125 0.7666666666666667 0.171875 0.30666666666666664
4 0.07 0.16944444444444445 0.14 0.22333333333333333
2 0.1053125 0.48777777777777775 0.179375 0.3488888888888889
3 0.840625 0.15055555555555555 0.11625 0.26555555555555554
0 0.4483333333333333 0.715625 0.2788888888888889 0.1625
3 0.7305555555555555 0.413125 0.22555555555555556 0.115
0 0.32166666666666666 0.153125 0.23222222222222222 0.15125
0 0.5294444444444445 0.2878125 0.23666666666666666 0.143125
4 0.69625 0.7355555555555555 0.13 0.24222222222222223
1 0.54875 0.22 0.12125 0.25555555555555554
2 0.8384375 0.6294444444444445 0.128125 0.2388888888888889
4 0.4040625 0.32611111111111113 0.118125 0.2588888888888889
0 0.1371875 0.4488888888888889 0.155625 0.29555555555555557
