0 0.8421875 0.17666666666666667 0.126875 0.24444444444444444
1 0.3 0.4583333333333333 0.1375 0.25666666666666665
3 0.1115625 0.33055555555555555 0.124375 0.27666666666666667
0 0.4903125 0.6161111111111112 0.153125 0.2966666666666667
1 0.3034375 0.485 0.165625 0.2966666666666667
0 0.8540625 0.17166666666666666 0.129375 0.21
3 0.4775 0.6055555555555555 0.135 0.2688888888888889
4 0.0703125 0.6811111111111111 0.078125 0.14888888888888888
0 0.61875 0.7622222222222222 0.19625 0.31333333333333335
2 0.32125 0.5227777777777778 0.10625 0.17888888888888888
0 0.3840625 0.7244444444444444 0.108125 0.20222222222222222
0 0.6984375 0.3894444444444444 0.123125 0.23222222222222222
4 0.883125 0.20166666666666666 0.185 0.3233333333333333
1 0.2484375 0.5227777777777778 0.144375 0.26555555555555554
3 0.67375 0.4777777777777778 0.1575 0.25333333333333335
1 0.1178125 0.20055555555555554 0.155625 0.22555555555555556
3 0.29875 0.7488888888888889 0.1475 0.2688888888888889
0 0.8378125 0.435 0.113125 0.21444444444444444
3 0.4665625 0.7755555555555556 0.119375 0.32222222222222224
3 0.339375 0.3516666666666667 0.115 0.2388888888888889
4 0.71375 0.6344444444444445 0.115 0.2311111111111111
3 0.6059375 0.155 0.149375 0.22555555555555556
4 0.38555555555555554 0.39 0.15333333333333332 0.125
1 0.19777777777777777 0.5428125 0.18666666666666668 0.124375
4 0.3061111111111111 0.7 0.1988888888888889 0.13375
3 0.5216666666666666 0.249375 0.21888888888888888 0.14875
1 0.7538888888888889 0.8525 0.2722222222222222 0.1325
4 0.61 0.0878125 0.19111111111111112 0.130625
