0 0.6253125 0.7944444444444444 0.186875 0.33111111111111113
3 0.3309375 0.3388888888888889 0.115625 0.24444444444444444
0 0.5953125 0.4072222222222222 0.145625 0.3277777777777778
4 0.1984375 0.45166666666666666 0.120625 0.23
0 0.089375 0.6722222222222223 0.15875 0.3
2 0.8465625 0.285 0.134375 0.27
3 0.4784375 0.49277777777777776 0.146875 0.2633333333333333
0 0.0896875 0.34 0.138125 0.2822222222222222
4 0.593125 0.5694444444444444 0.12 0.2544444444444444
3 0.2040625 0.7383333333333333 0.110625 0.2677777777777778
0 0.4872222222222222 0.478125 0.29 0.1625
0 0.2178125 0.7872222222222223 0.168125 0.3411111111111111
0 0.8446875 0.14222222222222222 0.111875 0.21555555555555556
4 0.61375 0.5827777777777777 0.17375 0.3211111111111111
4 0.0596875 0.6527777777777778 0.113125 0.2677777777777778
1 0.35625 0.36 0.1825 0.2644444444444444
4 0.4615625 0.26166666666666666 0.131875 0.2611111111111111
2 0.2240625 0.7844444444444445 0.166875 0.32222222222222224
4 0.473125 0.42055555555555557 0.145 0.2611111111111111
0 0.341875 0.6627777777777778 0.1425 0.24555555555555555
3 0.2411111111111111 0.123125 0.20222222222222222 0.11375
4 0.5183333333333333 0.876875 0.2811111111111111 0.18125
0 0.18444444444444444 0.585625 0.3244444444444444 0.175
