0 0.3703125 0.36777777777777776 0.144375 0.23333333333333334
2 0.8646875 0.19555555555555557 0.155625 0.24666666666666667
0 0.385625 0.7344444444444445 0.11375 0.2111111111111111
0 0.1053125 0.36277777777777775 0.160625 0.3055555555555556
3 0.535625 0.24944444444444444 0.11 0.2877777777777778
1 0.6722222222222223 0.8740625 0.32222222222222224 0.175625
3 0.1388888888888889 0.736875 0.22 0.13875
3 0.525 0.513125 0.22111111111111112 0.16625
3 0.831875 0.7266666666666667 0.0925 0.2222222222222222
2 0.4975 0.19722222222222222 0.155 0.28555555555555556
0 0.15375 0.5088888888888888 0.19875 0.3488888888888889
4 0.5272222222222223 0.570625 0.2877777777777778 0.16875
0 0.6255555555555555 0.4184375 0.27111111111111114 0.158125
3 0.19166666666666668 0.6990625 0.25666666666666665 0.131875
3 0.285 0.1259375 0.23 0.160625
0 0.83625 0.14055555555555554 0.12375 0.25222222222222224
1 0.64625 0.5572222222222222 0.1175 0.1922222222222222
1 0.14444444444444443 0.3603125 0.17777777777777778 0.119375
1 0.5711111111111111 0.860625 0.30444444444444446 0.1675
