3 0.336875 0.11444444444444445 0.10125 0.22444444444444445
1 0.133125 0.5766666666666667 0.1825 0.3244444444444444
0 0.61 0.3611111111111111 0.15875 0.30666666666666664
1 0.87375 0.5138888888888888 0.18375 0.3277777777777778
4 0.673125 0.3705555555555556 0.13625 0.31
0 0.16875 0.6444444444444445 0.18625 0.32
2 0.524375 0.24166666666666667 0.19125 0.3211111111111111
3 0.716875 0.7288888888888889 0.1175 0.26666666666666666
3 0.0915625 0.4022222222222222 0.096875 0.24222222222222223
2 0.8478125 0.48 0.133125 0.24
3 0.6021875 0.2222222222222222 0.134375 0.19555555555555557
0 0.266875 0.5283333333333333 0.13375 0.26555555555555554
0 0.42875 0.7538888888888889 0.16625 0.31
0 0.5784375 0.45555555555555555 0.174375 0.3244444444444444
1 0.7059375 0.2311111111111111 0.138125 0.28
4 0.8715625 0.3422222222222222 0.178125 0.3
4 0.1228125 0.61 0.136875 0.22666666666666666
4 0.43 0.481875 0.23333333333333334 0.13
2 0.7694444444444445 0.1346875 0.3011111111111111 0.173125
4 0.3188888888888889 0.305 0.31777777777777777 0.145
1 0.10555555555555556 0.8575 0.19555555555555557 0.1425
1 0.6266666666666667 0.6821875 0.32222222222222224 0.161875
4 0.2915625 0.7733333333333333 0.165625 0.28888888888888886
1 0.0721875 0.1511111111111111 0.114375 0.2577777777777778
