0 0.1221875 0.32166666666666666 0.141875 0.2788888888888889
4 0.7159375 0.4477777777777778 0.159375 0.31777777777777777
4 0.86875 0.22555555555555556 0.17125 0.3
3 0.255625 0.5083333333333333 0.11625 0.22333333333333333
4 0.43875 0.7716666666666666 0.19 0.3211111111111111
4 0.8496875 0.35777777777777775 0.136875 0.24444444444444444
2 0.32625 0.5572222222222222 0.16375 0.20777777777777778
4 0.479375 0.26166666666666666 0.1075 0.21444444444444444
4 0.6216666666666667 0.5634375 0.2588888888888889 0.140625
3 0.2 0.726875 0.26 0.17125
4 0.7244444444444444 0.1296875 0.2511111111111111 0.161875
0 0.8375 0.7238888888888889 0.115 0.23222222222222222
4 0.36777777777777776 0.40625 0.17333333333333334 0.1225
2 0.5375 0.6483333333333333 0.12375 0.28555555555555556
4 0.6840625 0.42388888888888887 0.113125 0.24555555555555555
1 0.22875 0.31333333333333335 0.11375 0.2288888888888889
0 0.0934375 0.23055555555555557 0.146875 0.2677777777777778
0 0.8590625 0.5144444444444445 0.173125 0.32222222222222224
2 0.0984375 0.7366666666666667 0.131875 0.21333333333333335
1 0.5511111111111111 0.576875 0.19333333333333333 0.10875
