2 0.28625 0.5944444444444444 0.17625 0.25333333333333335
1 0.8675 0.21722222222222223 0.1575 0.28555555555555556
3 0.4646875 0.6394444444444445 0.096875 0.2833333333333333
1 0.11 0.35388888888888886 0.10625 0.22777777777777777
3 0.85375 0.2388888888888889 0.155 0.25555555555555554
4 0.655625 0.49444444444444446 0.11875 0.2511111111111111
4 0.0984375 0.42055555555555557 0.101875 0.25222222222222224
1 0.741875 0.6866666666666666 0.15375 0.30666666666666664
1 0.3640625 0.7727777777777778 0.139375 0.3188888888888889
0 0.248125 0.5516666666666666 0.155 0.19666666666666666
1 0.7333333333333333 0.605625 0.20666666666666667 0.145
4 0.35388888888888886 0.46875 0.19666666666666666 0.125
0 0.0865625 0.2688888888888889 0.161875 0.25555555555555554
3 0.5671875 0.5977777777777777 0.096875 0.2866666666666667
2 0.3696875 0.5438888888888889 0.123125 0.2011111111111111
4 0.5928125 0.20833333333333334 0.123125 0.23
2 0.3546875 0.8061111111111111 0.159375 0.3522222222222222
