4 0.600625 0.15722222222222224 0.1375 0.3055555555555556
4 0.845625 0.41055555555555556 0.11 0.21888888888888888
4 0.3353125 0.3188888888888889 0.123125 0.23333333333333334
4 0.0840625 0.22111111111111112 0.136875 0.23555555555555555
4 0.84125 0.7327777777777778 0.11625 0.22333333333333333
3 0.09375 0.16 0.0675 0.18888888888888888
4 0.3871875 0.40166666666666667 0.173125 0.30333333333333334
2 0.725625 0.4438888888888889 0.14875 0.2611111111111111
1 0.8515625 0.24333333333333335 0.155625 0.2511111111111111
2 0.343125 0.7305555555555555 0.11875 0.2477777777777778
0 0.7694444444444445 0.3784375 0.3055555555555556 0.154375
0 0.13277777777777777 0.1275 0.23 0.135
3 0.5288888888888889 0.6125 0.22444444444444445 0.14
2 0.33611111111111114 0.85125 0.2388888888888889 0.13375
2 0.8553125 0.6427777777777778 0.154375 0.31
1 0.0934375 0.3888888888888889 0.160625 0.33555555555555555
0 0.461875 0.7238888888888889 0.1325 0.20333333333333334
0 0.64875 0.21555555555555556 0.12375 0.25555555555555554
3 0.3553125 0.6411111111111111 0.093125 0.2288888888888889
4 0.26125 0.7316666666666667 0.14125 0.22111111111111112
3 0.7446875 0.28888888888888886 0.163125 0.28
0 0.5096875 0.5788888888888889 0.165625 0.29333333333333333
3 0.12625 0.46555555555555556 0.1075 0.25555555555555554
2 0.1084375 0.5066666666666667 0.143125 0.20444444444444446
4 0.2778125 0.7716666666666666 0.186875 0.33
4 0.689375 0.43722222222222223 0.1225 0.2677777777777778
0 0.8346875 0.6261111111111111 0.116875 0.2411111111111111
1 0.570625 0.27055555555555555 0.18125 0.33666666666666667
