0 0.30625 0.6338888888888888 0.14375 0.2633333333333333
0 0.66875 0.7494444444444445 0.13375 0.24333333333333335
1 0.8459375 0.3605555555555556 0.119375 0.21888888888888888
0 0.48125 0.3233333333333333 0.14125 0.2733333333333333
2 0.3196875 0.7866666666666666 0.199375 0.35555555555555557
4 0.6765625 0.48444444444444446 0.151875 0.31333333333333335
3 0.8290625 0.1272222222222222 0.093125 0.23222222222222222
0 0.0953125 0.5605555555555556 0.136875 0.2877777777777778
1 0.3553125 0.4627777777777778 0.153125 0.29444444444444445
1 0.7346875 0.25666666666666665 0.156875 0.28888888888888886
0 0.458125 0.31333333333333335 0.1075 0.2
1 0.685 0.7222222222222222 0.1225 0.22
0 0.8628125 0.26666666666666666 0.178125 0.31777777777777777
4 0.089375 0.5144444444444445 0.12875 0.2088888888888889
3 0.8553125 0.7644444444444445 0.159375 0.3377777777777778
3 0.3778125 0.5122222222222222 0.144375 0.2088888888888889
3 0.5809375 0.34944444444444445 0.080625 0.25666666666666665
3 0.855 0.31722222222222224 0.13625 0.27666666666666667
2 0.6934375 0.6472222222222223 0.189375 0.35888888888888887
1 0.1046875 0.13166666666666665 0.139375 0.1922222222222222
2 0.22944444444444445 0.3675 0.3233333333333333 0.15625
4 0.5844444444444444 0.8578125 0.2866666666666667 0.138125
3 0.3838888888888889 0.585625 0.2588888888888889 0.09375
3 0.7516666666666667 0.130625 0.24555555555555555 0.18125
