4 0.2644444444444444 0.4584375 0.2822222222222222 0.101875
1 0.7411111111111112 0.235625 0.2288888888888889 0.15125
3 0.395 0.1 0.1411111111111111 0.1275
0 0.59 0.8559375 0.25333333333333335 0.131875
4 0.3703125 0.7055555555555556 0.120625 0.21333333333333335
0 0.8590625 0.41833333333333333 0.153125 0.29888888888888887
0 0.6053125 0.2222222222222222 0.118125 0.23555555555555555
4 0.72 0.43722222222222223 0.16625 0.31444444444444447
3 0.5371875 0.5883333333333334 0.105625 0.19444444444444445
0 0.860625 0.19944444444444445 0.14125 0.2588888888888889
4 0.61625 0.41888888888888887 0.1775 0.31777777777777777
2 0.07875 0.44722222222222224 0.145 0.2588888888888889
4 0.2715625 0.3016666666666667 0.144375 0.26555555555555554
4 0.3140625 0.4222222222222222 0.149375 0.23555555555555555
