0 0.2890625 0.5022222222222222 0.130625 0.2822222222222222
4 0.6609375 0.595 0.138125 0.20777777777777778
2 0.4684375 0.7533333333333333 0.120625 0.26222222222222225
4 0.82625 0.35055555555555556 0.1 0.2411111111111111
2 0.30333333333333334 0.6953125 0.24 0.138125
3 0.5155555555555555 0.0790625 0.2288888888888889 0.138125
4 0.18 0.2509375 0.2111111111111111 0.174375
4 0.7344444444444445 0.528125 0.2311111111111111 0.1125
4 0.5961111111111111 0.8328125 0.17222222222222222 0.104375
4 0.3705555555555556 0.3775 0.15666666666666668 0.11875
3 0.0525 0.4222222222222222 0.07125 0.20444444444444446
0 0.8459375 0.6872222222222222 0.146875 0.3411111111111111
2 0.249375 0.5666666666666667 0.16375 0.29555555555555557
2 0.5727777777777778 0.8678125 0.2677777777777778 0.181875
2 0.32666666666666666 0.13 0.15555555555555556 0.12375
1 0.78 0.3978125 0.3022222222222222 0.186875
4 0.21166666666666667 0.60875 0.30333333333333334 0.13625
4 0.4272222222222222 0.3653125 0.33 0.181875
0 0.6588888888888889 0.875 0.2733333333333333 0.1675
1 0.7133333333333334 0.0878125 0.2088888888888889 0.143125
4 0.2922222222222222 0.728125 0.23333333333333334 0.1325
1 0.21222222222222223 0.225 0.24666666666666667 0.16
4 0.7388888888888889 0.555 0.26 0.15
3 0.4061111111111111 0.6946875 0.16555555555555557 0.131875
4 0.5316666666666666 0.388125 0.22555555555555556 0.1125
0 0.23722222222222222 0.09625 0.20555555555555555 0.1225
3 0.6355555555555555 0.8334375 0.2866666666666667 0.115625
3 0.28444444444444444 0.561875 0.3 0.135
4 0.3672222222222222 0.6821875 0.22777777777777777 0.094375
3 0.45555555555555555 0.4146875 0.16444444444444445 0.121875
2 0.7666666666666667 0.2796875 0.3088888888888889 0.133125
