1 0.6177777777777778 0.145 0.23777777777777778 0.175
4 0.45611111111111113 0.2559375 0.15222222222222223 0.106875
3 0.25333333333333335 0.406875 0.2222222222222222 0.1175
0 0.13833333333333334 0.5584375 0.23 0.129375
3 0.385 0.8696875 0.2477777777777778 0.169375
4 0.20444444444444446 0.34875 0.2866666666666667 0.1675
3 0.2311111111111111 0.4528125 0.1622222222222222 0.120625
3 0.37 0.858125 0.26222222222222225 0.16875
1 0.5233333333333333 0.7184375 0.2111111111111111 0.144375
0 0.079375 0.45166666666666666 0.1325 0.2588888888888889
4 0.356875 0.195 0.17375 0.31
0 0.72875 0.5711111111111111 0.145 0.3088888888888889
0 0.5134375 0.755 0.186875 0.29
4 0.646875 0.4583333333333333 0.08625 0.23444444444444446
0 0.1071875 0.5516666666666666 0.129375 0.26555555555555554
1 0.838125 0.1622222222222222 0.105 0.20666666666666667
0 0.6315625 0.41 0.188125 0.3422222222222222
3 0.84 0.16055555555555556 0.09625 0.16333333333333333
4 0.1171875 0.4822222222222222 0.108125 0.28888888888888886
0 0.28555555555555556 0.476875 0.2511111111111111 0.145
1 0.5022222222222222 0.5959375 0.3333333333333333 0.133125
4 0.6477777777777778 0.0946875 0.2733333333333333 0.129375
4 0.18388888888888888 0.723125 0.22333333333333333 0.1375
0 0.7455555555555555 0.3634375 0.2911111111111111 0.168125
