1 0.6283333333333333 0.094375 0.2011111111111111 0.09875
0 0.5838888888888889 0.625 0.27 0.175
1 0.33611111111111114 0.475 0.24555555555555555 0.12125
0 0.2411111111111111 0.854375 0.2111111111111111 0.14125
3 0.4766666666666667 0.2234375 0.2111111111111111 0.110625
4 0.3983333333333333 0.3559375 0.21222222222222223 0.129375
2 0.859375 0.61 0.16125 0.24888888888888888
1 0.3090625 0.23444444444444446 0.148125 0.2111111111111111
3 0.459375 0.38 0.08625 0.2644444444444444
3 0.6621875 0.5133333333333333 0.129375 0.29333333333333333
0 0.3933333333333333 0.47625 0.2822222222222222 0.13625
4 0.6161111111111112 0.3521875 0.17888888888888888 0.139375
3 0.4816666666666667 0.7309375 0.27444444444444444 0.143125
4 0.32 0.250625 0.31777777777777777 0.1875
2 0.22333333333333333 0.878125 0.30666666666666664 0.185
1 0.765 0.6053125 0.2922222222222222 0.143125
4 0.5261111111111111 0.0865625 0.1811111111111111 0.110625
2 0.218125 0.37 0.10125 0.1711111111111111
0 0.1121875 0.335 0.135625 0.2722222222222222
0 0.625 0.7633333333333333 0.1725 0.27111111111111114
4 0.36875 0.6961111111111111 0.155 0.31
4 0.5046875 0.6177777777777778 0.151875 0.25555555555555554
3 0.8590625 0.2511111111111111 0.146875 0.23777777777777778
0 0.0978125 0.6644444444444444 0.136875 0.25333333333333335
3 0.3421875 0.405 0.121875 0.22111111111111112
2 0.7521875 0.58 0.185625 0.24666666666666667
4 0.221875 0.7338888888888889 0.13375 0.22777777777777777
4 0.678125 0.605 0.0825 0.22777777777777777
1 0.4359375 0.39166666666666666 0.169375 0.2633333333333333
1 0.2734375 0.17277777777777778 0.130625 0.28555555555555556
4 0.1346875 0.49444444444444446 0.138125 0.23777777777777778
4 0.864375 0.28555555555555556 0.16875 0.2822222222222222
