3 0.4134375 0.8061111111111111 0.150625 0.3566666666666667
3 0.8403125 0.3738888888888889 0.111875 0.30333333333333334
3 0.1 0.5488888888888889 0.1175 0.24888888888888888
4 0.5440625 0.2427777777777778 0.114375 0.24333333333333335
4 0.395 0.775 0.16625 0.29888888888888887
3 0.486875 0.40166666666666667 0.11125 0.21
2 0.6425 0.49777777777777776 0.18375 0.23777777777777778
1 0.8590625 0.5594444444444444 0.139375 0.19666666666666666
4 0.0990625 0.24388888888888888 0.166875 0.2611111111111111
0 0.8653125 0.7066666666666667 0.156875 0.22
0 0.245625 0.4483333333333333 0.1525 0.2833333333333333
1 0.725625 0.6677777777777778 0.18625 0.33555555555555555
2 0.346875 0.3333333333333333 0.11375 0.2311111111111111
0 0.6146875 0.7855555555555556 0.151875 0.31555555555555553
3 0.7 0.8022222222222222 0.15 0.3488888888888889
3 0.8528125 0.6438888888888888 0.151875 0.24333333333333335
3 0.225625 0.22722222222222221 0.10875 0.2477777777777778
0 0.39 0.5422222222222223 0.135 0.24888888888888888
0 0.5515625 0.3605555555555556 0.155625 0.3055555555555556
4 0.1378125 0.19833333333333333 0.128125 0.22333333333333333
1 0.3053125 0.32222222222222224 0.111875 0.20222222222222222
0 0.4925 0.6105555555555555 0.13375 0.2411111111111111
