0 0.475625 0.15777777777777777 0.1275 0.26
0 0.125 0.5605555555555556 0.125 0.25222222222222224
1 0.2565625 0.2338888888888889 0.151875 0.3233333333333333
1 0.4965625 0.6788888888888889 0.156875 0.30666666666666664
0 0.411875 0.31666666666666665 0.18625 0.2777777777777778
4 0.2190625 0.5972222222222222 0.108125 0.18777777777777777
1 0.060625 0.72 0.09875 0.21555555555555556
0 0.8446875 0.165 0.129375 0.19
4 0.5284375 0.3972222222222222 0.111875 0.22111111111111112
0 0.4633333333333333 0.4634375 0.21777777777777776 0.126875
4 0.7627777777777778 0.8684375 0.33 0.166875
4 0.22777777777777777 0.0846875 0.2311111111111111 0.138125
3 0.5577777777777778 0.6425 0.16444444444444445 0.1
2 0.0903125 0.24666666666666667 0.158125 0.33555555555555555
0 0.6021875 0.39555555555555555 0.154375 0.28
0 0.8496875 0.555 0.134375 0.24555555555555555
1 0.35 0.7394444444444445 0.16375 0.2611111111111111
0 0.843125 0.7238888888888889 0.12125 0.22111111111111112
4 0.0825 0.545 0.12875 0.3388888888888889
0 0.7021875 0.3888888888888889 0.145625 0.26222222222222225
3 0.6521875 0.2927777777777778 0.108125 0.24555555555555555
0 0.4196875 0.16055555555555556 0.191875 0.2788888888888889
1 0.468125 0.5733333333333334 0.11 0.22
4 0.2734375 0.45222222222222225 0.091875 0.27111111111111114
2 0.1315625 0.17888888888888888 0.178125 0.3111111111111111
