4 0.4528125 0.615 0.126875 0.27666666666666667
3 0.8265625 0.3466666666666667 0.104375 0.25333333333333335
1 0.8796875 0.62 0.176875 0.30444444444444446
3 0.7616666666666667 0.8703125 0.27 0.165625
2 0.6294444444444445 0.5521875 0.22333333333333333 0.140625
0 0.30277777777777776 0.703125 0.22333333333333333 0.1375
3 0.17777777777777778 0.2275 0.18888888888888888 0.10125
0 0.42944444444444446 0.40875 0.2588888888888889 0.15875
4 0.5572222222222222 0.11375 0.2966666666666667 0.17875
1 0.598125 0.5222222222222223 0.1475 0.21333333333333335
4 0.8328125 0.41444444444444445 0.103125 0.19555555555555557
0 0.05875 0.6294444444444445 0.095 0.23
4 0.3459375 0.15166666666666667 0.156875 0.2611111111111111
3 0.6755555555555556 0.6140625 0.3 0.155625
4 0.7494444444444445 0.865 0.2811111111111111 0.1775
4 0.3565625 0.3572222222222222 0.138125 0.24333333333333335
4 0.8821875 0.33055555555555555 0.193125 0.25
2 0.47625 0.7333333333333333 0.15875 0.2688888888888889
