4 0.5821875 0.6438888888888888 0.106875 0.25666666666666665
3 0.851875 0.3761111111111111 0.15375 0.2611111111111111
1 0.214375 0.2538888888888889 0.10875 0.19666666666666666
3 0.48875 0.4461111111111111 0.165 0.22111111111111112
2 0.37875 0.7833333333333333 0.19125 0.35333333333333333
2 0.723125 0.565 0.1425 0.2788888888888889
2 0.694375 0.7594444444444445 0.195 0.3188888888888889
3 0.0884375 0.12944444444444445 0.109375 0.20333333333333334
1 0.30625 0.5855555555555556 0.17 0.2577777777777778
0 0.8521875 0.2927777777777778 0.134375 0.24555555555555555
3 0.71 0.0809375 0.22666666666666666 0.110625
3 0.1271875 0.22277777777777777 0.113125 0.2588888888888889
1 0.333125 0.3422222222222222 0.16625 0.2311111111111111
4 0.8665625 0.5122222222222222 0.155625 0.30444444444444446
3 0.670625 0.7416666666666667 0.12375 0.23
2 0.8409375 0.11333333333333333 0.118125 0.21333333333333335
4 0.271875 0.5872222222222222 0.11875 0.22777777777777777
0 0.48125 0.7805555555555556 0.1575 0.30333333333333334
