1 0.355625 0.62 0.1625 0.36444444444444446
1 0.6096875 0.4288888888888889 0.154375 0.3333333333333333
3 0.835625 0.14444444444444443 0.11625 0.23555555555555555
4 0.1565625 0.49333333333333335 0.185625 0.33111111111111113
3 0.2940625 0.7427777777777778 0.104375 0.22555555555555556
2 0.39666666666666667 0.0709375 0.2311111111111111 0.124375
4 0.5422222222222223 0.7075 0.20444444444444446 0.115
4 0.6238888888888889 0.4453125 0.21 0.103125
0 0.3522222222222222 0.2221875 0.3022222222222222 0.170625
0 0.45444444444444443 0.8371875 0.18888888888888888 0.116875
1 0.3634375 0.8005555555555556 0.168125 0.36333333333333334
0 0.09875 0.3838888888888889 0.145 0.22555555555555556
4 0.8409375 0.5388888888888889 0.109375 0.18888888888888888
0 0.5028125 0.7405555555555555 0.146875 0.2811111111111111
0 0.30125 0.4161111111111111 0.10125 0.21222222222222223
2 0.30277777777777776 0.2790625 0.21 0.126875
4 0.17055555555555554 0.4634375 0.21888888888888888 0.124375
2 0.5933333333333334 0.10125 0.24 0.1425
3 0.6709375 0.4855555555555556 0.078125 0.2111111111111111
4 0.8378125 0.18 0.123125 0.26666666666666666
4 0.108125 0.5955555555555555 0.105 0.2088888888888889
0 0.3984375 0.265 0.109375 0.21444444444444444
3 0.271875 0.43 0.145 0.32222222222222224
