3 0.8409375 0.365 0.106875 0.30333333333333334
4 0.473125 0.6172222222222222 0.13125 0.25222222222222224
4 0.296875 0.22444444444444445 0.15875 0.29777777777777775
0 0.0903125 0.7527777777777778 0.125625 0.24555555555555555
4 0.58375 0.6411111111111111 0.10875 0.18888888888888888
4 0.74125 0.43833333333333335 0.1675 0.2722222222222222
3 0.34375 0.3527777777777778 0.1425 0.26555555555555554
1 0.8496875 0.7627777777777778 0.126875 0.2677777777777778
4 0.45111111111111113 0.3096875 0.2733333333333333 0.134375
3 0.6922222222222222 0.1234375 0.19333333333333333 0.121875
0 0.3088888888888889 0.87 0.2688888888888889 0.1725
0 0.08625 0.4127777777777778 0.12625 0.2388888888888889
4 0.6040625 0.6172222222222222 0.159375 0.3211111111111111
0 0.8634375 0.29555555555555557 0.175625 0.33111111111111113
0 0.3446875 0.7561111111111111 0.141875 0.27
4 0.37444444444444447 0.1340625 0.3022222222222222 0.174375
4 0.7216666666666667 0.5896875 0.22333333333333333 0.109375
3 0.13555555555555557 0.37875 0.2088888888888889 0.17625
3 0.12375 0.6144444444444445 0.1075 0.2511111111111111
1 0.3196875 0.4905555555555556 0.143125 0.2588888888888889
1 0.6715625 0.36277777777777775 0.134375 0.2611111111111111
2 0.36944444444444446 0.8521875 0.3055555555555556 0.146875
2 0.4861111111111111 0.3128125 0.33444444444444443 0.188125
