3 0.709375 0.43666666666666665 0.15 0.2733333333333333
3 0.1096875 0.64 0.120625 0.24888888888888888
2 0.3528125 0.7427777777777778 0.151875 0.2411111111111111
3 0.5771875 0.18777777777777777 0.098125 0.20222222222222222
0 0.865625 0.4222222222222222 0.1725 0.31555555555555553
4 0.4305555555555556 0.7021875 0.21222222222222223 0.114375
0 0.2961111111111111 0.885 0.31222222222222223 0.18875
4 0.5838888888888889 0.5609375 0.15 0.123125
3 0.7338888888888889 0.1378125 0.26555555555555554 0.148125
1 0.5627777777777778 0.2721875 0.2922222222222222 0.126875
2 0.3844444444444444 0.41375 0.30444444444444446 0.11875
3 0.565625 0.28 0.15625 0.28888888888888886
0 0.42375 0.6427777777777778 0.17625 0.30777777777777776
1 0.261875 0.48055555555555557 0.15625 0.21888888888888888
4 0.6978125 0.365 0.116875 0.22333333333333333
3 0.093125 0.1411111111111111 0.12125 0.24666666666666667
4 0.8421875 0.7261111111111112 0.101875 0.2388888888888889
4 0.3333333333333333 0.4896875 0.23333333333333334 0.148125
3 0.7355555555555555 0.2996875 0.22666666666666666 0.141875
3 0.5783333333333334 0.6809375 0.18333333333333332 0.158125
1 0.21777777777777776 0.854375 0.27111111111111114 0.13125
0 0.0621875 0.19833333333333333 0.099375 0.19444444444444445
0 0.6728125 0.7405555555555555 0.158125 0.2811111111111111
