1 0.74 0.34875 0.22444444444444445 0.135
3 0.5722222222222222 0.1115625 0.26222222222222225 0.155625
4 0.19 0.8628125 0.24444444444444444 0.173125
4 0.3738888888888889 0.6253125 0.2388888888888889 0.193125
1 0.5303125 0.4161111111111111 0.115625 0.22333333333333333
4 0.3765625 0.5366666666666666 0.121875 0.25333333333333335
1 0.678125 0.31777777777777777 0.0975 0.23777777777777778
2 0.2359375 0.7761111111111111 0.154375 0.31
0 0.8525 0.17944444444444443 0.14375 0.28555555555555556
0 0.565625 0.7566666666666667 0.17625 0.3022222222222222
0 0.0959375 0.5322222222222223 0.145625 0.3088888888888889
0 0.2503125 0.64 0.151875 0.29777777777777775
4 0.7309375 0.23222222222222222 0.188125 0.22
0 0.23625 0.5466666666666666 0.1175 0.24222222222222223
4 0.8446875 0.43444444444444447 0.109375 0.22
0 0.568125 0.6744444444444444 0.16875 0.29555555555555557
1 0.3965625 0.7522222222222222 0.113125 0.24666666666666667
3 0.1053125 0.165 0.130625 0.18555555555555556
1 0.8496875 0.2927777777777778 0.119375 0.21888888888888888
2 0.3228125 0.16833333333333333 0.164375 0.2388888888888889
1 0.665 0.7827777777777778 0.13625 0.33666666666666667
1 0.4403125 0.3711111111111111 0.154375 0.30666666666666664
1 0.8553125 0.6405555555555555 0.130625 0.24333333333333335
1 0.6975 0.7244444444444444 0.1 0.2088888888888889
