1 0.5272222222222223 0.5634375 0.24333333333333335 0.153125
4 0.24666666666666667 0.26875 0.2777777777777778 0.15375
2 0.6616666666666666 0.700625 0.31444444444444447 0.1325
0 0.32555555555555554 0.130625 0.23777777777777778 0.1725
4 0.4166666666666667 0.3978125 0.2222222222222222 0.116875
4 0.855 0.7694444444444445 0.1325 0.30777777777777776
0 0.095625 0.6111111111111112 0.16375 0.3111111111111111
2 0.5921875 0.23222222222222222 0.124375 0.19333333333333333
1 0.690625 0.7505555555555555 0.11875 0.2966666666666667
4 0.4240625 0.4166666666666667 0.154375 0.32
2 0.8878125 0.2877777777777778 0.191875 0.32666666666666666
3 0.3146875 0.5477777777777778 0.118125 0.13111111111111112
4 0.1309375 0.475 0.108125 0.22333333333333333
4 0.5103125 0.7411111111111112 0.151875 0.2777777777777778
4 0.08875 0.21944444444444444 0.15875 0.28555555555555556
3 0.5965625 0.7433333333333333 0.139375 0.24
4 0.3196875 0.3761111111111111 0.103125 0.23444444444444446
4 0.765 0.5075 0.31666666666666665 0.1925
0 0.3333333333333333 0.3415625 0.1511111111111111 0.109375
0 0.14777777777777779 0.8534375 0.21777777777777776 0.145625
4 0.4527777777777778 0.21375 0.2588888888888889 0.1175
0 0.22722222222222221 0.7303125 0.18777777777777777 0.150625
0 0.39055555555555554 0.3628125 0.3233333333333333 0.165625
1 0.7166666666666667 0.48375 0.21555555555555556 0.1575
