4 0.6271875 0.4633333333333333 0.178125 0.3422222222222222
1 0.139375 0.30444444444444446 0.165 0.3422222222222222
4 0.6166666666666667 0.4403125 0.26 0.173125
3 0.7527777777777778 0.8703125 0.31222222222222223 0.170625
0 0.26611111111111113 0.5625 0.21888888888888888 0.13
3 0.4688888888888889 0.876875 0.32666666666666666 0.175
0 0.5916666666666667 0.4984375 0.2722222222222222 0.160625
4 0.7322222222222222 0.685 0.2511111111111111 0.1625
0 0.13666666666666666 0.13625 0.26222222222222225 0.1775
4 0.7365625 0.38666666666666666 0.148125 0.19333333333333333
2 0.4528125 0.6872222222222222 0.079375 0.15888888888888889
4 0.22375 0.555 0.12 0.21222222222222223
4 0.865625 0.25 0.15625 0.23555555555555555
1 0.339375 0.4716666666666667 0.10125 0.20333333333333334
0 0.4815625 0.15944444444444444 0.118125 0.21444444444444444
1 0.596875 0.3622222222222222 0.10875 0.24888888888888888
3 0.1121875 0.46166666666666667 0.100625 0.2611111111111111
3 0.2371875 0.5561111111111111 0.110625 0.26555555555555554
4 0.3759375 0.77 0.148125 0.32
1 0.7038888888888889 0.6575 0.1988888888888889 0.12375
4 0.35555555555555557 0.2953125 0.21555555555555556 0.126875
0 0.6138888888888889 0.4928125 0.25666666666666665 0.158125
0 0.4961111111111111 0.86125 0.2588888888888889 0.16625
4 0.1446875 0.19444444444444445 0.140625 0.22666666666666666
