0 0.556875 0.7433333333333333 0.12375 0.24888888888888888
1 0.1490625 0.6361111111111111 0.141875 0.2633333333333333
4 0.4225 0.39166666666666666 0.13375 0.23222222222222222
2 0.2803125 0.5188888888888888 0.126875 0.2577777777777778
4 0.368125 0.15833333333333333 0.1275 0.2477777777777778
0 0.6309375 0.7622222222222222 0.171875 0.3244444444444444
1 0.135 0.3672222222222222 0.1425 0.29
0 0.26625 0.19277777777777777 0.19625 0.3233333333333333
3 0.395625 0.6355555555555555 0.1525 0.2644444444444444
0 0.5315625 0.4033333333333333 0.121875 0.2733333333333333
1 0.8490625 0.3022222222222222 0.151875 0.30666666666666664
1 0.0715625 0.7355555555555555 0.109375 0.22666666666666666
0 0.585625 0.20277777777777778 0.0825 0.21
3 0.13125 0.5183333333333333 0.15625 0.17
4 0.88625 0.43666666666666665 0.19125 0.3422222222222222
0 0.36 0.7222222222222222 0.1225 0.24
0 0.8453125 0.7466666666666667 0.139375 0.28888888888888886
0 0.4109375 0.38555555555555554 0.153125 0.24444444444444444
4 0.5453125 0.6238888888888889 0.128125 0.27
4 0.3603125 0.6155555555555555 0.161875 0.2222222222222222
1 0.476875 0.36444444444444446 0.1425 0.29555555555555557
4 0.0840625 0.23333333333333334 0.114375 0.22444444444444445
4 0.1203125 0.1738888888888889 0.155625 0.26555555555555554
3 0.4775 0.44222222222222224 0.13875 0.24666666666666667
2 0.8453125 0.3383333333333333 0.143125 0.22333333333333333
0 0.5875 0.6166666666666667 0.115 0.22444444444444445
