0 0.85875 0.2 0.14 0.3
1 0.3615625 0.3527777777777778 0.120625 0.22333333333333333
4 0.0915625 0.6205555555555555 0.160625 0.2833333333333333
3 0.6496875 0.14277777777777778 0.126875 0.16555555555555557
3 0.836875 0.5577777777777778 0.10375 0.22666666666666666
0 0.4790625 0.7894444444444444 0.169375 0.3411111111111111
4 0.141875 0.33166666666666667 0.165 0.2833333333333333
0 0.84375 0.7727777777777778 0.13625 0.31666666666666665
1 0.598125 0.7477777777777778 0.1425 0.26222222222222225
0 0.355625 0.44 0.1725 0.3111111111111111
4 0.070625 0.64 0.1175 0.21333333333333335
2 0.5315625 0.7255555555555555 0.129375 0.24444444444444444
0 0.3828125 0.17944444444444443 0.143125 0.27
4 0.2325 0.5161111111111111 0.15375 0.27444444444444444
0 0.836875 0.37333333333333335 0.11625 0.2111111111111111
1 0.7034375 0.6077777777777778 0.161875 0.23333333333333334
0 0.6116666666666667 0.134375 0.22777777777777777 0.135
0 0.38166666666666665 0.5021875 0.2633333333333333 0.156875
4 0.7327777777777778 0.6490625 0.22111111111111112 0.094375
