4 0.16833333333333333 0.66875 0.22777777777777777 0.1325
1 0.8609375 0.6694444444444444 0.150625 0.2966666666666667
0 0.59625 0.39055555555555554 0.12125 0.21222222222222223
0 0.656875 0.3672222222222222 0.135 0.2388888888888889
1 0.4815625 0.2872222222222222 0.149375 0.31666666666666665
4 0.829375 0.4905555555555556 0.11375 0.24555555555555555
1 0.1071875 0.7155555555555555 0.131875 0.21555555555555556
4 0.0709375 0.53 0.110625 0.20222222222222222
2 0.866875 0.3566666666666667 0.16125 0.2866666666666667
1 0.4734375 0.175 0.139375 0.18777777777777777
4 0.085 0.4638888888888889 0.12625 0.23666666666666666
3 0.829375 0.7466666666666667 0.10875 0.2688888888888889
1 0.3340625 0.6016666666666667 0.139375 0.2833333333333333
3 0.5640625 0.35944444444444446 0.086875 0.1388888888888889
