4 0.3894444444444444 0.69125 0.20555555555555555 0.08875
4 0.49777777777777776 0.839375 0.25555555555555554 0.13125
1 0.2511111111111111 0.228125 0.26222222222222225 0.1725
4 0.31777777777777777 0.3184375 0.2288888888888889 0.100625
1 0.6444444444444445 0.586875 0.21555555555555556 0.1325
2 0.5661111111111111 0.443125 0.22555555555555556 0.0975
4 0.5977777777777777 0.8596875 0.29555555555555557 0.138125
0 0.7377777777777778 0.1015625 0.25333333333333335 0.171875
1 0.8553125 0.6327777777777778 0.158125 0.27
0 0.7175 0.7488888888888889 0.17125 0.2577777777777778
1 0.6155555555555555 0.4803125 0.32222222222222224 0.174375
1 0.605 0.5061111111111111 0.135 0.1811111111111111
0 0.3496875 0.14333333333333334 0.109375 0.22
1 0.1203125 0.74 0.135625 0.2644444444444444
0 0.378125 0.4311111111111111 0.135 0.33555555555555555
0 0.8559375 0.7505555555555555 0.163125 0.2722222222222222
3 0.1553125 0.22722222222222221 0.153125 0.2788888888888889
1 0.5427777777777778 0.864375 0.2611111111111111 0.17125
2 0.3377777777777778 0.5946875 0.22666666666666666 0.129375
2 0.715 0.34125 0.23 0.12
