1 0.849375 0.7188888888888889 0.125 0.22444444444444445
1 0.0690625 0.135 0.121875 0.25666666666666665
4 0.6 0.2834375 0.24444444444444444 0.158125
4 0.185 0.870625 0.25 0.1625
1 0.5494444444444444 0.5721875 0.21444444444444444 0.080625
3 0.7088888888888889 0.088125 0.17777777777777778 0.14125
2 0.7588888888888888 0.141875 0.28444444444444444 0.17375
1 0.15888888888888889 0.26375 0.21333333333333335 0.12875
4 0.25555555555555554 0.56 0.18222222222222223 0.14375
3 0.4633333333333333 0.6940625 0.14666666666666667 0.123125
1 0.6172222222222222 0.8409375 0.22777777777777777 0.126875
1 0.27166666666666667 0.41375 0.24333333333333335 0.145
4 0.13055555555555556 0.1009375 0.18333333333333332 0.113125
4 0.37777777777777777 0.2734375 0.2311111111111111 0.161875
1 0.4988888888888889 0.85875 0.2511111111111111 0.1425
2 0.5955555555555555 0.5471875 0.22 0.114375
0 0.7455555555555555 0.7328125 0.29555555555555557 0.188125
4 0.1415625 0.1638888888888889 0.129375 0.20333333333333334
0 0.274375 0.2822222222222222 0.1625 0.2577777777777778
1 0.849375 0.3933333333333333 0.14625 0.29777777777777775
1 0.38125 0.445 0.1425 0.21666666666666667
