1 0.2784375 0.43722222222222223 0.121875 0.22555555555555556
0 0.10125 0.17722222222222223 0.14875 0.2966666666666667
1 0.6671875 0.32555555555555554 0.136875 0.29777777777777775
3 0.26375 0.6188888888888889 0.1225 0.22444444444444445
1 0.550625 0.32666666666666666 0.12375 0.22444444444444445
4 0.1221875 0.14222222222222222 0.103125 0.20666666666666667
3 0.8390625 0.5411111111111111 0.123125 0.23555555555555555
4 0.6090625 0.35 0.163125 0.25555555555555554
2 0.5915625 0.6644444444444444 0.145625 0.2577777777777778
4 0.1890625 0.435 0.105625 0.2833333333333333
3 0.7084375 0.5894444444444444 0.124375 0.27
4 0.3034375 0.7194444444444444 0.079375 0.20555555555555555
2 0.315 0.5388888888888889 0.1025 0.18444444444444444
3 0.1284375 0.46555555555555556 0.145625 0.25555555555555554
1 0.2971875 0.17222222222222222 0.123125 0.22444444444444445
3 0.476875 0.7266666666666667 0.12125 0.22
