3 0.8140625 0.17055555555555554 0.083125 0.20777777777777778
1 0.1065625 0.5688888888888889 0.193125 0.29777777777777775
4 0.335 0.3811111111111111 0.1425 0.27555555555555555
4 0.2253125 0.4061111111111111 0.100625 0.1922222222222222
1 0.730625 0.7177777777777777 0.125 0.23777777777777778
4 0.353125 0.33666666666666667 0.11 0.24444444444444444
0 0.118125 0.2788888888888889 0.1325 0.32222222222222224
4 0.0765625 0.24222222222222223 0.145625 0.24444444444444444
0 0.3271875 0.565 0.131875 0.25222222222222224
2 0.7127777777777777 0.390625 0.16555555555555557 0.14125
0 0.37 0.6953125 0.15333333333333332 0.126875
3 0.5733333333333334 0.25375 0.33555555555555555 0.17875
3 0.18888888888888888 0.8665625 0.23777777777777778 0.156875
0 0.1003125 0.6077777777777778 0.158125 0.3022222222222222
3 0.29 0.7083333333333334 0.15375 0.20777777777777778
2 0.2771875 0.61 0.150625 0.28
4 0.84875 0.13277777777777777 0.13875 0.23
4 0.6134375 0.7477777777777778 0.166875 0.29777777777777775
3 0.3521875 0.5705555555555556 0.145625 0.33
