4 0.845 0.5727777777777778 0.12125 0.28555555555555556
0 0.3328125 0.3738888888888889 0.108125 0.23666666666666666
1 0.1115625 0.6872222222222222 0.170625 0.3411111111111111
4 0.19722222222222222 0.8515625 0.21888888888888888 0.128125
3 0.7216666666666667 0.231875 0.20333333333333334 0.165
4 0.3844444444444444 0.0853125 0.24 0.126875
4 0.32944444444444443 0.4840625 0.30777777777777776 0.159375
4 0.84125 0.5083333333333333 0.11875 0.1811111111111111
4 0.1303125 0.7655555555555555 0.158125 0.30444444444444446
1 0.4855555555555556 0.4653125 0.2288888888888889 0.101875
4 0.6355555555555555 0.116875 0.29555555555555557 0.1525
2 0.24666666666666667 0.279375 0.22 0.10375
1 0.7172222222222222 0.8621875 0.22333333333333333 0.146875
0 0.2578125 0.4494444444444444 0.144375 0.33666666666666667
1 0.6096875 0.6372222222222222 0.141875 0.21888888888888888
3 0.8184375 0.47944444444444445 0.088125 0.23222222222222222
4 0.125625 0.5633333333333334 0.115 0.23555555555555555
4 0.2871875 0.19277777777777777 0.160625 0.2677777777777778
0 0.4796875 0.6194444444444445 0.160625 0.31666666666666665
4 0.8425 0.29055555555555557 0.11625 0.19666666666666666
2 0.5538888888888889 0.7121875 0.2722222222222222 0.163125
3 0.2311111111111111 0.8475 0.21777777777777776 0.14875
4 0.4727777777777778 0.2934375 0.30777777777777776 0.178125
1 0.3844444444444444 0.5828125 0.3288888888888889 0.188125
3 0.725 0.4346875 0.21888888888888888 0.176875
4 0.655 0.158125 0.27666666666666667 0.19125
