2 0.0909375 0.39444444444444443 0.140625 0.25555555555555554
4 0.3375 0.7344444444444445 0.1275 0.26222222222222225
3 0.858125 0.6238888888888889 0.145 0.2633333333333333
2 0.669375 0.7361111111111112 0.14 0.22777777777777777
3 0.31625 0.4988888888888889 0.17875 0.2733333333333333
4 0.5053125 0.2577777777777778 0.184375 0.3088888888888889
2 0.5894444444444444 0.655625 0.21 0.105
1 0.23333333333333334 0.51125 0.30444444444444446 0.19375
3 0.28 0.4571875 0.2511111111111111 0.124375
4 0.3522222222222222 0.1975 0.2111111111111111 0.1225
1 0.384375 0.5427777777777778 0.13375 0.2922222222222222
4 0.5346875 0.20666666666666667 0.125625 0.25333333333333335
1 0.6853125 0.6172222222222222 0.118125 0.23
4 0.600625 0.1527777777777778 0.1225 0.20555555555555555
3 0.5425 0.20444444444444446 0.12 0.21777777777777776
1 0.4028125 0.6694444444444444 0.131875 0.31222222222222223
1 0.6865625 0.5238888888888888 0.116875 0.23
