0 0.498125 0.2638888888888889 0.135 0.27
0 0.145625 0.7422222222222222 0.14125 0.26
2 0.325 0.5266666666666666 0.145 0.31333333333333335
3 0.7222222222222222 0.864375 0.2111111111111111 0.15
1 0.1361111111111111 0.6075 0.19 0.11
2 0.5477777777777778 0.3640625 0.24666666666666667 0.096875
0 0.32611111111111113 0.1415625 0.18777777777777777 0.125625
3 0.598125 0.2238888888888889 0.10875 0.17666666666666667
0 0.105625 0.5744444444444444 0.09375 0.2222222222222222
2 0.2509375 0.17222222222222222 0.168125 0.31333333333333335
2 0.385625 0.7344444444444445 0.125 0.2311111111111111
2 0.3053125 0.4922222222222222 0.151875 0.31777777777777777
2 0.475625 0.5711111111111111 0.12125 0.2088888888888889
4 0.6790625 0.3461111111111111 0.156875 0.2922222222222222
3 0.5194444444444445 0.16375 0.21 0.1825
3 0.3416666666666667 0.6025 0.22777777777777777 0.1125
4 0.7188888888888889 0.356875 0.23555555555555555 0.095
0 0.2011111111111111 0.866875 0.32 0.1675
4 0.0925 0.26722222222222225 0.14125 0.25
4 0.8290625 0.355 0.105625 0.19666666666666666
2 0.2478125 0.17 0.150625 0.2822222222222222
3 0.5428125 0.6322222222222222 0.136875 0.29333333333333333
