0 0.6894444444444444 0.7290625 0.17888888888888888 0.136875
0 0.5072222222222222 0.3384375 0.3055555555555556 0.129375
4 0.5661111111111111 0.4925 0.2611111111111111 0.17875
4 0.37833333333333335 0.200625 0.21222222222222223 0.11125
4 0.6283333333333333 0.8753125 0.22111111111111112 0.170625
4 0.84125 0.16555555555555557 0.11125 0.22
1 0.276875 0.7311111111111112 0.1225 0.2511111111111111
0 0.580625 0.7755555555555556 0.17375 0.3088888888888889
3 0.39125 0.5216666666666666 0.09375 0.20333333333333334
0 0.1159375 0.2477777777777778 0.138125 0.25555555555555554
0 0.3434375 0.3227777777777778 0.153125 0.27666666666666667
3 0.075625 0.6266666666666667 0.14 0.2088888888888889
2 0.198125 0.2088888888888889 0.12375 0.21555555555555556
1 0.59 0.7377777777777778 0.1225 0.26222222222222225
0 0.5405555555555556 0.8715625 0.3233333333333333 0.184375
3 0.2927777777777778 0.495625 0.3211111111111111 0.18125
2 0.7838888888888889 0.120625 0.31666666666666665 0.17875
4 0.6272222222222222 0.28375 0.25 0.13125
1 0.3771875 0.20444444444444446 0.129375 0.20444444444444446
1 0.626875 0.7477777777777778 0.16 0.2911111111111111
3 0.8465625 0.5105555555555555 0.130625 0.15
4 0.42055555555555557 0.20375 0.23 0.1225
4 0.33 0.7390625 0.25333333333333335 0.156875
3 0.09111111111111111 0.3415625 0.18222222222222223 0.139375
1 0.5211111111111111 0.0734375 0.2288888888888889 0.120625
1 0.6433333333333333 0.8715625 0.2688888888888889 0.161875
