3 0.71125 0.5572222222222222 0.095 0.2877777777777778
2 0.3859375 0.65 0.178125 0.2822222222222222
4 0.344375 0.7372222222222222 0.13625 0.22555555555555556
0 0.7046875 0.3983333333333333 0.119375 0.25666666666666665
0 0.185 0.7055555555555556 0.11 0.21333333333333335
0 0.0975 0.34833333333333333 0.1925 0.3211111111111111
4 0.848125 0.57 0.12875 0.2733333333333333
3 0.5525 0.4444444444444444 0.105 0.22
2 0.1265625 0.18055555555555555 0.175625 0.3433333333333333
3 0.278125 0.24722222222222223 0.11 0.16777777777777778
4 0.5690625 0.17055555555555554 0.183125 0.31
0 0.0896875 0.38166666666666665 0.124375 0.2588888888888889
4 0.834375 0.5822222222222222 0.1125 0.18666666666666668
4 0.2515625 0.5133333333333333 0.148125 0.2866666666666667
3 0.413125 0.26666666666666666 0.17125 0.26666666666666666
0 0.701875 0.735 0.14875 0.2544444444444444
4 0.6261111111111111 0.0725 0.2011111111111111 0.11375
0 0.29333333333333333 0.4890625 0.2688888888888889 0.183125
1 0.7277777777777777 0.34 0.22 0.14
0 0.1761111111111111 0.20875 0.21666666666666667 0.1325
4 0.46055555555555555 0.7084375 0.23666666666666666 0.111875
1 0.5583333333333333 0.5996875 0.2477777777777778 0.149375
