2 0.4196875 0.5561111111111111 0.146875 0.25666666666666665
3 0.8384375 0.2427777777777778 0.121875 0.21222222222222223
4 0.5578125 0.36777777777777776 0.135625 0.2688888888888889
0 0.3611111111111111 0.8621875 0.29777777777777775 0.175625
4 0.7072222222222222 0.3509375 0.1988888888888889 0.148125
0 0.18055555555555555 0.60875 0.3322222222222222 0.16625
4 0.5294444444444445 0.095625 0.2388888888888889 0.135
4 0.84125 0.4211111111111111 0.12125 0.19555555555555557
3 0.463125 0.29833333333333334 0.09625 0.23
4 0.65875 0.16666666666666666 0.1225 0.24666666666666667
3 0.109375 0.7327777777777778 0.12 0.2588888888888889
3 0.4015625 0.5227777777777778 0.110625 0.27
3 0.56125 0.7772222222222223 0.13625 0.29444444444444445
3 0.85125 0.39944444444444444 0.12875 0.26555555555555554
4 0.55375 0.375 0.1125 0.21444444444444444
3 0.696875 0.25666666666666665 0.10875 0.21777777777777776
1 0.1190625 0.5244444444444445 0.113125 0.2733333333333333
3 0.16166666666666665 0.51125 0.2677777777777778 0.1775
0 0.7022222222222222 0.30125 0.15333333333333332 0.1125
0 0.63 0.8696875 0.3088888888888889 0.185625
0 0.5640625 0.7816666666666666 0.151875 0.30777777777777776
0 0.2665625 0.2822222222222222 0.158125 0.31333333333333335
4 0.10125 0.08277777777777778 0.1275 0.16555555555555557
2 0.865 0.38055555555555554 0.15125 0.2588888888888889
