1 0.6909375 0.5616666666666666 0.140625 0.31444444444444447
4 0.8634375 0.345 0.179375 0.2788888888888889
1 0.07 0.42333333333333334 0.12125 0.23777777777777778
2 0.3753125 0.21222222222222223 0.120625 0.2111111111111111
1 0.24 0.635 0.15625 0.2633333333333333
4 0.19111111111111112 0.10375 0.2311111111111111 0.11125
4 0.4790625 0.21388888888888888 0.135625 0.2966666666666667
0 0.681875 0.6316666666666667 0.165 0.3277777777777778
1 0.6215625 0.6527777777777778 0.153125 0.2633333333333333
1 0.14 0.27 0.175 0.31555555555555553
0 0.3765625 0.5877777777777777 0.155625 0.3377777777777778
0 0.854375 0.4633333333333333 0.12625 0.29333333333333333
3 0.4871875 0.735 0.130625 0.22111111111111112
4 0.32166666666666666 0.7009375 0.2677777777777778 0.145625
4 0.48444444444444446 0.23375 0.18666666666666668 0.1175
4 0.6094444444444445 0.85125 0.23222222222222222 0.14375
4 0.405 0.3984375 0.23 0.144375
3 0.4071875 0.355 0.175625 0.3011111111111111
3 0.225 0.4261111111111111 0.1175 0.2411111111111111
1 0.8596875 0.25277777777777777 0.159375 0.3433333333333333
3 0.5846875 0.7744444444444445 0.099375 0.29777777777777775
