4 0.47944444444444445 0.709375 0.21222222222222223 0.1275
1 0.7027777777777777 0.846875 0.19666666666666666 0.11
4 0.275 0.2865625 0.26555555555555554 0.155625
1 0.35444444444444445 0.1175 0.19333333333333333 0.10875
3 0.06 0.6072222222222222 0.0925 0.22777777777777777
3 0.641875 0.7255555555555555 0.08875 0.22444444444444445
4 0.5109375 0.49944444444444447 0.168125 0.32555555555555554
2 0.603125 0.6577777777777778 0.12 0.25555555555555554
2 0.85625 0.18666666666666668 0.15875 0.28
4 0.7103125 0.5572222222222222 0.100625 0.2477777777777778
4 0.8628125 0.36833333333333335 0.156875 0.2388888888888889
0 0.1065625 0.5905555555555555 0.175625 0.3055555555555556
2 0.2840625 0.6311111111111111 0.158125 0.3288888888888889
4 0.84125 0.17333333333333334 0.13625 0.21555555555555556
4 0.10125 0.3433333333333333 0.17 0.28888888888888886
0 0.38875 0.45111111111111113 0.18875 0.32222222222222224
2 0.118125 0.24055555555555555 0.125 0.21666666666666667
