2 0.36777777777777776 0.3628125 0.23555555555555555 0.134375
3 0.5666666666666667 0.133125 0.2733333333333333 0.17
1 0.7027777777777777 0.6028125 0.18555555555555556 0.118125
3 0.3634375 0.38 0.169375 0.2911111111111111
0 0.2396875 0.4861111111111111 0.169375 0.3188888888888889
2 0.585 0.6061111111111112 0.1175 0.19
0 0.4796875 0.2927777777777778 0.154375 0.3011111111111111
1 0.8315625 0.5383333333333333 0.115625 0.2388888888888889
4 0.3375 0.4111111111111111 0.1225 0.24444444444444444
1 0.6040625 0.5516666666666666 0.140625 0.21444444444444444
1 0.8553125 0.7488888888888889 0.144375 0.28888888888888886
0 0.355 0.5044444444444445 0.16 0.29777777777777775
1 0.718125 0.31055555555555553 0.125 0.2411111111111111
3 0.0915625 0.2633333333333333 0.140625 0.3111111111111111
0 0.2290625 0.6827777777777778 0.161875 0.3233333333333333
0 0.4671875 0.55 0.130625 0.2222222222222222
4 0.62 0.4122222222222222 0.1825 0.2777777777777778
0 0.8275 0.6211111111111111 0.10875 0.21777777777777776
3 0.7338888888888889 0.6915625 0.23 0.119375
2 0.6233333333333333 0.8759375 0.24 0.184375
4 0.49944444444444447 0.391875 0.22333333333333333 0.12625
1 0.288125 0.4255555555555556 0.16875 0.2777777777777778
2 0.5815625 0.23333333333333334 0.173125 0.3377777777777778
1 0.4175 0.5255555555555556 0.13625 0.25333333333333335
1 0.8675 0.6611111111111111 0.1625 0.3022222222222222
