4 0.3383333333333333 0.265625 0.21222222222222223 0.13
4 0.235 0.8409375 0.2611111111111111 0.111875
4 0.5794444444444444 0.6403125 0.18333333333333332 0.100625
4 0.39222222222222225 0.146875 0.27111111111111114 0.15625
4 0.5505555555555556 0.6228125 0.24555555555555555 0.148125
2 0.22666666666666666 0.3890625 0.2822222222222222 0.160625
0 0.0725 0.37722222222222224 0.125 0.23
1 0.3578125 0.20277777777777778 0.176875 0.23444444444444446
4 0.258125 0.67 0.1725 0.33555555555555555
4 0.7075 0.3288888888888889 0.14875 0.3111111111111111
4 0.385 0.5016666666666667 0.11875 0.21888888888888888
0 0.08125 0.18666666666666668 0.12625 0.24444444444444444
4 0.38625 0.2722222222222222 0.16875 0.2866666666666667
4 0.8546875 0.7522222222222222 0.133125 0.2777777777777778
2 0.6221875 0.43166666666666664 0.154375 0.2833333333333333
1 0.08125 0.2644444444444444 0.1075 0.20444444444444446
0 0.838125 0.4122222222222222 0.11625 0.18888888888888888
1 0.46125 0.7383333333333333 0.115 0.21888888888888888
1 0.735 0.2371875 0.2588888888888889 0.163125
0 0.5655555555555556 0.693125 0.3 0.145
