4 0.3596875 0.5594444444444444 0.136875 0.24555555555555555
0 0.8425 0.17555555555555555 0.1325 0.22444444444444445
4 0.5790625 0.73 0.109375 0.21777777777777776
3 0.0696875 0.49166666666666664 0.114375 0.12777777777777777
1 0.743125 0.48833333333333334 0.18125 0.31444444444444447
0 0.22 0.29555555555555557 0.16 0.31555555555555553
0 0.340625 0.19833333333333333 0.145 0.31444444444444447
1 0.3840625 0.2811111111111111 0.150625 0.28
4 0.8884375 0.6305555555555555 0.196875 0.33
4 0.1159375 0.73 0.095625 0.20222222222222222
4 0.841875 0.7044444444444444 0.1175 0.19333333333333333
0 0.374375 0.17944444444444443 0.16 0.28555555555555556
3 0.37875 0.26666666666666666 0.1575 0.29777777777777775
4 0.6403125 0.7505555555555555 0.203125 0.3011111111111111
1 0.2509375 0.35777777777777775 0.140625 0.16
0 0.8471875 0.6594444444444445 0.139375 0.2811111111111111
3 0.48 0.5772222222222222 0.12125 0.27666666666666667
1 0.8628125 0.6394444444444445 0.146875 0.33666666666666667
1 0.29125 0.17777777777777778 0.14125 0.26
3 0.4146875 0.3827777777777778 0.121875 0.22777777777777777
0 0.878125 0.3388888888888889 0.19875 0.36444444444444446
1 0.56875 0.19611111111111112 0.1475 0.30333333333333334
4 0.2709375 0.505 0.118125 0.2477777777777778
