4 0.4575 0.7338888888888889 0.115 0.21444444444444444
3 0.3321875 0.6761111111111111 0.118125 0.2633333333333333
0 0.85625 0.3488888888888889 0.1525 0.26666666666666666
3 0.6009375 0.2611111111111111 0.149375 0.25333333333333335
0 0.7328125 0.455 0.159375 0.31444444444444447
0 0.705 0.7188888888888889 0.13125 0.2311111111111111
0 0.2946875 0.6327777777777778 0.178125 0.27666666666666667
0 0.1228125 0.2777777777777778 0.123125 0.21555555555555556
4 0.55625 0.48055555555555557 0.1225 0.18777777777777777
4 0.85625 0.2288888888888889 0.13375 0.24888888888888888
1 0.1121875 0.27555555555555555 0.149375 0.2866666666666667
2 0.4121875 0.7238888888888889 0.151875 0.21888888888888888
0 0.5684375 0.16 0.164375 0.29555555555555557
4 0.273125 0.5244444444444445 0.1725 0.3022222222222222
1 0.119375 0.4811111111111111 0.14125 0.28444444444444444
2 0.4703125 0.7344444444444445 0.101875 0.21333333333333335
4 0.21944444444444444 0.8621875 0.2388888888888889 0.144375
0 0.74625 0.7711111111111111 0.165 0.30666666666666664
4 0.240625 0.5488888888888889 0.09375 0.24444444444444444
4 0.849375 0.6488888888888888 0.13625 0.25333333333333335
2 0.4971875 0.36666666666666664 0.136875 0.26222222222222225
3 0.5903125 0.15055555555555555 0.088125 0.21222222222222223
