4 0.5596875 0.6466666666666666 0.161875 0.3111111111111111
1 0.700625 0.3877777777777778 0.135 0.28444444444444444
3 0.370625 0.09555555555555556 0.0925 0.19111111111111112
1 0.2209375 0.2222222222222222 0.101875 0.2
0 0.8521875 0.4866666666666667 0.128125 0.23777777777777778
4 0.063125 0.20222222222222222 0.12125 0.18
4 0.61 0.6038888888888889 0.18375 0.3277777777777778
3 0.1253125 0.5138888888888888 0.155625 0.21
0 0.3746875 0.16944444444444445 0.160625 0.29888888888888887
0 0.6040625 0.32722222222222225 0.125625 0.22555555555555556
1 0.5483333333333333 0.08625 0.25222222222222224 0.17
4 0.3433333333333333 0.716875 0.22 0.14
4 0.42 0.198125 0.18444444444444444 0.13625
3 0.6728125 0.13944444444444445 0.086875 0.20555555555555555
1 0.8553125 0.6077777777777778 0.141875 0.23333333333333334
4 0.36625 0.35555555555555557 0.0925 0.18444444444444444
1 0.2559375 0.5077777777777778 0.181875 0.26
1 0.296875 0.285 0.10875 0.22555555555555556
0 0.8478125 0.7216666666666667 0.145625 0.23666666666666666
4 0.6759375 0.15388888888888888 0.156875 0.25
4 0.5405555555555556 0.86 0.21666666666666667 0.155
0 0.20833333333333334 0.3496875 0.2722222222222222 0.156875
