0 0.53 0.095625 0.22444444444444445 0.1375
4 0.32555555555555554 0.5875 0.22444444444444445 0.1275
2 0.0840625 0.5777777777777777 0.115625 0.26
4 0.605 0.23444444444444446 0.16125 0.2311111111111111
0 0.47333333333333333 0.160625 0.2822222222222222 0.1625
4 0.30722222222222223 0.6696875 0.21888888888888888 0.125625
0 0.7227777777777777 0.3403125 0.24333333333333335 0.170625
4 0.5744444444444444 0.8478125 0.21555555555555556 0.129375
1 0.21388888888888888 0.5128125 0.3011111111111111 0.163125
2 0.61625 0.7455555555555555 0.14375 0.28
1 0.84 0.39611111111111114 0.11875 0.22777777777777777
1 0.6971875 0.26166666666666666 0.156875 0.25
0 0.2240625 0.11722222222222223 0.136875 0.20555555555555555
4 0.058125 0.48444444444444446 0.11375 0.20666666666666667
4 0.8615625 0.6388888888888888 0.175625 0.27111111111111114
1 0.1465625 0.6388888888888888 0.151875 0.2777777777777778
0 0.689375 0.7172222222222222 0.0925 0.23666666666666666
3 0.69625 0.20055555555555554 0.11375 0.2677777777777778
4 0.4121875 0.7183333333333334 0.146875 0.23
4 0.5678125 0.5472222222222223 0.156875 0.3188888888888889
0 0.100625 0.31722222222222224 0.12375 0.2877777777777778
