0 0.483125 0.3327777777777778 0.17875 0.3188888888888889
3 0.8625 0.6044444444444445 0.1525 0.2911111111111111
4 0.71875 0.24888888888888888 0.11 0.20666666666666667
2 0.0771875 0.3655555555555556 0.108125 0.26
4 0.2134375 0.17277777777777778 0.124375 0.23444444444444446
3 0.335 0.7155555555555555 0.11125 0.23555555555555555
3 0.8396875 0.6177777777777778 0.095625 0.2222222222222222
0 0.873125 0.28944444444444445 0.1625 0.3055555555555556
3 0.40875 0.355 0.11125 0.20777777777777778
3 0.2671875 0.4866666666666667 0.120625 0.24222222222222223
0 0.7209375 0.7394444444444445 0.150625 0.2877777777777778
4 0.8728125 0.7733333333333333 0.166875 0.31333333333333335
2 0.3453125 0.35777777777777775 0.106875 0.21555555555555556
0 0.113125 0.5722222222222222 0.14 0.2777777777777778
4 0.594375 0.2061111111111111 0.1075 0.27666666666666667
3 0.1578125 0.3377777777777778 0.160625 0.25555555555555554
1 0.5911111111111111 0.1434375 0.26 0.160625
1 0.27055555555555555 0.37625 0.29444444444444445 0.1525
4 0.54375 0.7244444444444444 0.135 0.24888888888888888
4 0.410625 0.37722222222222224 0.1775 0.31
3 0.0765625 0.2644444444444444 0.128125 0.2733333333333333
