3 0.8571875 0.2822222222222222 0.136875 0.3
4 0.3496875 0.5727777777777778 0.110625 0.22555555555555556
0 0.109375 0.5755555555555556 0.12875 0.24444444444444444
2 0.5984375 0.23333333333333334 0.133125 0.2577777777777778
0 0.7196875 0.6733333333333333 0.131875 0.2644444444444444
1 0.471875 0.3983333333333333 0.12375 0.2388888888888889
1 0.458125 0.7505555555555555 0.1325 0.2788888888888889
1 0.27875 0.545 0.165 0.3611111111111111
4 0.835625 0.2411111111111111 0.10625 0.24666666666666667
4 0.0515625 0.335 0.100625 0.18777777777777777
1 0.63375 0.5883333333333334 0.09375 0.2011111111111111
4 0.5465625 0.6344444444444445 0.133125 0.2688888888888889
3 0.0990625 0.19111111111111112 0.124375 0.21333333333333335
2 0.7109375 0.5227777777777778 0.165625 0.2544444444444444
3 0.4059375 0.45444444444444443 0.146875 0.3244444444444444
4 0.246875 0.3038888888888889 0.125 0.23222222222222222
4 0.8684375 0.5055555555555555 0.169375 0.2688888888888889
0 0.4771875 0.3616666666666667 0.123125 0.22333333333333333
4 0.2915625 0.27055555555555555 0.119375 0.2811111111111111
4 0.65125 0.5911111111111111 0.10375 0.2
2 0.5390625 0.5227777777777778 0.134375 0.3011111111111111
1 0.230625 0.6344444444444445 0.1325 0.28
3 0.6734375 0.23333333333333334 0.095625 0.2111111111111111
1 0.7266666666666667 0.485625 0.22 0.13
1 0.6272222222222222 0.218125 0.20777777777777778 0.0775
4 0.40555555555555556 0.8778125 0.3244444444444444 0.190625
4 0.19555555555555557 0.615 0.2777777777777778 0.1475
4 0.4172222222222222 0.1175 0.16111111111111112 0.1175
0 0.5666666666666667 0.744375 0.2733333333333333 0.165
