0 0.5009375 0.305 0.160625 0.2588888888888889
0 0.30875 0.5861111111111111 0.14 0.2611111111111111
0 0.1178125 0.4222222222222222 0.121875 0.21333333333333335
4 0.6590625 0.18055555555555555 0.113125 0.29
1 0.7159375 0.5233333333333333 0.126875 0.18888888888888888
0 0.5934375 0.30722222222222223 0.133125 0.2677777777777778
0 0.2928125 0.7516666666666667 0.149375 0.29
2 0.1065625 0.44722222222222224 0.149375 0.2877777777777778
4 0.6725 0.5538888888888889 0.16375 0.1988888888888889
1 0.83125 0.12055555555555555 0.1075 0.2388888888888889
0 0.25125 0.25277777777777777 0.1675 0.2966666666666667
0 0.0675 0.65 0.10875 0.2822222222222222
4 0.5209375 0.5227777777777778 0.088125 0.23
0 0.3834375 0.40166666666666667 0.121875 0.19
4 0.6840625 0.7166666666666667 0.104375 0.21333333333333335
4 0.5772222222222222 0.260625 0.3233333333333333 0.1475
1 0.6566666666666666 0.12125 0.2777777777777778 0.1675
3 0.0690625 0.3211111111111111 0.091875 0.2088888888888889
3 0.6690625 0.6144444444444445 0.075625 0.18888888888888888
4 0.566875 0.2538888888888889 0.175 0.27666666666666667
0 0.3909375 0.43555555555555553 0.128125 0.23555555555555555
2 0.8584375 0.7483333333333333 0.149375 0.2544444444444444
0 0.84375 0.7416666666666667 0.115 0.24555555555555555
0 0.6759375 0.295 0.144375 0.27444444444444444
3 0.4665625 0.5861111111111111 0.090625 0.24333333333333335
2 0.1228125 0.12 0.131875 0.2311111111111111
