0 0.6434375 0.22833333333333333 0.106875 0.21888888888888888
2 0.4653125 0.5044444444444445 0.123125 0.26
2 0.84 0.6322222222222222 0.1275 0.26
4 0.2740625 0.36 0.113125 0.22666666666666666
1 0.0978125 0.7872222222222223 0.131875 0.31444444444444447
1 0.304375 0.13277777777777777 0.12875 0.18555555555555556
0 0.36 0.30833333333333335 0.11375 0.1988888888888889
4 0.14125 0.5577777777777778 0.15625 0.28
0 0.849375 0.10111111111111111 0.1325 0.20222222222222222
3 0.6209375 0.7661111111111111 0.155625 0.2788888888888889
1 0.2209375 0.6966666666666667 0.161875 0.3333333333333333
1 0.0834375 0.3655555555555556 0.143125 0.3333333333333333
1 0.8478125 0.7216666666666667 0.128125 0.21666666666666667
1 0.5634375 0.35888888888888887 0.074375 0.15333333333333332
2 0.43166666666666664 0.1184375 0.2477777777777778 0.133125
1 0.5066666666666667 0.3584375 0.19333333333333333 0.125625
1 0.3427777777777778 0.859375 0.27444444444444444 0.1525
4 0.7016666666666667 0.7303125 0.17222222222222222 0.138125
2 0.2728125 0.2772222222222222 0.138125 0.21666666666666667
0 0.0915625 0.7744444444444445 0.163125 0.28888888888888886
4 0.4675 0.43555555555555553 0.13875 0.22666666666666666
2 0.4540625 0.22111111111111112 0.111875 0.2222222222222222
0 0.28375 0.5 0.1575 0.2644444444444444
0 0.1040625 0.3788888888888889 0.183125 0.28
