1 0.5403125 0.5166666666666667 0.136875 0.24222222222222223
4 0.23125 0.7416666666666667 0.13375 0.24333333333333335
3 0.6815625 0.7577777777777778 0.168125 0.27555555555555555
1 0.3 0.07722222222222222 0.12 0.13666666666666666
0 0.8403125 0.295 0.128125 0.2677777777777778
1 0.6171875 0.36333333333333334 0.161875 0.3288888888888889
0 0.8590625 0.5633333333333334 0.159375 0.3288888888888889
4 0.256875 0.7161111111111111 0.125 0.23444444444444446
3 0.8253125 0.5155555555555555 0.101875 0.30666666666666664
4 0.0603125 0.2288888888888889 0.118125 0.20444444444444446
0 0.6684375 0.6438888888888888 0.175625 0.3277777777777778
2 0.859375 0.15 0.14375 0.26222222222222225
3 0.541875 0.6011111111111112 0.12875 0.23333333333333334
1 0.296875 0.64 0.1725 0.24888888888888888
1 0.830625 0.5061111111111111 0.11 0.19444444444444445
2 0.418125 0.3022222222222222 0.1325 0.2111111111111111
1 0.538125 0.6244444444444445 0.115 0.2111111111111111
