4 0.5890625 0.22666666666666666 0.095625 0.2288888888888889
4 0.50125 0.45166666666666666 0.16375 0.2877777777777778
4 0.1428125 0.595 0.168125 0.25222222222222224
1 0.8509375 0.44555555555555554 0.144375 0.26
1 0.6646875 0.11444444444444445 0.131875 0.21333333333333335
4 0.2525 0.14222222222222222 0.115 0.21777777777777776
1 0.3996875 0.6372222222222222 0.119375 0.2788888888888889
0 0.56375 0.30944444444444447 0.15875 0.3211111111111111
4 0.11125 0.49666666666666665 0.12125 0.2311111111111111
4 0.36444444444444446 0.7025 0.22666666666666666 0.14375
2 0.12166666666666667 0.5328125 0.22111111111111112 0.115625
2 0.6133333333333333 0.1096875 0.24444444444444444 0.200625
0 0.4765625 0.3861111111111111 0.173125 0.3211111111111111
0 0.8646875 0.2827777777777778 0.173125 0.30333333333333334
3 0.32 0.645 0.11875 0.2722222222222222
0 0.2140625 0.485 0.165625 0.33
3 0.5959375 0.19722222222222222 0.153125 0.3211111111111111
0 0.4990625 0.6272222222222222 0.184375 0.2922222222222222
3 0.85125 0.3705555555555556 0.12125 0.27
2 0.8465625 0.22277777777777777 0.125625 0.1811111111111111
4 0.35375 0.5627777777777778 0.09625 0.24333333333333335
0 0.2625 0.6694444444444444 0.1525 0.30333333333333334
4 0.1490625 0.41555555555555557 0.164375 0.2577777777777778
0 0.5959375 0.7005555555555556 0.103125 0.21
0 0.7521875 0.5316666666666666 0.176875 0.33666666666666667
