0 0.070625 0.56 0.12375 0.24888888888888888
4 0.35375 0.33 0.16875 0.3288888888888889
4 0.4896875 0.24055555555555555 0.180625 0.3277777777777778
3 0.7403125 0.485 0.160625 0.2788888888888889
4 0.4971875 0.16833333333333333 0.165625 0.28555555555555556
4 0.3065625 0.76 0.145625 0.28444444444444444
4 0.875 0.3277777777777778 0.19875 0.3088888888888889
3 0.6696875 0.24166666666666667 0.134375 0.21
4 0.305 0.6438888888888888 0.14875 0.2811111111111111
4 0.086875 0.17944444444444443 0.15 0.19666666666666666
1 0.6840625 0.37555555555555553 0.196875 0.33111111111111113
1 0.3525 0.5605555555555556 0.18125 0.31666666666666665
3 0.585 0.7377777777777778 0.13625 0.2822222222222222
4 0.26375 0.285 0.1775 0.31444444444444447
4 0.8359375 0.305 0.108125 0.19
3 0.4790625 0.6805555555555556 0.123125 0.2833333333333333
3 0.355625 0.7716666666666666 0.1525 0.30333333333333334
