3 0.1384375 0.265 0.144375 0.25222222222222224
4 0.8640625 0.42944444444444446 0.156875 0.2588888888888889
3 0.596875 0.15722222222222224 0.12875 0.17444444444444446
3 0.1096875 0.7077777777777777 0.101875 0.22444444444444445
4 0.60375 0.3527777777777778 0.125 0.29
0 0.136875 0.44 0.15875 0.29333333333333333
4 0.2421875 0.3738888888888889 0.126875 0.3211111111111111
1 0.6159375 0.6055555555555555 0.145625 0.30444444444444446
4 0.08625 0.2761111111111111 0.14875 0.29444444444444445
1 0.864375 0.15722222222222224 0.16375 0.3055555555555556
0 0.143125 0.7466666666666667 0.16125 0.27111111111111114
4 0.860625 0.27111111111111114 0.1675 0.28444444444444444
2 0.0809375 0.43166666666666664 0.159375 0.2833333333333333
4 0.3115625 0.5388888888888889 0.104375 0.17333333333333334
