1 0.6115625 0.7933333333333333 0.164375 0.3333333333333333
4 0.221875 0.19333333333333333 0.1475 0.29333333333333333
4 0.3609375 0.6811111111111111 0.171875 0.3022222222222222
1 0.3615625 0.18944444444444444 0.165625 0.3433333333333333
0 0.864375 0.37666666666666665 0.16375 0.32666666666666666
2 0.0728125 0.5622222222222222 0.126875 0.2688888888888889
3 0.309375 0.13111111111111112 0.085 0.21555555555555556
4 0.7388888888888889 0.299375 0.28444444444444444 0.1725
0 0.41444444444444445 0.45875 0.20666666666666667 0.10625
1 0.3005555555555556 0.8746875 0.26555555555555554 0.169375
2 0.17055555555555554 0.1084375 0.29 0.174375
4 0.7346875 0.4527777777777778 0.133125 0.2388888888888889
3 0.235625 0.33944444444444444 0.1175 0.19444444444444445
0 0.87125 0.6672222222222223 0.16 0.30333333333333334
