4 0.46 0.7233333333333334 0.11125 0.22
4 0.08875 0.3738888888888889 0.12375 0.2477777777777778
1 0.35944444444444446 0.380625 0.29444444444444445 0.17375
2 0.5094444444444445 0.6996875 0.20333333333333334 0.094375
1 0.7061111111111111 0.110625 0.20555555555555555 0.11125
0 0.15222222222222223 0.61125 0.27111111111111114 0.15625
1 0.7309375 0.48388888888888887 0.148125 0.2877777777777778
3 0.5196875 0.76 0.091875 0.2644444444444444
4 0.8328125 0.6255555555555555 0.105625 0.19555555555555557
3 0.3884375 0.2511111111111111 0.135625 0.24444444444444444
0 0.0746875 0.17277777777777778 0.135625 0.2722222222222222
3 0.3253125 0.5561111111111111 0.125625 0.27444444444444444
4 0.83625 0.3572222222222222 0.1225 0.2588888888888889
1 0.6934375 0.7711111111111111 0.201875 0.28888888888888886
1 0.8471875 0.43555555555555553 0.135625 0.23333333333333334
1 0.1196875 0.14944444444444444 0.174375 0.27666666666666667
1 0.4559375 0.2722222222222222 0.100625 0.21555555555555556
0 0.343125 0.5427777777777778 0.12 0.20777777777777778
0 0.6078125 0.2411111111111111 0.141875 0.26
1 0.865625 0.7577777777777778 0.15 0.3088888888888889
