1 0.7666666666666667 0.5728125 0.29333333333333333 0.184375
2 0.3328125 0.16055555555555556 0.109375 0.2877777777777778
4 0.6109375 0.5633333333333334 0.153125 0.2866666666666667
4 0.1065625 0.7861111111111111 0.169375 0.3277777777777778
1 0.5205555555555555 0.3590625 0.23 0.150625
4 0.3038888888888889 0.5934375 0.17666666666666667 0.124375
3 0.6816666666666666 0.095625 0.17 0.11875
3 0.1388888888888889 0.84875 0.22666666666666666 0.14
4 0.0771875 0.6505555555555556 0.135625 0.2611111111111111
4 0.2253125 0.4288888888888889 0.125625 0.24
3 0.855 0.5333333333333333 0.16 0.23777777777777778
4 0.67875 0.24222222222222223 0.11375 0.28888888888888886
1 0.5203125 0.7294444444444445 0.103125 0.20777777777777778
3 0.8546875 0.5633333333333334 0.141875 0.1511111111111111
4 0.1490625 0.49166666666666664 0.149375 0.2922222222222222
2 0.32625 0.35777777777777775 0.15 0.3088888888888889
4 0.6634375 0.7372222222222222 0.114375 0.21444444444444444
4 0.8546875 0.7433333333333333 0.140625 0.28
1 0.131875 0.19333333333333333 0.11 0.25555555555555554
4 0.5255555555555556 0.1515625 0.23777777777777778 0.156875
2 0.45055555555555554 0.3071875 0.29 0.186875
4 0.23555555555555555 0.846875 0.26222222222222225 0.14125
