2 0.5996875 0.22722222222222221 0.144375 0.2411111111111111
2 0.3609375 0.3422222222222222 0.188125 0.3
3 0.4434375 0.5538888888888889 0.091875 0.20555555555555555
2 0.7378125 0.7516666666666667 0.160625 0.2544444444444444
3 0.82125 0.6033333333333334 0.08125 0.24666666666666667
1 0.468125 0.4538888888888889 0.10375 0.2411111111111111
3 0.314375 0.1688888888888889 0.16125 0.2577777777777778
4 0.130625 0.43722222222222223 0.13875 0.27
1 0.5659375 0.7805555555555556 0.143125 0.31
1 0.3925 0.2088888888888889 0.085 0.24444444444444444
3 0.071875 0.22111111111111112 0.085 0.21555555555555556
1 0.8528125 0.6388888888888888 0.124375 0.2511111111111111
1 0.7190625 0.42 0.110625 0.21333333333333335
0 0.606875 0.5233333333333333 0.14 0.22
0 0.45055555555555554 0.275625 0.1988888888888889 0.125
0 0.6033333333333334 0.4625 0.24444444444444444 0.1175
2 0.7305555555555555 0.6759375 0.23666666666666666 0.163125
3 0.22166666666666668 0.118125 0.2611111111111111 0.19
1 0.0621875 0.2 0.116875 0.19111111111111112
2 0.3590625 0.7833333333333333 0.186875 0.3377777777777778
2 0.093125 0.3672222222222222 0.1675 0.3477777777777778
1 0.2253125 0.18388888888888888 0.123125 0.18555555555555556
3 0.698125 0.5311111111111111 0.1425 0.26222222222222225
