3 0.104375 0.6977777777777778 0.11625 0.3288888888888889
2 0.4809375 0.29944444444444446 0.126875 0.21888888888888888
0 0.856875 0.5766666666666667 0.13625 0.2577777777777778
4 0.744375 0.405 0.15875 0.2588888888888889
0 0.371875 0.25555555555555554 0.15625 0.3022222222222222
2 0.3088888888888889 0.7196875 0.32 0.163125
4 0.4716666666666667 0.2578125 0.18555555555555556 0.139375
0 0.6505555555555556 0.870625 0.31222222222222223 0.165
0 0.355 0.25166666666666665 0.17125 0.2966666666666667
2 0.1125 0.44 0.195 0.3333333333333333
3 0.6096875 0.7788888888888889 0.170625 0.33111111111111113
0 0.145 0.384375 0.20333333333333334 0.125
1 0.4288888888888889 0.5628125 0.3244444444444444 0.178125
1 0.29 0.6971875 0.27111111111111114 0.143125
2 0.605 0.1028125 0.22777777777777777 0.169375
0 0.48944444444444446 0.23 0.22111111111111112 0.12
4 0.850625 0.19611111111111112 0.12125 0.23222222222222222
4 0.618125 0.5527777777777778 0.145 0.2388888888888889
0 0.365625 0.7422222222222222 0.1275 0.26222222222222225
0 0.566875 0.5794444444444444 0.1675 0.3055555555555556
1 0.1190625 0.395 0.150625 0.3433333333333333
4 0.709375 0.2761111111111111 0.16 0.30777777777777776
1 0.2659375 0.475 0.151875 0.3011111111111111
1 0.1290625 0.21222222222222223 0.136875 0.2644444444444444
0 0.859375 0.7522222222222222 0.15625 0.3111111111111111
3 0.366875 0.5822222222222222 0.1325 0.31555555555555553
