4 0.8240625 0.3422222222222222 0.096875 0.19333333333333333
0 0.360625 0.7477777777777778 0.1425 0.26
2 0.5953125 0.5944444444444444 0.125625 0.32666666666666666
4 0.863125 0.7466666666666667 0.1425 0.25333333333333335
1 0.38375 0.42277777777777775 0.14375 0.2633333333333333
1 0.3371875 0.7216666666666667 0.123125 0.2388888888888889
0 0.845625 0.3977777777777778 0.12625 0.2688888888888889
0 0.5038888888888889 0.3553125 0.2788888888888889 0.163125
0 0.5683333333333334 0.4884375 0.2477777777777778 0.170625
0 0.41444444444444445 0.096875 0.26 0.16375
0 0.31333333333333335 0.86125 0.21777777777777776 0.14
3 0.6694444444444444 0.743125 0.29 0.1625
2 0.123125 0.12666666666666668 0.115 0.20222222222222222
0 0.834375 0.5838888888888889 0.1175 0.25
3 0.6478125 0.2677777777777778 0.099375 0.19555555555555557
1 0.5096875 0.6666666666666666 0.168125 0.28444444444444444
4 0.6028125 0.7261111111111112 0.118125 0.22111111111111112
3 0.845625 0.20444444444444446 0.12875 0.2688888888888889
3 0.34 0.58125 0.14 0.11125
2 0.7261111111111112 0.3321875 0.23 0.139375
3 0.17444444444444446 0.0684375 0.14888888888888888 0.136875
