4 0.240625 0.43 0.11875 0.2311111111111111
2 0.72 0.15 0.12125 0.24444444444444444
3 0.3590625 0.2922222222222222 0.116875 0.14666666666666667
0 0.12125 0.7283333333333334 0.11875 0.25222222222222224
0 0.87125 0.5744444444444444 0.18375 0.3288888888888889
4 0.4990625 0.5333333333333333 0.155625 0.3511111111111111
4 0.72 0.375 0.1225 0.20777777777777778
4 0.358125 0.6577777777777778 0.11125 0.2511111111111111
0 0.86625 0.24833333333333332 0.1775 0.30333333333333334
3 0.5927777777777777 0.0690625 0.2611111111111111 0.133125
4 0.10777777777777778 0.6409375 0.17333333333333334 0.110625
1 0.275 0.4390625 0.21444444444444444 0.095625
1 0.4161111111111111 0.26625 0.2011111111111111 0.13875
3 0.6259375 0.5216666666666666 0.154375 0.21222222222222223
4 0.36875 0.74 0.12 0.28
1 0.1346875 0.35 0.131875 0.23777777777777778
4 0.1922222222222222 0.280625 0.29777777777777775 0.1825
1 0.45444444444444443 0.641875 0.2577777777777778 0.185
4 0.6927777777777778 0.3725 0.17 0.12625
4 0.3827777777777778 0.7565625 0.30333333333333334 0.174375
0 0.2833333333333333 0.515625 0.29333333333333333 0.1725
4 0.5816666666666667 0.3275 0.24333333333333335 0.155
2 0.10166666666666667 0.4971875 0.19444444444444445 0.136875
4 0.46111111111111114 0.694375 0.30666666666666664 0.17375
2 0.265 0.8490625 0.21888888888888888 0.125625
0 0.7533333333333333 0.14375 0.2822222222222222 0.145
4 0.289375 0.6377777777777778 0.15625 0.29777777777777775
4 0.651875 0.37166666666666665 0.11875 0.23666666666666666
0 0.865 0.26222222222222225 0.16375 0.2511111111111111
