3 0.0990625 0.3138888888888889 0.081875 0.19
4 0.4990625 0.735 0.151875 0.2633333333333333
4 0.3253125 0.6033333333333334 0.169375 0.2577777777777778
3 0.6021875 0.21055555555555555 0.116875 0.26555555555555554
3 0.1334375 0.6833333333333333 0.121875 0.13777777777777778
1 0.8478125 0.5816666666666667 0.136875 0.2922222222222222
4 0.6878125 0.7227777777777777 0.099375 0.24555555555555555
4 0.414375 0.24388888888888888 0.155 0.2477777777777778
2 0.5484375 0.44 0.121875 0.2577777777777778
1 0.1103125 0.3844444444444444 0.148125 0.3377777777777778
1 0.1938888888888889 0.11375 0.3277777777777778 0.19375
2 0.7833333333333333 0.6071875 0.31777777777777777 0.160625
0 0.39166666666666666 0.3584375 0.3277777777777778 0.173125
3 0.3322222222222222 0.5890625 0.20222222222222222 0.100625
4 0.7411111111111112 0.868125 0.24666666666666667 0.16375
0 0.15833333333333333 0.3709375 0.2388888888888889 0.159375
0 0.5416666666666666 0.1090625 0.23444444444444446 0.130625
3 0.1071875 0.2861111111111111 0.160625 0.2811111111111111
0 0.6159375 0.7044444444444444 0.164375 0.34444444444444444
1 0.358125 0.5183333333333333 0.15625 0.35888888888888887
1 0.2246875 0.78 0.143125 0.3022222222222222
1 0.7340625 0.5844444444444444 0.146875 0.29777777777777775
0 0.8621875 0.755 0.163125 0.30333333333333334
