0 0.86 0.3638888888888889 0.16875 0.30333333333333334
3 0.669375 0.4811111111111111 0.1675 0.27111111111111114
3 0.4478125 0.21833333333333332 0.104375 0.2788888888888889
0 0.0903125 0.6277777777777778 0.149375 0.29777777777777775
0 0.27875 0.7488888888888889 0.14625 0.2733333333333333
4 0.33875 0.53 0.09 0.24222222222222223
4 0.141875 0.37222222222222223 0.18 0.30666666666666664
1 0.6071875 0.7122222222222222 0.143125 0.22666666666666666
4 0.8403125 0.1361111111111111 0.125625 0.21444444444444444
3 0.7138888888888889 0.0765625 0.22333333333333333 0.124375
1 0.24666666666666667 0.3584375 0.30444444444444446 0.173125
4 0.5555555555555556 0.8640625 0.24666666666666667 0.153125
3 0.4246875 0.4022222222222222 0.158125 0.25555555555555554
2 0.2784375 0.28444444444444444 0.149375 0.2511111111111111
0 0.1396875 0.745 0.155625 0.24333333333333335
4 0.700625 0.5105555555555555 0.14125 0.2388888888888889
0 0.0671875 0.48833333333333334 0.133125 0.2677777777777778
4 0.6503125 0.7333333333333333 0.120625 0.21777777777777776
4 0.8725 0.18166666666666667 0.175 0.3011111111111111
0 0.4228125 0.5377777777777778 0.170625 0.33111111111111113
2 0.725 0.6627777777777778 0.17875 0.35444444444444445
4 0.4305555555555556 0.6040625 0.30333333333333334 0.154375
0 0.45944444444444443 0.223125 0.19 0.135
0 0.6083333333333333 0.3765625 0.31666666666666665 0.194375
1 0.23555555555555555 0.85125 0.25555555555555554 0.15375
0 0.3466666666666667 0.1171875 0.30666666666666664 0.170625
0 0.7272222222222222 0.4671875 0.21222222222222223 0.128125
