3 0.1190625 0.6 0.114375 0.19555555555555557
0 0.26625 0.7616666666666667 0.17 0.3188888888888889
0 0.723125 0.13 0.12875 0.25333333333333335
0 0.6103125 0.44055555555555553 0.141875 0.27666666666666667
0 0.8703125 0.745 0.188125 0.28555555555555556
3 0.59125 0.4288888888888889 0.14625 0.32
4 0.656875 0.3472222222222222 0.10875 0.20777777777777778
0 0.105625 0.6105555555555555 0.13375 0.23444444444444446
4 0.8653125 0.49833333333333335 0.149375 0.2588888888888889
4 0.4946875 0.7472222222222222 0.160625 0.25666666666666665
1 0.3728125 0.5711111111111111 0.134375 0.2911111111111111
4 0.1340625 0.3383333333333333 0.125625 0.20333333333333334
2 0.85625 0.26 0.165 0.2866666666666667
1 0.5925 0.4 0.13375 0.23555555555555555
3 0.07875 0.6366666666666667 0.09875 0.2111111111111111
3 0.735625 0.5061111111111111 0.1725 0.2811111111111111
3 0.6434375 0.13722222222222222 0.100625 0.2388888888888889
4 0.1375 0.615 0.18125 0.3188888888888889
3 0.511875 0.7294444444444445 0.08 0.23444444444444446
0 0.081875 0.16166666666666665 0.12375 0.22555555555555556
0 0.855 0.4361111111111111 0.16375 0.32555555555555554
1 0.2425 0.6327777777777778 0.14375 0.2677777777777778
3 0.37875 0.5383333333333333 0.115 0.30333333333333334
