0 0.4778125 0.21611111111111111 0.131875 0.2477777777777778
3 0.085625 0.5027777777777778 0.10125 0.2877777777777778
3 0.6603125 0.7472222222222222 0.120625 0.2411111111111111
4 0.871875 0.6466666666666666 0.16625 0.3088888888888889
0 0.2775 0.34055555555555556 0.10875 0.23
3 0.5809375 0.5155555555555555 0.078125 0.2111111111111111
2 0.82375 0.10388888888888889 0.09125 0.20777777777777778
0 0.0840625 0.39444444444444443 0.120625 0.17777777777777778
4 0.5621875 0.3566666666666667 0.179375 0.31555555555555553
0 0.4766666666666667 0.851875 0.21333333333333335 0.13875
0 0.7255555555555555 0.7071875 0.24222222222222223 0.133125
1 0.3655555555555556 0.13 0.22666666666666666 0.11125
0 0.25277777777777777 0.4284375 0.23444444444444446 0.141875
0 0.3740625 0.4911111111111111 0.164375 0.32666666666666666
2 0.6121875 0.7533333333333333 0.145625 0.28
1 0.8403125 0.6244444444444445 0.105625 0.21333333333333335
0 0.7434375 0.3738888888888889 0.160625 0.2833333333333333
3 0.4609375 0.5188888888888888 0.090625 0.19333333333333333
0 0.854375 0.29055555555555557 0.15125 0.3011111111111111
0 0.1353125 0.5838888888888889 0.116875 0.23666666666666666
0 0.7555555555555555 0.8546875 0.2733333333333333 0.125625
4 0.5261111111111111 0.0890625 0.22555555555555556 0.121875
0 0.16111111111111112 0.380625 0.31333333333333335 0.19625
0 0.31722222222222224 0.60375 0.21666666666666667 0.13375
