4 0.64375 0.4583333333333333 0.1225 0.2633333333333333
4 0.4621875 0.775 0.140625 0.29444444444444445
1 0.28125 0.6227777777777778 0.16625 0.31
3 0.8425 0.16055555555555556 0.1075 0.18555555555555556
4 0.455625 0.30666666666666664 0.12125 0.2111111111111111
1 0.6578125 0.7555555555555555 0.131875 0.30666666666666664
3 0.09125 0.15666666666666668 0.13 0.2577777777777778
1 0.5846875 0.32555555555555554 0.099375 0.2111111111111111
4 0.5809375 0.5527777777777778 0.091875 0.24555555555555555
4 0.0996875 0.17277777777777778 0.126875 0.2411111111111111
4 0.6509375 0.20166666666666666 0.125625 0.2877777777777778
2 0.680625 0.6255555555555555 0.1175 0.20444444444444446
1 0.0746875 0.5611111111111111 0.144375 0.27111111111111114
1 0.845 0.4672222222222222 0.13625 0.2811111111111111
3 0.3784375 0.1938888888888889 0.133125 0.12555555555555556
0 0.499375 0.6388888888888888 0.17625 0.33111111111111113
1 0.095625 0.7327777777777778 0.1 0.27444444444444444
