0 0.8553125 0.21944444444444444 0.159375 0.30333333333333334
1 0.2877777777777778 0.1221875 0.3111111111111111 0.193125
0 0.7166666666666667 0.34875 0.22 0.1425
1 0.6388888888888888 0.4715625 0.22444444444444445 0.135625
1 0.27875 0.7338888888888889 0.1075 0.2477777777777778
4 0.6484375 0.4633333333333333 0.096875 0.20222222222222222
3 0.4815625 0.6038888888888889 0.138125 0.23666666666666666
0 0.854375 0.22055555555555556 0.1325 0.21
1 0.724375 0.6372222222222222 0.13 0.2544444444444444
1 0.5134375 0.385 0.183125 0.31
4 0.128125 0.7194444444444444 0.125 0.23
1 0.8625 0.3016666666666667 0.16875 0.33
0 0.2903125 0.13944444444444445 0.103125 0.21
0 0.8609375 0.7538888888888889 0.139375 0.26555555555555554
1 0.114375 0.595 0.11875 0.2411111111111111
1 0.4784375 0.42388888888888887 0.110625 0.1922222222222222
1 0.6646875 0.2861111111111111 0.115625 0.21
2 0.8615625 0.76 0.156875 0.2866666666666667
2 0.2590625 0.64 0.146875 0.28
3 0.4059375 0.5427777777777778 0.141875 0.31666666666666665
3 0.700625 0.4088888888888889 0.13375 0.2822222222222222
0 0.099375 0.25055555555555553 0.125 0.19666666666666666
4 0.3015625 0.7877777777777778 0.170625 0.32
4 0.661875 0.6094444444444445 0.12375 0.22555555555555556
4 0.106875 0.21722222222222223 0.165 0.22555555555555556
