3 0.486875 0.22777777777777777 0.135 0.18444444444444444
0 0.125625 0.6566666666666666 0.145 0.3088888888888889
0 0.2809375 0.6911111111111111 0.089375 0.13111111111111112
3 0.23375 0.6288888888888889 0.13 0.26666666666666666
1 0.7221875 0.35833333333333334 0.183125 0.3388888888888889
3 0.31166666666666665 0.2815625 0.2477777777777778 0.128125
3 0.4288888888888889 0.114375 0.19777777777777777 0.16625
1 0.48388888888888887 0.4903125 0.20777777777777778 0.133125
3 0.22277777777777777 0.296875 0.16777777777777778 0.09875
4 0.68125 0.34055555555555556 0.175 0.3211111111111111
4 0.7315625 0.4738888888888889 0.153125 0.33
4 0.3321875 0.7238888888888889 0.138125 0.23444444444444446
2 0.20875 0.17444444444444446 0.1525 0.3244444444444444
4 0.579375 0.615 0.11 0.21666666666666667
3 0.475 0.5672222222222222 0.1625 0.3188888888888889
4 0.8403125 0.28555555555555556 0.109375 0.3488888888888889
