3 0.474375 0.43166666666666664 0.10875 0.18333333333333332
4 0.6553125 0.21777777777777776 0.114375 0.2733333333333333
0 0.329375 0.7683333333333333 0.175 0.33666666666666667
0 0.8509375 0.6127777777777778 0.148125 0.28555555555555556
2 0.12055555555555555 0.469375 0.2411111111111111 0.125
4 0.5466666666666666 0.8490625 0.2577777777777778 0.123125
1 0.21944444444444444 0.23125 0.23 0.15625
1 0.6394444444444445 0.7378125 0.23444444444444446 0.154375
0 0.6621875 0.34444444444444444 0.146875 0.2777777777777778
4 0.0728125 0.58 0.141875 0.2111111111111111
3 0.270625 0.51 0.14625 0.34
1 0.8521875 0.5861111111111111 0.156875 0.3277777777777778
4 0.621875 0.3827777777777778 0.17875 0.3011111111111111
3 0.3646875 0.13444444444444445 0.146875 0.18444444444444444
0 0.856875 0.5233333333333333 0.15875 0.29555555555555557
4 0.69625 0.6244444444444445 0.1375 0.27111111111111114
0 0.2415625 0.15166666666666667 0.126875 0.22777777777777777
0 0.476875 0.5822222222222222 0.15875 0.23555555555555555
1 0.2765625 0.18777777777777777 0.134375 0.24666666666666667
0 0.34375 0.43166666666666664 0.14625 0.30333333333333334
4 0.06625 0.5555555555555556 0.1025 0.2288888888888889
2 0.62125 0.7705555555555555 0.19 0.33444444444444443
2 0.8771875 0.28888888888888886 0.190625 0.34
