3 0.1103125 0.7694444444444445 0.173125 0.33444444444444443
4 0.3525 0.5716666666666667 0.14875 0.3011111111111111
3 0.61 0.3794444444444444 0.155 0.2788888888888889
3 0.6565625 0.7205555555555555 0.131875 0.22111111111111112
1 0.26625 0.6433333333333333 0.12625 0.30666666666666664
3 0.4753125 0.29444444444444445 0.156875 0.3288888888888889
3 0.274375 0.6538888888888889 0.1375 0.28555555555555556
3 0.63 0.2727777777777778 0.09125 0.21
0 0.0834375 0.16 0.148125 0.2866666666666667
1 0.84375 0.45555555555555555 0.135 0.27111111111111114
4 0.11375 0.7316666666666667 0.14125 0.2588888888888889
1 0.5925 0.34555555555555556 0.11125 0.19111111111111112
0 0.3396875 0.5311111111111111 0.099375 0.2111111111111111
1 0.875625 0.7538888888888889 0.1675 0.27
4 0.1071875 0.47944444444444445 0.164375 0.29444444444444445
3 0.6959375 0.3511111111111111 0.115625 0.2288888888888889
1 0.4677777777777778 0.1428125 0.25333333333333335 0.171875
3 0.7194444444444444 0.666875 0.22333333333333333 0.14
2 0.3522222222222222 0.3203125 0.28888888888888886 0.166875
0 0.23444444444444446 0.51 0.32 0.18625
