0 0.0653125 0.6422222222222222 0.123125 0.23777777777777778
0 0.2496875 0.7783333333333333 0.181875 0.31
0 0.3878125 0.2594444444444444 0.146875 0.2722222222222222
3 0.5334375 0.36 0.126875 0.2733333333333333
3 0.1196875 0.4672222222222222 0.130625 0.22777777777777777
2 0.13777777777777778 0.39 0.2511111111111111 0.1575
2 0.35 0.6090625 0.2644444444444444 0.128125
2 0.8061111111111111 0.8634375 0.3522222222222222 0.169375
0 0.5288888888888889 0.16 0.2111111111111111 0.165
4 0.2834375 0.7394444444444445 0.165625 0.27444444444444444
0 0.4465625 0.14555555555555555 0.100625 0.23333333333333334
1 0.6796875 0.625 0.175625 0.3322222222222222
1 0.4975 0.75 0.1725 0.28888888888888886
1 0.3603125 0.4872222222222222 0.151875 0.29444444444444445
1 0.2309375 0.5588888888888889 0.145625 0.26222222222222225
4 0.6059375 0.19833333333333333 0.136875 0.2477777777777778
4 0.7527777777777778 0.144375 0.2722222222222222 0.16125
4 0.5955555555555555 0.851875 0.21333333333333335 0.135
0 0.28055555555555556 0.32 0.3433333333333333 0.1525
1 0.59 0.7003125 0.19777777777777777 0.151875
1 0.22333333333333333 0.383125 0.3111111111111111 0.1375
0 0.4716666666666667 0.06875 0.17222222222222222 0.12875
