2 0.5422222222222223 0.5575 0.2733333333333333 0.1325
0 0.4311111111111111 0.411875 0.2511111111111111 0.13875
3 0.6088888888888889 0.7040625 0.20666666666666667 0.128125
4 0.3409375 0.43 0.180625 0.35555555555555557
1 0.4746875 0.24388888888888888 0.096875 0.23444444444444446
4 0.856875 0.77 0.1575 0.2822222222222222
4 0.7046875 0.6422222222222222 0.108125 0.23777777777777778
3 0.59 0.7566666666666667 0.13625 0.2733333333333333
3 0.2278125 0.4677777777777778 0.186875 0.27555555555555555
1 0.3509375 0.19166666666666668 0.174375 0.3011111111111111
3 0.071875 0.385 0.1325 0.30333333333333334
4 0.2803125 0.5061111111111111 0.169375 0.31444444444444447
4 0.8678125 0.7455555555555555 0.163125 0.2688888888888889
3 0.5140625 0.24833333333333332 0.164375 0.3233333333333333
2 0.714375 0.37277777777777776 0.0925 0.22333333333333333
3 0.17777777777777778 0.84375 0.14888888888888888 0.12375
3 0.39166666666666666 0.2384375 0.17 0.110625
1 0.6588888888888889 0.6340625 0.3 0.183125
4 0.49166666666666664 0.126875 0.16777777777777778 0.12625
4 0.08625 0.39611111111111114 0.1675 0.29888888888888887
1 0.49125 0.5861111111111111 0.19 0.29888888888888887
1 0.605 0.7661111111111111 0.155 0.2788888888888889
2 0.20625 0.21333333333333335 0.145 0.3111111111111111
0 0.3490625 0.7627777777777778 0.153125 0.29888888888888887
1 0.4778125 0.5611111111111111 0.154375 0.2911111111111111
0 0.735625 0.4722222222222222 0.16 0.3088888888888889
