0 0.0846875 0.1661111111111111 0.160625 0.3188888888888889
1 0.3290625 0.33111111111111113 0.138125 0.25555555555555554
4 0.6021875 0.5477777777777778 0.171875 0.29555555555555557
3 0.8325 0.7144444444444444 0.12 0.23333333333333334
0 0.391875 0.7711111111111111 0.1875 0.31777777777777777
3 0.6 0.5311111111111111 0.11 0.22
0 0.8696875 0.1938888888888889 0.155625 0.31
4 0.12375 0.4027777777777778 0.19125 0.3322222222222222
3 0.874375 0.7616666666666667 0.16625 0.3211111111111111
0 0.6421875 0.7605555555555555 0.191875 0.31666666666666665
1 0.8815625 0.6072222222222222 0.185625 0.35
1 0.3878125 0.2461111111111111 0.168125 0.30777777777777776
3 0.7 0.6525 0.2 0.135
1 0.6044444444444445 0.1071875 0.24888888888888888 0.175625
0 0.38333333333333336 0.10375 0.30666666666666664 0.16125
2 0.116875 0.5133333333333333 0.1125 0.2688888888888889
3 0.86625 0.6122222222222222 0.15 0.24888888888888888
3 0.709375 0.155 0.12875 0.20333333333333334
0 0.5825 0.41388888888888886 0.1675 0.2877777777777778
