4 0.571875 0.6388888888888888 0.18 0.2688888888888889
1 0.7175 0.31333333333333335 0.17375 0.3377777777777778
0 0.4003125 0.17666666666666667 0.134375 0.30444444444444446
3 0.0875 0.5233333333333333 0.1175 0.23555555555555555
1 0.864375 0.14944444444444444 0.15625 0.2877777777777778
1 0.3475 0.7077777777777777 0.1325 0.20444444444444446
0 0.3909375 0.6744444444444444 0.179375 0.31333333333333335
3 0.5059375 0.595 0.165625 0.3211111111111111
4 0.2434375 0.31166666666666665 0.128125 0.2544444444444444
0 0.1153125 0.34944444444444445 0.113125 0.24333333333333335
4 0.2790625 0.27555555555555555 0.149375 0.28
4 0.7071875 0.6416666666666667 0.128125 0.2677777777777778
4 0.87 0.5433333333333333 0.16125 0.2577777777777778
4 0.7205555555555555 0.0828125 0.2477777777777778 0.138125
1 0.5622222222222222 0.5896875 0.23555555555555555 0.116875
0 0.4033333333333333 0.3284375 0.2222222222222222 0.111875
4 0.28888888888888886 0.88375 0.29777777777777775 0.18625
3 0.26375 0.7527777777777778 0.1225 0.25222222222222224
88
2 0.101875 0.7366666666666667 0.15125 0.26666666666666666
2 0.668125 0.5988888888888889 0.1475 0.24222222222222223
1 0.8325 0.30277777777777776 0.08375 0.2411111111111111
8
2 0.0728125 0.15222222222222223 0.131875 0.23555555555555555
