0 0.363125 0.7416666666666667 0.14375 0.2388888888888889
0 0.5965625 0.31722222222222224 0.121875 0.20333333333333334
3 0.8271875 0.58 0.109375 0.23777777777777778
4 0.12 0.7333333333333333 0.12875 0.24888888888888888
0 0.5540625 0.7488888888888889 0.149375 0.2688888888888889
0 0.408125 0.6616666666666666 0.15125 0.3055555555555556
3 0.841875 0.2838888888888889 0.13875 0.1811111111111111
3 0.6784375 0.20555555555555555 0.105625 0.23333333333333334
3 0.0840625 0.5122222222222222 0.088125 0.21777777777777776
4 0.2621875 0.4583333333333333 0.151875 0.3188888888888889
4 0.85 0.5533333333333333 0.14 0.26
2 0.341875 0.7466666666666667 0.12875 0.27555555555555555
3 0.595 0.19166666666666668 0.1325 0.27666666666666667
0 0.334375 0.22277777777777777 0.1 0.2722222222222222
2 0.63 0.5194444444444445 0.19875 0.35444444444444445
2 0.246875 0.6605555555555556 0.17125 0.29444444444444445
2 0.713125 0.7161111111111111 0.11875 0.23444444444444446
3 0.483125 0.3277777777777778 0.15125 0.31333333333333335
4 0.1 0.5572222222222222 0.12375 0.2588888888888889
0 0.840625 0.39 0.1275 0.26666666666666666
1 0.6040625 0.6183333333333333 0.156875 0.3388888888888889
1 0.8565625 0.2127777777777778 0.143125 0.23444444444444446
4 0.7327777777777778 0.8484375 0.22333333333333333 0.118125
0 0.0915625 0.4272222222222222 0.169375 0.31
4 0.3988888888888889 0.0934375 0.21333333333333335 0.135625
3 0.21 0.71375 0.2733333333333333 0.155
1 0.6683333333333333 0.266875 0.31444444444444447 0.1775
