0 0.2853125 0.6472222222222223 0.153125 0.31444444444444447
0 0.6975 0.7305555555555555 0.12625 0.25222222222222224
4 0.5775 0.1527777777777778 0.17 0.2388888888888889
0 0.2311111111111111 0.325 0.21333333333333335 0.14375
1 0.6155555555555555 0.8615625 0.2288888888888889 0.155625
4 0.3522222222222222 0.67 0.20444444444444446 0.12625
3 0.71 0.4778125 0.16444444444444445 0.095625
4 0.41875 0.5433333333333333 0.14375 0.32222222222222224
3 0.8596875 0.41944444444444445 0.166875 0.31
3 0.6803125 0.735 0.094375 0.23222222222222222
4 0.5575 0.12777777777777777 0.135 0.19777777777777777
3 0.8396875 0.5333333333333333 0.126875 0.22444444444444445
0 0.1084375 0.145 0.125625 0.22111111111111112
1 0.5925 0.7383333333333333 0.12 0.2477777777777778
0 0.3484375 0.3327777777777778 0.119375 0.21
1 0.10944444444444444 0.8428125 0.15 0.105625
3 0.41555555555555557 0.4721875 0.16666666666666666 0.144375
2 0.5988888888888889 0.6246875 0.33555555555555555 0.189375
2 0.6816666666666666 0.2378125 0.30333333333333334 0.195625
0 0.3575 0.4722222222222222 0.135 0.27555555555555555
4 0.094375 0.2611111111111111 0.105 0.22666666666666666
4 0.87375 0.6911111111111111 0.175 0.3422222222222222
1 0.2265625 0.7638888888888888 0.121875 0.3011111111111111
4 0.72 0.17666666666666667 0.11625 0.24222222222222223
4 0.62125 0.39611111111111114 0.16625 0.31
4 0.719375 0.2872222222222222 0.1525 0.3388888888888889
3 0.1365625 0.6355555555555555 0.146875 0.2644444444444444
0 0.8590625 0.7533333333333333 0.140625 0.30666666666666664
2 0.5815625 0.31722222222222224 0.166875 0.20777777777777778
4 0.4234375 0.5338888888888889 0.140625 0.2544444444444444
