1 0.8528125 0.5611111111111111 0.151875 0.3
2 0.07625 0.7011111111111111 0.135 0.19333333333333333
2 0.64125 0.28055555555555556 0.07625 0.2011111111111111
1 0.288125 0.45166666666666666 0.1175 0.25222222222222224
0 0.4834375 0.5911111111111111 0.134375 0.24
1 0.86375 0.7383333333333333 0.1475 0.24333333333333335
1 0.38166666666666665 0.72375 0.2388888888888889 0.1625
4 0.11222222222222222 0.119375 0.17555555555555555 0.0975
1 0.63 0.88 0.26 0.18875
0 0.73 0.640625 0.2688888888888889 0.18
4 0.32555555555555554 0.37 0.2577777777777778 0.11
4 0.5177777777777778 0.7484375 0.32222222222222224 0.160625
4 0.6461111111111111 0.1565625 0.2611111111111111 0.154375
3 0.6853125 0.3877777777777778 0.118125 0.24444444444444444
2 0.8475 0.7522222222222222 0.14125 0.25555555555555554
2 0.0946875 0.24055555555555555 0.136875 0.19
2 0.5477777777777778 0.8421875 0.24 0.106875
3 0.7555555555555555 0.385 0.30444444444444446 0.16375
0 0.3877777777777778 0.1440625 0.27111111111111114 0.166875
1 0.845625 0.5994444444444444 0.12 0.2544444444444444
4 0.3021875 0.32055555555555554 0.146875 0.23444444444444446
1 0.1028125 0.7211111111111111 0.118125 0.2288888888888889
