0 0.3844444444444444 0.86625 0.31555555555555553 0.18375
0 0.6472222222222223 0.4721875 0.2388888888888889 0.125625
1 0.5672222222222222 0.2384375 0.2788888888888889 0.144375
1 0.2061111111111111 0.36875 0.35888888888888887 0.16125
1 0.27666666666666667 0.7428125 0.3 0.180625
3 0.20875 0.4072222222222222 0.15 0.22111111111111112
2 0.4796875 0.2816666666666667 0.169375 0.29888888888888887
3 0.69875 0.7288888888888889 0.085 0.20666666666666667
4 0.8496875 0.5738888888888889 0.124375 0.22555555555555556
4 0.6138888888888889 0.5565625 0.24555555555555555 0.108125
3 0.69 0.150625 0.1711111111111111 0.15125
2 0.375 0.835625 0.21888888888888888 0.095
1 0.5571875 0.7327777777777778 0.154375 0.22777777777777777
0 0.3840625 0.44 0.119375 0.24666666666666667
1 0.084375 0.5733333333333334 0.1425 0.3111111111111111
3 0.2240625 0.6272222222222222 0.110625 0.21888888888888888
2 0.4890625 0.2833333333333333 0.159375 0.29777777777777775
4 0.8528125 0.49833333333333335 0.121875 0.24555555555555555
0 0.6109375 0.32166666666666666 0.148125 0.21444444444444444
2 0.345625 0.5783333333333334 0.1275 0.24333333333333335
0 0.84 0.4127777777777778 0.1075 0.24333333333333335
1 0.3665625 0.275 0.089375 0.18777777777777777
1 0.5265625 0.36666666666666664 0.101875 0.2088888888888889
1 0.401875 0.11944444444444445 0.15 0.19666666666666666
3 0.8303125 0.2777777777777778 0.114375 0.2733333333333333
1 0.1028125 0.7588888888888888 0.145625 0.26666666666666666
4 0.2346875 0.5138888888888888 0.113125 0.2611111111111111
