0 0.14875 0.74 0.14 0.28888888888888886
1 0.7503125 0.41 0.169375 0.29333333333333333
0 0.859375 0.25 0.1525 0.30444444444444446
4 0.253125 0.29444444444444445 0.115 0.2288888888888889
1 0.515 0.6466666666666666 0.16875 0.2688888888888889
4 0.631875 0.5988888888888889 0.1675 0.34
0 0.363125 0.7522222222222222 0.1375 0.30666666666666664
1 0.5921875 0.1738888888888889 0.099375 0.22111111111111112
1 0.83875 0.33611111111111114 0.095 0.19
4 0.4221875 0.6466666666666666 0.143125 0.2577777777777778
0 0.8465625 0.34 0.111875 0.24444444444444444
2 0.1371875 0.7505555555555555 0.158125 0.26555555555555554
3 0.45125 0.30944444444444447 0.11625 0.26555555555555554
3 0.0803125 0.6955555555555556 0.151875 0.17333333333333334
0 0.29055555555555557 0.4071875 0.25 0.154375
4 0.1711111111111111 0.8403125 0.2311111111111111 0.126875
3 0.585 0.6878125 0.17888888888888888 0.120625
4 0.43833333333333335 0.116875 0.32555555555555554 0.16875
4 0.2228125 0.48388888888888887 0.130625 0.25222222222222224
3 0.7021875 0.25555555555555554 0.096875 0.2777777777777778
4 0.1178125 0.5861111111111111 0.168125 0.2966666666666667
0 0.3333333333333333 0.3925 0.25333333333333335 0.15375
3 0.5372222222222223 0.244375 0.2411111111111111 0.16875
4 0.43277777777777776 0.5546875 0.2411111111111111 0.166875
