0 0.3584375 0.5411111111111111 0.126875 0.25555555555555554
4 0.636875 0.12777777777777777 0.18875 0.24222222222222223
0 0.8753125 0.35333333333333333 0.169375 0.2866666666666667
2 0.496875 0.7466666666666667 0.175 0.2688888888888889
0 0.740625 0.505 0.16125 0.2922222222222222
0 0.375 0.41388888888888886 0.18125 0.2788888888888889
4 0.603125 0.22277777777777777 0.13625 0.23222222222222222
2 0.8515625 0.6455555555555555 0.131875 0.23555555555555555
0 0.221875 0.5711111111111111 0.12625 0.25555555555555554
4 0.42875 0.7461111111111111 0.1425 0.2633333333333333
3 0.2696875 0.43277777777777776 0.113125 0.22333333333333333
0 0.82875 0.62 0.075 0.20666666666666667
0 0.7115625 0.3611111111111111 0.130625 0.27555555555555555
2 0.8590625 0.7472222222222222 0.150625 0.25222222222222224
1 0.23375 0.18333333333333332 0.1175 0.26222222222222225
1 0.3703125 0.36833333333333335 0.146875 0.2544444444444444
4 0.1096875 0.5372222222222223 0.111875 0.21222222222222223
4 0.4825 0.6344444444444445 0.1275 0.21777777777777776
4 0.58625 0.3427777777777778 0.11 0.20777777777777778
2 0.864375 0.7483333333333333 0.16625 0.2922222222222222
0 0.3690625 0.5761111111111111 0.174375 0.31222222222222223
1 0.7190625 0.7338888888888889 0.096875 0.23222222222222222
4 0.13875 0.3972222222222222 0.1275 0.21666666666666667
1 0.8778125 0.5377777777777778 0.175625 0.3333333333333333
1 0.5 0.6144444444444445 0.135 0.32222222222222224
0 0.38 0.24388888888888888 0.13375 0.2388888888888889
3 0.195 0.6034375 0.2411111111111111 0.156875
1 0.7088888888888889 0.8478125 0.2 0.131875
1 0.3327777777777778 0.32375 0.16111111111111112 0.11125
