1 0.714375 0.6377777777777778 0.11 0.22444444444444445
1 0.4740625 0.4027777777777778 0.110625 0.21666666666666667
3 0.103125 0.23944444444444443 0.09 0.19666666666666666
2 0.6896875 0.5216666666666666 0.186875 0.3522222222222222
4 0.2690625 0.19833333333333333 0.113125 0.21222222222222223
0 0.0975 0.35333333333333333 0.15375 0.2688888888888889
1 0.635625 0.2777777777777778 0.185 0.33555555555555555
4 0.354375 0.375 0.10875 0.18777777777777777
1 0.3572222222222222 0.885 0.31444444444444447 0.19375
4 0.7038888888888889 0.621875 0.19444444444444445 0.14875
0 0.4621875 0.6094444444444445 0.114375 0.24333333333333335
1 0.3053125 0.5261111111111111 0.181875 0.3433333333333333
1 0.08 0.3416666666666667 0.1125 0.24333333333333335
0 0.8690625 0.745 0.164375 0.24555555555555555
0 0.719375 0.12222222222222222 0.1175 0.22666666666666666
4 0.3740625 0.4588888888888889 0.166875 0.31333333333333335
3 0.233125 0.47444444444444445 0.13125 0.14888888888888888
0 0.1171875 0.7311111111111112 0.145625 0.27111111111111114
4 0.8446875 0.6272222222222222 0.120625 0.2588888888888889
1 0.4684375 0.32166666666666666 0.108125 0.23444444444444446
4 0.1271875 0.7444444444444445 0.114375 0.24222222222222223
0 0.4440625 0.4711111111111111 0.175625 0.32666666666666666
1 0.5696875 0.6594444444444445 0.140625 0.2833333333333333
0 0.8528125 0.3488888888888889 0.134375 0.29333333333333333
