2 0.6690625 0.6427777777777778 0.163125 0.2811111111111111
3 0.4534375 0.46944444444444444 0.109375 0.17666666666666667
1 0.1053125 0.3038888888888889 0.168125 0.3322222222222222
0 0.839375 0.7388888888888889 0.125 0.2288888888888889
4 0.20666666666666667 0.5753125 0.2911111111111111 0.156875
0 0.63 0.27 0.23555555555555555 0.11875
0 0.1103125 0.745 0.170625 0.2922222222222222
0 0.59 0.3466666666666667 0.13125 0.26
1 0.5527777777777778 0.49875 0.21888888888888888 0.14125
4 0.41833333333333333 0.8625 0.29444444444444445 0.16
3 0.48277777777777775 0.2715625 0.25222222222222224 0.159375
0 0.20555555555555555 0.71625 0.21333333333333335 0.10375
4 0.31055555555555553 0.38625 0.25222222222222224 0.1525
4 0.6511111111111111 0.619375 0.24444444444444444 0.14625
0 0.455 0.13125 0.22333333333333333 0.11
4 0.3411111111111111 0.515625 0.27111111111111114 0.17
1 0.8659375 0.16277777777777777 0.158125 0.31
0 0.3878125 0.33944444444444444 0.154375 0.2633333333333333
1 0.1325 0.7516666666666667 0.12 0.2833333333333333
3 0.294375 0.36277777777777775 0.13625 0.30777777777777776
4 0.10125 0.7311111111111112 0.11625 0.21555555555555556
