4 0.725 0.3528125 0.21222222222222223 0.145625
4 0.6477777777777778 0.0859375 0.21777777777777776 0.121875
3 0.3225 0.6305555555555555 0.08625 0.22555555555555556
1 0.0840625 0.33611111111111114 0.116875 0.25666666666666665
4 0.2328125 0.7616666666666667 0.160625 0.2811111111111111
4 0.723125 0.21 0.125 0.2111111111111111
2 0.475625 0.4211111111111111 0.1375 0.22
1 0.7527777777777778 0.084375 0.25666666666666665 0.1575
4 0.2788888888888889 0.469375 0.2866666666666667 0.155
0 0.455 0.33625 0.2477777777777778 0.14625
3 0.8334375 0.475 0.094375 0.21888888888888888
3 0.6946875 0.09111111111111111 0.121875 0.16444444444444445
3 0.5584375 0.2722222222222222 0.154375 0.28888888888888886
1 0.0909375 0.7311111111111112 0.133125 0.25333333333333335
1 0.5965625 0.4288888888888889 0.145625 0.29555555555555557
4 0.310625 0.2238888888888889 0.09375 0.20555555555555555
4 0.0790625 0.7361111111111112 0.149375 0.27
0 0.25125 0.24666666666666667 0.1175 0.21777777777777776
4 0.39875 0.11944444444444445 0.1125 0.20555555555555555
3 0.5671875 0.6422222222222222 0.150625 0.2777777777777778
3 0.860625 0.7661111111111111 0.1375 0.2811111111111111
1 0.198125 0.37555555555555553 0.1275 0.26
1 0.606875 0.6822222222222222 0.17375 0.32666666666666666
4 0.6925 0.68 0.0875 0.13777777777777778
4 0.0815625 0.27944444444444444 0.150625 0.25
