1 0.136875 0.7644444444444445 0.16875 0.30666666666666664
3 0.4271875 0.4888888888888889 0.160625 0.20666666666666667
3 0.550625 0.6333333333333333 0.11375 0.27111111111111114
0 0.70375 0.16111111111111112 0.125 0.22666666666666666
3 0.06125 0.7216666666666667 0.11125 0.19444444444444445
1 0.6040625 0.4127777777777778 0.149375 0.22333333333333333
1 0.3328125 0.295 0.130625 0.31
3 0.598125 0.5305555555555556 0.10375 0.22555555555555556
1 0.1534375 0.3888888888888889 0.169375 0.30666666666666664
4 0.38875 0.7411111111111112 0.1625 0.2822222222222222
2 0.8684375 0.18722222222222223 0.158125 0.3055555555555556
4 0.1034375 0.32555555555555554 0.134375 0.28888888888888886
0 0.4878125 0.5988888888888889 0.150625 0.24888888888888888
4 0.7672222222222222 0.6259375 0.29 0.173125
4 0.5644444444444444 0.1228125 0.2822222222222222 0.155625
4 0.3244444444444444 0.8634375 0.19777777777777777 0.153125
0 0.8496875 0.5927777777777777 0.125625 0.23222222222222222
0 0.35875 0.7811111111111111 0.1675 0.32666666666666666
3 0.0753125 0.36777777777777776 0.100625 0.18
0 0.8440625 0.5883333333333334 0.135625 0.2811111111111111
