4 0.60875 0.34444444444444444 0.13125 0.17777777777777778
0 0.15125 0.23166666666666666 0.17125 0.3055555555555556
0 0.3875 0.3238888888888889 0.16625 0.31444444444444447
3 0.6984375 0.605 0.071875 0.16777777777777778
1 0.6877777777777778 0.500625 0.3088888888888889 0.1675
0 0.51 0.255625 0.2777777777777778 0.16
0 0.2683333333333333 0.8440625 0.2811111111111111 0.130625
3 0.84 0.5538888888888889 0.11875 0.18555555555555556
3 0.130625 0.24166666666666667 0.1225 0.23
4 0.6446875 0.5961111111111111 0.104375 0.2588888888888889
1 0.4946875 0.7205555555555555 0.166875 0.24333333333333335
1 0.0984375 0.315 0.100625 0.22555555555555556
4 0.33 0.5522222222222222 0.11625 0.21777777777777776
3 0.85125 0.7761111111111111 0.1575 0.2966666666666667
4 0.3221875 0.2816666666666667 0.165625 0.31444444444444447
3 0.4796875 0.6116666666666667 0.113125 0.2411111111111111
4 0.68 0.7405555555555555 0.14625 0.25222222222222224
0 0.854375 0.485 0.12625 0.23222222222222222
4 0.3175 0.34555555555555556 0.10375 0.19777777777777777
4 0.0740625 0.20777777777777778 0.130625 0.3
3 0.8425 0.7666666666666667 0.12375 0.2822222222222222
