3 0.4988888888888889 0.595 0.1688888888888889 0.11
4 0.2861111111111111 0.874375 0.31 0.1775
0 0.4177777777777778 0.2340625 0.19555555555555557 0.124375
2 0.22 0.30875 0.30444444444444446 0.19125
0 0.1221875 0.28444444444444444 0.096875 0.22
4 0.6875 0.4572222222222222 0.165 0.2722222222222222
4 0.319375 0.155 0.1375 0.2544444444444444
0 0.37625 0.28888888888888886 0.1825 0.24444444444444444
1 0.7546875 0.2238888888888889 0.179375 0.29
2 0.876875 0.5972222222222222 0.17 0.3322222222222222
0 0.7377777777777778 0.8540625 0.24666666666666667 0.151875
4 0.35055555555555556 0.308125 0.21666666666666667 0.1475
3 0.48833333333333334 0.115 0.24333333333333335 0.12375
4 0.27 0.6859375 0.3022222222222222 0.178125
3 0.5927777777777777 0.496875 0.20555555555555555 0.1625
4 0.410625 0.4688888888888889 0.165 0.2911111111111111
3 0.081875 0.6388888888888888 0.1025 0.26666666666666666
1 0.52875 0.25277777777777777 0.1025 0.22333333333333333
4 0.688125 0.7394444444444445 0.12375 0.2833333333333333
