0 0.489375 0.1511111111111111 0.1325 0.26222222222222225
4 0.8409375 0.6894444444444444 0.113125 0.1811111111111111
1 0.67 0.5855555555555556 0.1325 0.2644444444444444
2 0.7366666666666667 0.6978125 0.2511111111111111 0.136875
2 0.39555555555555555 0.26875 0.2822222222222222 0.18625
4 0.47944444444444445 0.3853125 0.21222222222222223 0.116875
3 0.13722222222222222 0.096875 0.2411111111111111 0.14375
4 0.6027777777777777 0.53625 0.22111111111111112 0.11625
4 0.8246875 0.30666666666666664 0.099375 0.22444444444444445
4 0.0940625 0.7688888888888888 0.159375 0.31555555555555553
2 0.26375 0.5855555555555556 0.11875 0.22666666666666666
3 0.126875 0.7383333333333333 0.11375 0.23666666666666666
4 0.6278125 0.38 0.165625 0.32
1 0.3746875 0.14777777777777779 0.134375 0.25333333333333335
3 0.1209375 0.6388888888888888 0.128125 0.24444444444444444
4 0.2534375 0.4033333333333333 0.103125 0.15555555555555556
0 0.106875 0.14444444444444443 0.10625 0.21555555555555556
4 0.3071875 0.5911111111111111 0.138125 0.23333333333333334
0 0.6815625 0.7688888888888888 0.149375 0.29555555555555557
1 0.695 0.31444444444444447 0.13 0.21777777777777776
1 0.138125 0.4483333333333333 0.17 0.2788888888888889
2 0.8371875 0.6505555555555556 0.125625 0.2722222222222222
