4 0.5816666666666667 0.8615625 0.1922222222222222 0.145625
4 0.7683333333333333 0.8584375 0.31444444444444447 0.160625
2 0.5938888888888889 0.1246875 0.3011111111111111 0.126875
0 0.36777777777777776 0.35625 0.18444444444444444 0.1125
2 0.86 0.5816666666666667 0.14375 0.31222222222222223
0 0.1334375 0.7533333333333333 0.133125 0.27111111111111114
1 0.6109375 0.1638888888888889 0.126875 0.2411111111111111
0 0.7777777777777778 0.376875 0.30444444444444446 0.15125
3 0.20666666666666667 0.12 0.13777777777777778 0.11875
0 0.7444444444444445 0.6096875 0.24666666666666667 0.126875
0 0.4494444444444444 0.1159375 0.2877777777777778 0.146875
1 0.21944444444444444 0.231875 0.21444444444444444 0.13125
2 0.6211111111111111 0.5959375 0.24444444444444444 0.114375
1 0.105 0.49 0.17888888888888888 0.15
3 0.32055555555555554 0.8546875 0.22333333333333333 0.134375
