1 0.83875 0.545 0.1275 0.16333333333333333
4 0.119375 0.3377777777777778 0.14125 0.2822222222222222
3 0.4853125 0.4738888888888889 0.146875 0.2877777777777778
4 0.664375 0.7366666666666667 0.1425 0.2777777777777778
1 0.3025 0.195 0.145 0.2633333333333333
4 0.8734375 0.5383333333333333 0.165625 0.21
1 0.3388888888888889 0.3096875 0.24222222222222223 0.159375
2 0.5744444444444444 0.72625 0.30444444444444446 0.17
4 0.6305555555555555 0.5615625 0.21 0.124375
4 0.7633333333333333 0.8690625 0.26666666666666666 0.171875
0 0.23833333333333334 0.43375 0.2544444444444444 0.15125
4 0.43333333333333335 0.28875 0.2311111111111111 0.145
0 0.46 0.2427777777777778 0.13125 0.23444444444444446
3 0.66625 0.6388888888888888 0.15625 0.32
4 0.573125 0.35555555555555557 0.09375 0.18
2 0.10125 0.24 0.16 0.2866666666666667
4 0.8475 0.7466666666666667 0.145 0.28
4 0.239375 0.44166666666666665 0.175 0.30777777777777776
4 0.734375 0.3672222222222222 0.16875 0.3188888888888889
