4 0.7844444444444445 0.725625 0.31777777777777777 0.1625
3 0.5405555555555556 0.264375 0.25 0.11
3 0.22 0.875 0.23777777777777778 0.17125
2 0.6594444444444445 0.5746875 0.2788888888888889 0.150625
0 0.12611111111111112 0.6140625 0.20333333333333334 0.125625
3 0.5244444444444445 0.1159375 0.24222222222222223 0.174375
1 0.4255555555555556 0.7059375 0.2644444444444444 0.144375
1 0.22555555555555556 0.57875 0.30666666666666664 0.1925
3 0.7766666666666666 0.860625 0.3022222222222222 0.15
0 0.30333333333333334 0.4065625 0.24222222222222223 0.150625
3 0.6088888888888889 0.238125 0.18888888888888888 0.11625
4 0.6146875 0.15055555555555555 0.134375 0.22777777777777777
4 0.6272222222222222 0.159375 0.2922222222222222 0.18375
0 0.4633333333333333 0.311875 0.22666666666666666 0.1325
3 0.7111111111111111 0.6640625 0.19777777777777777 0.124375
4 0.5521875 0.16777777777777778 0.113125 0.19333333333333333
2 0.8503125 0.6111111111111112 0.120625 0.2311111111111111
1 0.33875 0.39166666666666666 0.12375 0.27
1 0.0959375 0.7266666666666667 0.140625 0.26
