0 0.605 0.415 0.1525 0.28555555555555556
1 0.41333333333333333 0.3559375 0.19333333333333333 0.129375
0 0.15 0.1225 0.26666666666666666 0.155
3 0.3111111111111111 0.238125 0.18888888888888888 0.14
3 0.6622222222222223 0.4821875 0.2911111111111111 0.135625
4 0.594375 0.58 0.1425 0.27111111111111114
4 0.4615625 0.4688888888888889 0.118125 0.30666666666666664
3 0.3384375 0.295 0.120625 0.15444444444444444
3 0.7090625 0.22555555555555556 0.115625 0.2111111111111111
2 0.1003125 0.10833333333333334 0.141875 0.17
1 0.60625 0.5338888888888889 0.15875 0.2411111111111111
1 0.8734375 0.2238888888888889 0.169375 0.2411111111111111
1 0.495 0.5466666666666666 0.1225 0.22444444444444445
0 0.2678125 0.32722222222222225 0.141875 0.2833333333333333
0 0.7521875 0.6677777777777778 0.164375 0.3
0 0.138125 0.7227777777777777 0.11875 0.24333333333333335
0 0.3877777777777778 0.8475 0.18444444444444444 0.12125
3 0.5655555555555556 0.5940625 0.2088888888888889 0.134375
1 0.7361111111111112 0.3196875 0.21888888888888888 0.104375
1 0.4816666666666667 0.26375 0.11222222222222222 0.1
3 0.2972222222222222 0.731875 0.33666666666666667 0.1825
4 0.655 0.156875 0.2611111111111111 0.17
0 0.4622222222222222 0.5734375 0.27111111111111114 0.150625
