4 0.4565625 0.4905555555555556 0.119375 0.25
1 0.8590625 0.6411111111111111 0.173125 0.28888888888888886
4 0.2696875 0.6194444444444445 0.138125 0.25222222222222224
0 0.479375 0.7494444444444445 0.17 0.26555555555555554
2 0.0909375 0.2822222222222222 0.168125 0.31333333333333335
1 0.8690625 0.38166666666666665 0.163125 0.3388888888888889
3 0.605625 0.7261111111111112 0.1325 0.2411111111111111
1 0.0984375 0.14777777777777779 0.108125 0.26222222222222225
4 0.1661111111111111 0.60875 0.20333333333333334 0.15
0 0.7444444444444445 0.1003125 0.2688888888888889 0.153125
4 0.85125 0.245 0.145 0.22333333333333333
3 0.381875 0.6366666666666667 0.085 0.24666666666666667
1 0.69125 0.7416666666666667 0.125 0.2611111111111111
4 0.55625 0.31722222222222224 0.145 0.1922222222222222
3 0.11125 0.2427777777777778 0.1225 0.23666666666666666
1 0.5409375 0.43833333333333335 0.135625 0.3322222222222222
3 0.2303125 0.6227777777777778 0.115625 0.2588888888888889
4 0.8671875 0.7422222222222222 0.186875 0.27555555555555555
0 0.6959375 0.32944444444444443 0.145625 0.33444444444444443
1 0.0871875 0.18 0.129375 0.25555555555555554
