3 0.3765625 0.7327777777777778 0.124375 0.2677777777777778
4 0.8621875 0.21888888888888888 0.151875 0.30666666666666664
4 0.079375 0.5405555555555556 0.15875 0.31
0 0.5311111111111111 0.5046875 0.3111111111111111 0.183125
4 0.2761111111111111 0.68125 0.2922222222222222 0.17625
0 0.36277777777777775 0.12625 0.22111111111111112 0.14625
4 0.6083333333333333 0.3203125 0.22111111111111112 0.174375
3 0.7861111111111111 0.86 0.33 0.17375
0 0.595 0.3983333333333333 0.10375 0.22111111111111112
0 0.3746875 0.25 0.146875 0.2311111111111111
3 0.2609375 0.6088888888888889 0.098125 0.2222222222222222
4 0.1353125 0.2816666666666667 0.133125 0.2544444444444444
4 0.4184375 0.14944444444444444 0.125625 0.21888888888888888
3 0.85875 0.5011111111111111 0.145 0.23555555555555555
2 0.7705555555555555 0.1034375 0.2966666666666667 0.175625
3 0.5888888888888889 0.8503125 0.28444444444444444 0.155625
4 0.3661111111111111 0.3278125 0.19 0.120625
1 0.8440625 0.4311111111111111 0.111875 0.22666666666666666
1 0.3553125 0.6288888888888889 0.130625 0.21333333333333335
4 0.72375 0.7538888888888889 0.12125 0.25666666666666665
4 0.4909375 0.23444444444444446 0.153125 0.24444444444444444
4 0.62375 0.5588888888888889 0.17 0.2777777777777778
0 0.676875 0.4072222222222222 0.1575 0.31444444444444447
0 0.325625 0.5044444444444445 0.15125 0.2577777777777778
0 0.48875 0.6072222222222222 0.12875 0.21222222222222223
