0 0.8459375 0.7355555555555555 0.139375 0.28
3 0.3909375 0.39055555555555554 0.159375 0.21666666666666667
1 0.873125 0.2627777777777778 0.1675 0.3477777777777778
4 0.6109375 0.3738888888888889 0.154375 0.21
0 0.0746875 0.7555555555555555 0.101875 0.25333333333333335
0 0.2222222222222222 0.46 0.18888888888888888 0.1175
0 0.515 0.1009375 0.2877777777777778 0.165625
3 0.3983333333333333 0.848125 0.29888888888888887 0.12625
3 0.0875 0.6066666666666667 0.13 0.2866666666666667
4 0.670625 0.2738888888888889 0.1625 0.17666666666666667
4 0.8671875 0.7411111111111112 0.176875 0.2777777777777778
1 0.5872222222222222 0.666875 0.24555555555555555 0.15125
0 0.7594444444444445 0.858125 0.2811111111111111 0.16625
0 0.15388888888888888 0.315625 0.29888888888888887 0.18375
4 0.44333333333333336 0.1109375 0.2644444444444444 0.141875
3 0.2577777777777778 0.4553125 0.2 0.095625
4 0.14944444444444444 0.6075 0.27444444444444444 0.17125
1 0.31444444444444447 0.3309375 0.2088888888888889 0.133125
