0 0.0765625 0.15444444444444444 0.138125 0.29333333333333333
2 0.6865625 0.48055555555555557 0.181875 0.32555555555555554
4 0.435625 0.5438888888888889 0.0725 0.14333333333333334
2 0.6338888888888888 0.6028125 0.25 0.150625
2 0.5616666666666666 0.2140625 0.2922222222222222 0.164375
0 0.705 0.849375 0.20333333333333334 0.11625
0 0.3794444444444444 0.740625 0.30333333333333334 0.1625
1 0.096875 0.35777777777777775 0.10125 0.2088888888888889
0 0.605625 0.5616666666666666 0.14125 0.27444444444444444
2 0.37833333333333335 0.473125 0.27666666666666667 0.14
2 0.2683333333333333 0.3546875 0.2411111111111111 0.154375
1 0.5194444444444445 0.085 0.1922222222222222 0.1175
3 0.6333333333333333 0.7434375 0.23555555555555555 0.178125
3 0.7527777777777778 0.86125 0.29 0.16125
4 0.18722222222222223 0.5915625 0.2611111111111111 0.125625
4 0.84375 0.74 0.12 0.26666666666666666
4 0.5803125 0.12555555555555556 0.105625 0.2222222222222222
1 0.360625 0.5788888888888889 0.1775 0.34
0 0.61125 0.11277777777777778 0.1225 0.20777777777777778
3 0.845 0.33055555555555555 0.1175 0.25222222222222224
4 0.3659375 0.6966666666666667 0.103125 0.20222222222222222
0 0.21166666666666667 0.721875 0.2477777777777778 0.1375
4 0.43333333333333335 0.0646875 0.1711111111111111 0.129375
1 0.5394444444444444 0.3146875 0.21 0.106875
0 0.29944444444444446 0.1865625 0.25 0.111875
