2 0.6153125 0.5955555555555555 0.174375 0.30666666666666664
4 0.3653125 0.43277777777777776 0.161875 0.30777777777777776
1 0.1253125 0.26944444444444443 0.169375 0.3055555555555556
2 0.6959375 0.19333333333333333 0.180625 0.32
4 0.309375 0.5888888888888889 0.1225 0.2311111111111111
0 0.613125 0.37555555555555553 0.17625 0.2822222222222222
4 0.2178125 0.17944444444444443 0.154375 0.2788888888888889
4 0.7153125 0.5466666666666666 0.124375 0.23555555555555555
4 0.455625 0.47444444444444445 0.1175 0.28444444444444444
3 0.59 0.4038888888888889 0.1125 0.23222222222222222
1 0.1228125 0.23166666666666666 0.135625 0.2011111111111111
3 0.2946875 0.4255555555555556 0.145625 0.19333333333333333
0 0.4834375 0.6161111111111112 0.144375 0.29888888888888887
4 0.6684375 0.19611111111111112 0.135625 0.28555555555555556
0 0.868125 0.5977777777777777 0.155 0.3088888888888889
1 0.1078125 0.4077777777777778 0.115625 0.2511111111111111
2 0.495 0.408125 0.2011111111111111 0.1325
1 0.7344444444444445 0.1240625 0.22666666666666666 0.138125
4 0.6305555555555555 0.271875 0.24555555555555555 0.1475
