1 0.8528125 0.5588888888888889 0.153125 0.3088888888888889
4 0.5771875 0.43944444444444447 0.159375 0.2877777777777778
4 0.1571875 0.325 0.155625 0.27444444444444444
1 0.2675 0.7266666666666667 0.0975 0.2111111111111111
4 0.67625 0.7588888888888888 0.14875 0.2822222222222222
1 0.3296875 0.47444444444444445 0.190625 0.28
0 0.6684375 0.7466666666666667 0.129375 0.23555555555555555
0 0.2946875 0.22 0.129375 0.24444444444444444
4 0.1140625 0.6194444444444445 0.141875 0.2477777777777778
0 0.7616666666666667 0.2421875 0.2811111111111111 0.165625
2 0.15166666666666667 0.8475 0.15888888888888889 0.11125
3 0.6155555555555555 0.6996875 0.2088888888888889 0.131875
1 0.35944444444444446 0.675625 0.2722222222222222 0.165
4 0.7577777777777778 0.845625 0.27111111111111114 0.135
0 0.23833333333333334 0.1096875 0.29444444444444445 0.143125
3 0.43833333333333335 0.2840625 0.16333333333333333 0.121875
3 0.7259375 0.745 0.150625 0.2811111111111111
4 0.1240625 0.3794444444444444 0.160625 0.29444444444444445
3 0.336875 0.6072222222222222 0.10125 0.1922222222222222
3 0.5277777777777778 0.59125 0.19111111111111112 0.14125
1 0.7155555555555555 0.07875 0.2088888888888889 0.13875
4 0.485 0.74125 0.2833333333333333 0.18625
