1 0.8565625 0.125 0.143125 0.24555555555555555
3 0.5996875 0.5238888888888888 0.101875 0.20777777777777778
2 0.37875 0.7694444444444445 0.1325 0.2811111111111111
4 0.8453125 0.5872222222222222 0.125625 0.27
4 0.3534375 0.43222222222222223 0.158125 0.31555555555555553
1 0.0709375 0.5433333333333333 0.074375 0.2288888888888889
0 0.3853125 0.3477777777777778 0.109375 0.23555555555555555
0 0.244375 0.44722222222222224 0.125 0.23666666666666666
1 0.2425 0.24 0.14 0.3022222222222222
0 0.7046875 0.34944444444444445 0.145625 0.31444444444444447
4 0.8284375 0.505 0.086875 0.20777777777777778
4 0.074375 0.39111111111111113 0.10875 0.18888888888888888
0 0.52 0.8478125 0.23555555555555555 0.129375
2 0.24944444444444444 0.0953125 0.2788888888888889 0.160625
3 0.6494444444444445 0.396875 0.29888888888888887 0.15
4 0.5661111111111111 0.7221875 0.3477777777777778 0.186875
1 0.6627777777777778 0.4234375 0.30777777777777776 0.175625
2 0.7255555555555555 0.8428125 0.2 0.134375
