0 0.8590625 0.5988888888888889 0.135625 0.29777777777777775
1 0.6009375 0.25277777777777777 0.124375 0.2411111111111111
3 0.3011111111111111 0.46875 0.19333333333333333 0.12125
2 0.5244444444444445 0.2384375 0.31333333333333335 0.170625
0 0.7516666666666667 0.31125 0.29 0.1825
2 0.6472222222222223 0.6653125 0.33 0.143125
1 0.31555555555555553 0.850625 0.3 0.12625
1 0.6166666666666667 0.3428125 0.2088888888888889 0.150625
4 0.5838888888888889 0.7403125 0.31666666666666665 0.165625
3 0.7188888888888889 0.0728125 0.24 0.130625
4 0.3933333333333333 0.47375 0.2822222222222222 0.1525
3 0.144375 0.31 0.14 0.27555555555555555
4 0.8459375 0.6083333333333333 0.109375 0.21222222222222223
2 0.7128125 0.4 0.130625 0.23555555555555555
0 0.5790625 0.5538888888888889 0.149375 0.3233333333333333
3 0.4178125 0.21833333333333332 0.114375 0.31
4 0.1922222222222222 0.711875 0.26 0.14625
0 0.5494444444444444 0.578125 0.31444444444444447 0.1825
3 0.26555555555555554 0.863125 0.18666666666666668 0.14375
0 0.6266666666666667 0.106875 0.24888888888888888 0.15125
0 0.4477777777777778 0.271875 0.33111111111111113 0.1775
4 0.26625 0.4761111111111111 0.1475 0.27666666666666667
1 0.601875 0.3861111111111111 0.10625 0.27
3 0.7290625 0.22666666666666666 0.123125 0.29777777777777775
3 0.8425 0.6594444444444445 0.1125 0.2966666666666667
3 0.3575 0.7061111111111111 0.0925 0.21666666666666667
3 0.11875 0.5166666666666667 0.08875 0.18444444444444444
