1 0.3609375 0.5761111111111111 0.156875 0.27
3 0.0925 0.7666666666666667 0.12 0.32666666666666666
0 0.835 0.3877777777777778 0.1025 0.21555555555555556
3 0.0703125 0.22722222222222221 0.109375 0.33
4 0.4728125 0.665 0.143125 0.2611111111111111
2 0.3403125 0.5627777777777778 0.135625 0.24555555555555555
3 0.72 0.37333333333333335 0.1225 0.24444444444444444
3 0.7027777777777777 0.339375 0.15222222222222223 0.1425
0 0.8809375 0.7805555555555556 0.185625 0.3011111111111111
4 0.6646875 0.4811111111111111 0.130625 0.2088888888888889
0 0.3277777777777778 0.410625 0.27555555555555555 0.14625
3 0.415 0.13125 0.23222222222222222 0.1775
3 0.7277777777777777 0.571875 0.2 0.17375
0 0.4622222222222222 0.8571875 0.33111111111111113 0.153125
1 0.7005555555555556 0.695625 0.17222222222222222 0.08125
1 0.6616666666666666 0.1159375 0.2544444444444444 0.178125
3 0.32055555555555554 0.205 0.20777777777777778 0.105
0 0.5583333333333333 0.3303125 0.20555555555555555 0.104375
1 0.3521875 0.725 0.171875 0.20555555555555555
4 0.099375 0.5866666666666667 0.1725 0.31333333333333335
4 0.195 0.3516666666666667 0.11125 0.22777777777777777
0 0.8346875 0.6294444444444445 0.121875 0.20777777777777778
0 0.5990625 0.4905555555555556 0.158125 0.31444444444444447
0 0.4628125 0.18444444444444444 0.139375 0.2777777777777778
