3 0.5738888888888889 0.8721875 0.2477777777777778 0.161875
3 0.09444444444444444 0.2796875 0.18888888888888888 0.134375
4 0.26666666666666666 0.0834375 0.23333333333333334 0.126875
0 0.718125 0.6388888888888888 0.14125 0.25555555555555554
0 0.44875 0.37833333333333335 0.1775 0.33444444444444443
1 0.8496875 0.21944444444444444 0.115625 0.21666666666666667
1 0.57875 0.7644444444444445 0.15 0.30444444444444446
2 0.0775 0.7783333333333333 0.145 0.35888888888888887
4 0.3346875 0.5461111111111111 0.135625 0.23666666666666666
4 0.609375 0.5644444444444444 0.1375 0.24666666666666667
2 0.1271875 0.6027777777777777 0.156875 0.29444444444444445
3 0.8615625 0.7694444444444445 0.156875 0.33
4 0.3071875 0.7272222222222222 0.084375 0.22111111111111112
2 0.595625 0.4677777777777778 0.14875 0.24666666666666667
2 0.8553125 0.21388888888888888 0.155625 0.2811111111111111
4 0.4690625 0.39944444444444444 0.151875 0.29
1 0.734375 0.6694444444444444 0.17 0.2877777777777778
3 0.1438888888888889 0.5671875 0.21666666666666667 0.179375
2 0.5116666666666667 0.6940625 0.2677777777777778 0.129375
0 0.31722222222222224 0.2521875 0.33666666666666667 0.156875
0 0.7427777777777778 0.405 0.2722222222222222 0.15875
4 0.6372222222222222 0.10875 0.29 0.1725
