1 0.1309375 0.6383333333333333 0.135625 0.2877777777777778
2 0.2896875 0.7533333333333333 0.161875 0.31333333333333335
0 0.8671875 0.46555555555555556 0.160625 0.32
3 0.105625 0.245 0.1175 0.2722222222222222
3 0.73625 0.17444444444444446 0.14875 0.34
3 0.600625 0.5588888888888889 0.11625 0.31777777777777777
3 0.1215625 0.23666666666666666 0.111875 0.26666666666666666
4 0.5146875 0.36777777777777776 0.183125 0.33111111111111113
0 0.119375 0.7744444444444445 0.1925 0.35555555555555557
1 0.2846875 0.14722222222222223 0.145625 0.2722222222222222
0 0.8640625 0.6194444444444445 0.170625 0.3388888888888889
0 0.48375 0.45555555555555555 0.16625 0.30444444444444446
3 0.6421875 0.4911111111111111 0.105625 0.2866666666666667
1 0.08 0.6333333333333333 0.1225 0.28888888888888886
0 0.2709375 0.7622222222222222 0.124375 0.2644444444444444
3 0.15444444444444444 0.8471875 0.2222222222222222 0.140625
4 0.3383333333333333 0.346875 0.22333333333333333 0.11125
4 0.8509375 0.7494444444444445 0.148125 0.2411111111111111
