0 0.5627777777777778 0.5915625 0.24333333333333335 0.143125
4 0.7161111111111111 0.0678125 0.19666666666666666 0.113125
3 0.22444444444444445 0.865 0.2688888888888889 0.18
1 0.7344444444444445 0.7240625 0.2511111111111111 0.146875
3 0.6211111111111111 0.8546875 0.2222222222222222 0.164375
3 0.4444444444444444 0.126875 0.26222222222222225 0.17
4 0.2288888888888889 0.6096875 0.22666666666666666 0.161875
3 0.33111111111111113 0.2428125 0.23333333333333334 0.159375
1 0.6884375 0.32944444444444443 0.113125 0.20555555555555555
4 0.5425 0.5266666666666666 0.12375 0.21333333333333335
1 0.385625 0.4438888888888889 0.1125 0.2411111111111111
1 0.2315625 0.26722222222222225 0.106875 0.27444444444444444
4 0.275 0.476875 0.25222222222222224 0.16
1 0.45666666666666667 0.216875 0.25555555555555554 0.16375
2 0.6638888888888889 0.346875 0.31 0.1625
1 0.16833333333333333 0.6196875 0.21888888888888888 0.184375
4 0.6433333333333333 0.4759375 0.22 0.128125
4 0.165 0.226875 0.22777777777777777 0.1175
0 0.45666666666666667 0.1078125 0.23333333333333334 0.121875
1 0.5866666666666667 0.8415625 0.3 0.129375
0 0.305 0.63 0.31666666666666665 0.19375
0 0.3883333333333333 0.3821875 0.23222222222222222 0.124375
2 0.19055555555555556 0.0640625 0.29888888888888887 0.108125
0 0.6022222222222222 0.538125 0.19777777777777777 0.125
4 0.5825 0.4072222222222222 0.12625 0.23
0 0.1871875 0.32222222222222224 0.111875 0.21333333333333335
0 0.711875 0.5927777777777777 0.12625 0.2922222222222222
