1 0.4261111111111111 0.8565625 0.24333333333333335 0.140625
0 0.13777777777777778 0.5003125 0.2577777777777778 0.179375
4 0.6788888888888889 0.2821875 0.15777777777777777 0.119375
1 0.615 0.113125 0.32555555555555554 0.15625
1 0.26555555555555554 0.6696875 0.21777777777777776 0.143125
1 0.138125 0.36666666666666664 0.13875 0.2911111111111111
1 0.31 0.5788888888888889 0.13 0.21555555555555556
1 0.839375 0.7188888888888889 0.13125 0.24444444444444444
4 0.71375 0.7116666666666667 0.10125 0.21444444444444444
0 0.6275 0.46444444444444444 0.18 0.32222222222222224
3 0.20875 0.21 0.09625 0.21555555555555556
2 0.38333333333333336 0.6715625 0.25333333333333335 0.144375
4 0.7494444444444445 0.3196875 0.2633333333333333 0.145625
4 0.5805555555555556 0.8228125 0.16777777777777778 0.093125
4 0.3005555555555556 0.1696875 0.3277777777777778 0.198125
3 0.2465625 0.6027777777777777 0.130625 0.17444444444444446
2 0.8534375 0.3605555555555556 0.138125 0.25
2 0.5975 0.5188888888888888 0.10875 0.19333333333333333
1 0.4772222222222222 0.54625 0.20555555555555555 0.11
4 0.27055555555555555 0.1621875 0.2877777777777778 0.183125
1 0.7688888888888888 0.726875 0.2911111111111111 0.19
4 0.1240625 0.5072222222222222 0.108125 0.23
4 0.7065625 0.7655555555555555 0.130625 0.29777777777777775
4 0.83875 0.15555555555555556 0.10875 0.19777777777777777
