2 0.87 0.7694444444444445 0.17 0.30333333333333334
1 0.414375 0.47833333333333333 0.12 0.18333333333333332
0 0.8609375 0.1988888888888889 0.144375 0.2688888888888889
3 0.7075 0.26166666666666666 0.1275 0.1811111111111111
4 0.5546875 0.6 0.111875 0.2111111111111111
0 0.1490625 0.7522222222222222 0.168125 0.3
3 0.11875 0.4177777777777778 0.12375 0.32222222222222224
3 0.3428125 0.7277777777777777 0.093125 0.22444444444444445
3 0.5953125 0.5555555555555556 0.118125 0.24
0 0.8546875 0.2088888888888889 0.156875 0.26222222222222225
4 0.25555555555555554 0.23 0.16444444444444445 0.13875
3 0.38666666666666666 0.67875 0.2 0.1125
1 0.61 0.37625 0.19333333333333333 0.12375
1 0.18388888888888888 0.5253125 0.2477777777777778 0.113125
2 0.2496875 0.45666666666666667 0.164375 0.30666666666666664
3 0.08 0.23666666666666666 0.12625 0.28
3 0.6703125 0.5961111111111111 0.145625 0.2544444444444444
0 0.283125 0.17944444444444443 0.1275 0.19666666666666666
0 0.6584375 0.2738888888888889 0.106875 0.20555555555555555
2 0.4975 0.17333333333333334 0.145 0.2866666666666667
