4 0.18333333333333332 0.586875 0.20222222222222222 0.0925
4 0.5777777777777777 0.154375 0.28 0.16
0 0.4272222222222222 0.396875 0.33444444444444443 0.17875
4 0.674375 0.7611111111111111 0.18 0.26222222222222225
4 0.0734375 0.2761111111111111 0.136875 0.22555555555555556
1 0.460625 0.13722222222222222 0.13875 0.2588888888888889
4 0.259375 0.6066666666666667 0.1225 0.2644444444444444
0 0.7205555555555555 0.07625 0.22333333333333333 0.11875
1 0.4305555555555556 0.8540625 0.27 0.139375
3 0.5855555555555556 0.585 0.26666666666666666 0.11375
4 0.61 0.7144444444444444 0.12625 0.19555555555555557
3 0.1325 0.19777777777777777 0.14125 0.2511111111111111
1 0.851875 0.36833333333333335 0.125 0.23
3 0.7446875 0.26722222222222225 0.188125 0.3233333333333333
1 0.2003125 0.4161111111111111 0.119375 0.22111111111111112
4 0.45055555555555554 0.846875 0.23 0.14125
2 0.3138888888888889 0.1528125 0.25 0.171875
1 0.17666666666666667 0.325 0.2688888888888889 0.1625
4 0.060625 0.5527777777777778 0.1025 0.24555555555555555
0 0.450625 0.6338888888888888 0.12 0.22555555555555556
4 0.8221875 0.725 0.099375 0.22333333333333333
3 0.5625 0.16944444444444445 0.08875 0.20777777777777778
1 0.353125 0.31777777777777777 0.17875 0.32222222222222224
