3 0.3328125 0.3188888888888889 0.118125 0.2288888888888889
3 0.20125 0.6477777777777778 0.10875 0.2111111111111111
1 0.7340625 0.5233333333333333 0.159375 0.3
1 0.8634375 0.5833333333333334 0.164375 0.2511111111111111
3 0.4740625 0.27444444444444444 0.146875 0.30666666666666664
1 0.7159375 0.5494444444444444 0.159375 0.28555555555555556
3 0.8534375 0.7011111111111111 0.154375 0.20222222222222222
0 0.139375 0.6244444444444445 0.12625 0.24222222222222223
3 0.6690625 0.21611111111111111 0.124375 0.22777777777777777
3 0.119375 0.4577777777777778 0.1125 0.2088888888888889
1 0.30625 0.3655555555555556 0.12375 0.27555555555555555
4 0.51625 0.6561111111111111 0.18125 0.35444444444444445
3 0.11222222222222222 0.1109375 0.1688888888888889 0.096875
2 0.3471875 0.2477777777777778 0.175625 0.2733333333333333
1 0.1121875 0.39611111111111114 0.156875 0.2966666666666667
4 0.86375 0.14055555555555554 0.145 0.2611111111111111
4 0.393125 0.5866666666666667 0.11375 0.2
1 0.5496875 0.23666666666666666 0.123125 0.21555555555555556
4 0.2503125 0.7138888888888889 0.130625 0.21444444444444444
2 0.134375 0.62 0.1475 0.3022222222222222
