3 0.374375 0.38 0.12875 0.31555555555555553
2 0.626875 0.5827777777777777 0.165 0.3277777777777778
2 0.4477777777777778 0.8403125 0.22666666666666666 0.106875
0 0.6188888888888889 0.6859375 0.2866666666666667 0.178125
1 0.275 0.46875 0.16333333333333333 0.1225
4 0.41125 0.3472222222222222 0.15875 0.2877777777777778
3 0.10375 0.7227777777777777 0.13625 0.25222222222222224
1 0.7003125 0.25 0.143125 0.28888888888888886
1 0.846875 0.6605555555555556 0.13875 0.32555555555555554
0 0.6153125 0.7516666666666667 0.146875 0.2811111111111111
2 0.1246875 0.22611111111111112 0.150625 0.28555555555555556
0 0.485 0.29388888888888887 0.16875 0.31222222222222223
3 0.263125 0.6305555555555555 0.1 0.25
0 0.6828125 0.4255555555555556 0.189375 0.33111111111111113
0 0.26375 0.605 0.13625 0.23222222222222222
4 0.8328125 0.20166666666666666 0.103125 0.2388888888888889
4 0.4553125 0.7583333333333333 0.129375 0.26555555555555554
2 0.655625 0.37444444444444447 0.14 0.31333333333333335
0 0.099375 0.5044444444444445 0.1725 0.2866666666666667
