4 0.3466666666666667 0.054375 0.19333333333333333 0.1
2 0.48944444444444446 0.3409375 0.29444444444444445 0.159375
3 0.15833333333333333 0.83875 0.1811111111111111 0.1275
0 0.5528125 0.43833333333333335 0.143125 0.2877777777777778
0 0.6865625 0.3022222222222222 0.104375 0.2222222222222222
1 0.2709375 0.7594444444444445 0.191875 0.31
2 0.0940625 0.25 0.143125 0.32222222222222224
4 0.3921875 0.6338888888888888 0.128125 0.26555555555555554
4 0.5472222222222223 0.43125 0.29444444444444445 0.1425
2 0.3411111111111111 0.7134375 0.34 0.131875
0 0.7461111111111111 0.2696875 0.23444444444444446 0.106875
3 0.6577777777777778 0.5778125 0.2866666666666667 0.148125
1 0.15666666666666668 0.1353125 0.2 0.124375
1 0.4621875 0.7422222222222222 0.130625 0.25333333333333335
4 0.8559375 0.34055555555555556 0.153125 0.27
3 0.0978125 0.21666666666666667 0.166875 0.29333333333333333
2 0.555625 0.5094444444444445 0.12625 0.2633333333333333
1 0.275 0.16555555555555557 0.13125 0.29777777777777775
4 0.149375 0.28944444444444445 0.1625 0.3055555555555556
0 0.096875 0.4066666666666667 0.17875 0.32666666666666666
0 0.8521875 0.2461111111111111 0.130625 0.25
2 0.690625 0.46444444444444444 0.12 0.2
3 0.3709375 0.7255555555555555 0.104375 0.23333333333333334
4 0.37 0.43777777777777777 0.13 0.24888888888888888
2 0.8521875 0.5161111111111111 0.124375 0.21444444444444444
1 0.13125 0.7283333333333334 0.1375 0.2588888888888889
