4 0.85625 0.3616666666666667 0.16375 0.27444444444444444
1 0.3453125 0.7427777777777778 0.168125 0.27
2 0.596875 0.5255555555555556 0.15875 0.22
4 0.4446875 0.48055555555555557 0.110625 0.3211111111111111
3 0.08375 0.24333333333333335 0.1575 0.2288888888888889
3 0.3572222222222222 0.4096875 0.1988888888888889 0.134375
1 0.23666666666666666 0.25625 0.2 0.1225
4 0.6294444444444445 0.8453125 0.25666666666666665 0.120625
1 0.7222222222222222 0.454375 0.23333333333333334 0.18375
0 0.43222222222222223 0.85875 0.28888888888888886 0.14125
0 0.6233333333333333 0.721875 0.24888888888888888 0.15125
3 0.825625 0.6138888888888889 0.1 0.22777777777777777
3 0.6896875 0.24055555555555555 0.108125 0.22555555555555556
1 0.4153125 0.7316666666666667 0.118125 0.21444444444444444
4 0.730625 0.6577777777777778 0.15625 0.2822222222222222
0 0.344375 0.5516666666666666 0.13375 0.27666666666666667
0 0.088125 0.4261111111111111 0.12125 0.23
4 0.6734375 0.7822222222222223 0.168125 0.3288888888888889
3 0.274375 0.3605555555555556 0.115 0.24555555555555555
4 0.839375 0.5672222222222222 0.12625 0.15222222222222223
1 0.491875 0.26722222222222225 0.1775 0.31
