4 0.363125 0.39055555555555554 0.16875 0.22555555555555556
4 0.4590625 0.7172222222222222 0.111875 0.21222222222222223
3 0.6396875 0.5555555555555556 0.094375 0.18888888888888888
4 0.2821875 0.14777777777777779 0.136875 0.27111111111111114
0 0.086875 0.43222222222222223 0.12375 0.24222222222222223
3 0.866875 0.7427777777777778 0.16 0.25666666666666665
4 0.673125 0.19722222222222222 0.1325 0.2388888888888889
2 0.3278125 0.5066666666666667 0.160625 0.32222222222222224
2 0.494375 0.5922222222222222 0.15125 0.3488888888888889
2 0.2584375 0.37277777777777776 0.171875 0.27444444444444444
4 0.605 0.17722222222222223 0.12625 0.2477777777777778
1 0.6077777777777778 0.2934375 0.2311111111111111 0.149375
2 0.25 0.445 0.23333333333333334 0.1675
4 0.14777777777777779 0.7065625 0.26666666666666666 0.121875
2 0.35777777777777775 0.1315625 0.2088888888888889 0.109375
0 0.118125 0.43444444444444447 0.14875 0.2577777777777778
2 0.86375 0.29 0.1525 0.2644444444444444
2 0.6609375 0.7144444444444444 0.119375 0.22666666666666666
3 0.0446875 0.5 0.080625 0.25555555555555554
1 0.361875 0.24222222222222223 0.08625 0.21555555555555556
0 0.5415625 0.1461111111111111 0.131875 0.2611111111111111
3 0.2109375 0.3977777777777778 0.099375 0.28888888888888886
4 0.71 0.5983333333333334 0.15375 0.21444444444444444
