2 0.49125 0.43833333333333335 0.145 0.2677777777777778
4 0.38666666666666666 0.6215625 0.27555555555555555 0.151875
3 0.775 0.386875 0.3011111111111111 0.16375
3 0.5416666666666666 0.8375 0.21 0.1025
0 0.18333333333333332 0.14375 0.24444444444444444 0.1575
0 0.36833333333333335 0.5928125 0.23 0.136875
4 0.1475 0.4022222222222222 0.14875 0.25555555555555554
0 0.25625 0.5683333333333334 0.13125 0.2544444444444444
2 0.37625 0.31166666666666665 0.135 0.2411111111111111
0 0.604375 0.7388888888888889 0.12 0.26222222222222225
0 0.489375 0.49166666666666664 0.12625 0.2677777777777778
0 0.85375 0.6644444444444444 0.15375 0.3111111111111111
1 0.4196875 0.2611111111111111 0.130625 0.2866666666666667
3 0.7065625 0.2911111111111111 0.141875 0.1511111111111111
0 0.551875 0.525 0.11375 0.22777777777777777
1 0.150625 0.7572222222222222 0.14375 0.26555555555555554
0 0.42125 0.5405555555555556 0.14625 0.2966666666666667
0 0.121875 0.2966666666666667 0.1225 0.24
4 0.7003125 0.6272222222222222 0.129375 0.2544444444444444
