3 0.148125 0.37555555555555553 0.1475 0.26222222222222225
0 0.491875 0.5138888888888888 0.1275 0.29444444444444445
0 0.6971875 0.24888888888888888 0.111875 0.22444444444444445
3 0.413125 0.5327777777777778 0.13625 0.23666666666666666
4 0.67875 0.2111111111111111 0.1725 0.23333333333333334
0 0.4984375 0.7944444444444444 0.190625 0.3377777777777778
3 0.071875 0.4661111111111111 0.09625 0.21222222222222223
1 0.7003125 0.32722222222222225 0.096875 0.17444444444444446
3 0.3525 0.7166666666666667 0.15625 0.19555555555555557
3 0.4446875 0.16333333333333333 0.089375 0.22444444444444445
0 0.1009375 0.5055555555555555 0.156875 0.3422222222222222
0 0.711875 0.5683333333333334 0.16875 0.35444444444444445
4 0.85375 0.7511111111111111 0.15875 0.2644444444444444
3 0.77 0.3803125 0.2822222222222222 0.169375
4 0.31722222222222224 0.133125 0.22777777777777777 0.155
0 0.44055555555555553 0.6090625 0.30333333333333334 0.146875
0 0.695 0.2703125 0.30333333333333334 0.189375
1 0.5483333333333333 0.6403125 0.25222222222222224 0.181875
