4 0.1338888888888889 0.5203125 0.19666666666666666 0.098125
1 0.26055555555555554 0.230625 0.21888888888888888 0.14375
0 0.7788888888888889 0.8790625 0.33111111111111113 0.190625
2 0.5233333333333333 0.1425 0.17777777777777778 0.1325
4 0.36444444444444446 0.866875 0.22 0.1825
0 0.63375 0.7716666666666666 0.18875 0.33666666666666667
3 0.3371875 0.49722222222222223 0.089375 0.2588888888888889
4 0.4734375 0.335 0.114375 0.2477777777777778
1 0.1240625 0.4444444444444444 0.155625 0.3088888888888889
1 0.276875 0.27111111111111114 0.16125 0.2688888888888889
3 0.5421875 0.3388888888888889 0.104375 0.21777777777777776
2 0.408125 0.6422222222222222 0.13 0.26222222222222225
1 0.11125 0.4461111111111111 0.12375 0.24555555555555555
2 0.86625 0.7561111111111111 0.16375 0.3011111111111111
4 0.1415625 0.3977777777777778 0.129375 0.19777777777777777
4 0.5896875 0.5555555555555556 0.176875 0.30444444444444446
0 0.4203125 0.7255555555555555 0.121875 0.2288888888888889
4 0.3884375 0.5366666666666666 0.128125 0.24222222222222223
3 0.2353125 0.32944444444444443 0.124375 0.22333333333333333
1 0.0834375 0.23444444444444446 0.123125 0.2288888888888889
3 0.5465625 0.655 0.141875 0.2811111111111111
1 0.699375 0.4483333333333333 0.145 0.2633333333333333
0 0.8728125 0.3055555555555556 0.185625 0.3022222222222222
1 0.2921875 0.1527777777777778 0.138125 0.29888888888888887
