3 0.6134375 0.5894444444444444 0.149375 0.24555555555555555
4 0.3640625 0.26555555555555554 0.140625 0.24888888888888888
1 0.124375 0.7794444444444445 0.15 0.29888888888888887
0 0.755 0.869375 0.27444444444444444 0.1575
3 0.48277777777777775 0.30625 0.25222222222222224 0.18
0 0.5596875 0.28888888888888886 0.140625 0.28888888888888886
1 0.8390625 0.7477777777777778 0.126875 0.2911111111111111
1 0.431875 0.39222222222222225 0.17125 0.26666666666666666
4 0.7128125 0.6577777777777778 0.160625 0.34
2 0.8525 0.5727777777777778 0.15625 0.3011111111111111
4 0.13625 0.23722222222222222 0.115 0.22555555555555556
1 0.4821875 0.44555555555555554 0.111875 0.24444444444444444
0 0.3809375 0.7344444444444445 0.140625 0.22666666666666666
1 0.74625 0.14833333333333334 0.17625 0.24555555555555555
3 0.13625 0.7577777777777778 0.13375 0.28444444444444444
1 0.369375 0.18055555555555555 0.12 0.27
1 0.641875 0.5833333333333334 0.185 0.31555555555555553
4 0.71625 0.7366666666666667 0.16375 0.25555555555555554
2 0.855 0.5416666666666666 0.15875 0.27666666666666667
2 0.1675 0.3761111111111111 0.195 0.35444444444444445
0 0.426875 0.24222222222222223 0.15 0.2911111111111111
2 0.2884375 0.43833333333333335 0.155625 0.27444444444444444
1 0.5765625 0.6716666666666666 0.166875 0.3322222222222222
