4 0.08625 0.5522222222222222 0.16375 0.3
0 0.5521875 0.33111111111111113 0.166875 0.28
0 0.679375 0.40444444444444444 0.11125 0.21555555555555556
4 0.6165625 0.7811111111111111 0.158125 0.30666666666666664
3 0.124375 0.20666666666666667 0.165 0.26666666666666666
4 0.6071875 0.7577777777777778 0.144375 0.28
3 0.3540625 0.18944444444444444 0.124375 0.2588888888888889
3 0.5821875 0.7183333333333334 0.081875 0.18333333333333332
4 0.853125 0.155 0.12625 0.2611111111111111
2 0.3975 0.5438888888888889 0.155 0.3188888888888889
0 0.2246875 0.3761111111111111 0.121875 0.22333333333333333
4 0.36 0.585625 0.2 0.175
4 0.4855555555555556 0.2859375 0.2222222222222222 0.138125
3 0.2588888888888889 0.14375 0.2288888888888889 0.135
4 0.5883333333333334 0.41375 0.19666666666666666 0.1125
0 0.4166666666666667 0.37875 0.27111111111111114 0.18625
