4 0.685 0.545 0.1175 0.2388888888888889
2 0.4159375 0.6961111111111111 0.169375 0.35
2 0.24375 0.7505555555555555 0.12 0.2677777777777778
2 0.859375 0.4661111111111111 0.17125 0.2722222222222222
3 0.5365625 0.6705555555555556 0.108125 0.2922222222222222
2 0.2334375 0.42333333333333334 0.116875 0.20222222222222222
4 0.7 0.26 0.1275 0.28
2 0.3790625 0.3288888888888889 0.100625 0.21555555555555556
3 0.87 0.18611111111111112 0.1775 0.28555555555555556
4 0.665625 0.3388888888888889 0.145 0.30666666666666664
2 0.859375 0.7622222222222222 0.16125 0.2866666666666667
3 0.273125 0.45222222222222225 0.1025 0.24444444444444444
3 0.0915625 0.16111111111111112 0.110625 0.24
0 0.474375 0.6011111111111112 0.13375 0.25333333333333335
0 0.591875 0.7194444444444444 0.13875 0.24555555555555555
3 0.3259375 0.17444444444444446 0.125625 0.17555555555555555
3 0.7090625 0.47 0.143125 0.18444444444444444
4 0.2365625 0.5855555555555556 0.096875 0.19555555555555557
1 0.5565625 0.3005555555555556 0.138125 0.28555555555555556
4 0.3590625 0.405 0.125625 0.2788888888888889
0 0.13375 0.7527777777777778 0.16625 0.2588888888888889
