2 0.35388888888888886 0.1346875 0.23666666666666666 0.148125
0 0.5361111111111111 0.849375 0.22555555555555556 0.13625
4 0.17055555555555554 0.6103125 0.24555555555555555 0.139375
4 0.3028125 0.22055555555555556 0.120625 0.2677777777777778
4 0.8490625 0.73 0.121875 0.21555555555555556
4 0.65125 0.6016666666666667 0.09 0.22777777777777777
2 0.14 0.3438888888888889 0.15875 0.2477777777777778
4 0.5961111111111111 0.8325 0.15444444444444444 0.10125
1 0.175 0.520625 0.2677777777777778 0.18375
0 0.0865625 0.5866666666666667 0.111875 0.19111111111111112
4 0.83875 0.4855555555555556 0.12375 0.19777777777777777
4 0.55875 0.4161111111111111 0.16125 0.2677777777777778
3 0.0853125 0.46944444444444444 0.106875 0.25
4 0.740625 0.39444444444444443 0.165 0.27111111111111114
3 0.17222222222222222 0.4059375 0.20222222222222222 0.126875
1 0.2783333333333333 0.8396875 0.20333333333333334 0.121875
0 0.7127777777777777 0.6865625 0.22111111111111112 0.106875
3 0.5761111111111111 0.25375 0.16111111111111112 0.1125
3 0.841875 0.13555555555555557 0.10375 0.2288888888888889
1 0.3278125 0.7577777777777778 0.150625 0.32222222222222224
2 0.498125 0.5794444444444444 0.1325 0.2544444444444444
0 0.14 0.43333333333333335 0.1325 0.24888888888888888
