4 0.828125 0.39944444444444444 0.09375 0.14777777777777779
2 0.305 0.7394444444444445 0.145 0.2811111111111111
3 0.4784375 0.5794444444444444 0.125625 0.23444444444444446
3 0.1159375 0.19833333333333333 0.131875 0.2922222222222222
0 0.6609375 0.12944444444444445 0.144375 0.2477777777777778
0 0.07625 0.2861111111111111 0.135 0.2611111111111111
2 0.466875 0.5783333333333334 0.1425 0.2411111111111111
4 0.2484375 0.6977777777777778 0.093125 0.17777777777777778
0 0.7461111111111111 0.6803125 0.2411111111111111 0.161875
0 0.19111111111111112 0.8596875 0.3377777777777778 0.159375
2 0.42944444444444446 0.1246875 0.21222222222222223 0.134375
1 0.35833333333333334 0.853125 0.23444444444444446 0.14
1 0.48444444444444446 0.2571875 0.23555555555555555 0.095625
4 0.6294444444444445 0.475 0.27444444444444444 0.14875
0 0.628125 0.41388888888888886 0.1625 0.25666666666666665
0 0.3765625 0.7461111111111111 0.131875 0.2677777777777778
0 0.23722222222222222 0.1196875 0.21888888888888888 0.150625
4 0.7388888888888889 0.6765625 0.24888888888888888 0.153125
2 0.3661111111111111 0.84875 0.23444444444444446 0.12625
0 0.8615625 0.7594444444444445 0.150625 0.29888888888888887
1 0.13375 0.6055555555555555 0.12 0.24444444444444444
2 0.6846875 0.35333333333333333 0.153125 0.24222222222222223
