0 0.213125 0.4816666666666667 0.14625 0.27444444444444444
3 0.8471875 0.21444444444444444 0.131875 0.29333333333333333
1 0.6015625 0.6272222222222222 0.154375 0.19666666666666666
1 0.481875 0.395 0.17125 0.28555555555555556
0 0.074375 0.5488888888888889 0.125 0.22444444444444445
4 0.70875 0.3877777777777778 0.10375 0.28444444444444444
1 0.629375 0.7855555555555556 0.19 0.3333333333333333
3 0.475625 0.24888888888888888 0.1275 0.19333333333333333
3 0.2259375 0.18388888888888888 0.118125 0.25
4 0.336875 0.6155555555555555 0.095 0.18
4 0.120625 0.4911111111111111 0.1525 0.30444444444444446
3 0.085625 0.1111111111111111 0.1225 0.21555555555555556
4 0.5871875 0.7288888888888889 0.111875 0.2222222222222222
0 0.17444444444444446 0.344375 0.28444444444444444 0.16625
4 0.7494444444444445 0.8365625 0.2544444444444444 0.126875
0 0.68625 0.5161111111111111 0.12375 0.22777777777777777
4 0.8284375 0.18333333333333332 0.105625 0.21555555555555556
1 0.3715625 0.3838888888888889 0.099375 0.1811111111111111
3 0.53875 0.21666666666666667 0.105 0.22
2 0.1240625 0.54 0.145625 0.24222222222222223
4 0.673125 0.6105555555555555 0.15125 0.27444444444444444
4 0.49 0.32944444444444443 0.16 0.2677777777777778
