0 0.346875 0.4338888888888889 0.125 0.24333333333333335
0 0.12 0.3761111111111111 0.17375 0.33444444444444443
4 0.73625 0.6711111111111111 0.15 0.3022222222222222
0 0.6 0.1338888888888889 0.12875 0.26555555555555554
0 0.4621875 0.525 0.104375 0.21666666666666667
4 0.244375 0.21055555555555555 0.17125 0.21222222222222223
1 0.8553125 0.38555555555555554 0.133125 0.27111111111111114
1 0.5834375 0.24555555555555555 0.066875 0.18
4 0.730625 0.5455555555555556 0.1225 0.2111111111111111
3 0.1346875 0.6605555555555556 0.111875 0.26555555555555554
3 0.2621875 0.46444444444444444 0.131875 0.20222222222222222
1 0.7525 0.6016666666666667 0.1675 0.31222222222222223
4 0.51625 0.41388888888888886 0.1675 0.26555555555555554
3 0.8359375 0.53 0.111875 0.18888888888888888
0 0.5940625 0.4 0.135625 0.25555555555555554
4 0.3353125 0.18888888888888888 0.125625 0.15777777777777777
4 0.1128125 0.7627777777777778 0.186875 0.3277777777777778
4 0.4971875 0.3516666666666667 0.164375 0.2966666666666667
4 0.1053125 0.20944444444444443 0.108125 0.17222222222222222
1 0.586875 0.4111111111111111 0.10125 0.25333333333333335
3 0.2296875 0.7322222222222222 0.114375 0.24888888888888888
0 0.8459375 0.7033333333333334 0.119375 0.19333333333333333
4 0.2153125 0.5322222222222223 0.108125 0.2111111111111111
0 0.3621875 0.47444444444444445 0.151875 0.27555555555555555
1 0.5959375 0.2722222222222222 0.119375 0.2311111111111111
0 0.47125 0.6294444444444445 0.12 0.22555555555555556
4 0.82875 0.48444444444444446 0.10125 0.22666666666666666
4 0.268125 0.35888888888888887 0.14625 0.22
