4 0.380625 0.3827777777777778 0.1225 0.23444444444444446
4 0.863125 0.17222222222222222 0.1625 0.2733333333333333
3 0.2265625 0.27111111111111114 0.123125 0.24222222222222223
4 0.074375 0.49833333333333335 0.12625 0.23444444444444446
3 0.8353125 0.2361111111111111 0.099375 0.20555555555555555
1 0.1234375 0.7427777777777778 0.121875 0.2788888888888889
4 0.4846875 0.2761111111111111 0.133125 0.2411111111111111
0 0.35888888888888887 0.2253125 0.30444444444444446 0.185625
4 0.46555555555555556 0.0775 0.20444444444444446 0.15375
4 0.5238888888888888 0.5909375 0.16555555555555557 0.125625
4 0.45611111111111113 0.86875 0.3433333333333333 0.15375
0 0.8634375 0.5583333333333333 0.159375 0.2788888888888889
3 0.60375 0.22333333333333333 0.11125 0.21777777777777776
0 0.7471875 0.4633333333333333 0.163125 0.2911111111111111
3 0.7294444444444445 0.3571875 0.2011111111111111 0.126875
4 0.11777777777777777 0.110625 0.20222222222222222 0.12625
3 0.8646875 0.6661111111111111 0.145625 0.27
3 0.353125 0.2388888888888889 0.115 0.22444444444444445
