4 0.7088888888888889 0.2965625 0.20444444444444446 0.130625
4 0.21 0.4859375 0.21777777777777776 0.143125
2 0.3438888888888889 0.6628125 0.23444444444444446 0.130625
3 0.585 0.853125 0.21 0.14375
2 0.4722222222222222 0.085625 0.23777777777777778 0.075
2 0.5433333333333333 0.363125 0.22444444444444445 0.10125
4 0.22833333333333333 0.63 0.3188888888888889 0.16875
3 0.35555555555555557 0.1584375 0.2111111111111111 0.158125
3 0.11875 0.2222222222222222 0.1425 0.3288888888888889
2 0.6853125 0.25722222222222224 0.194375 0.35
3 0.368125 0.1511111111111111 0.13 0.28
0 0.8784375 0.7438888888888889 0.183125 0.2922222222222222
4 0.3334375 0.14833333333333334 0.161875 0.29444444444444445
3 0.8428125 0.31333333333333335 0.133125 0.31333333333333335
1 0.1384375 0.7472222222222222 0.120625 0.24333333333333335
4 0.67625 0.43444444444444447 0.15 0.24222222222222223
0 0.705 0.5425 0.19666666666666666 0.1225
3 0.3022222222222222 0.2175 0.2 0.08625
4 0.4222222222222222 0.6971875 0.23777777777777778 0.124375
2 0.245 0.8778125 0.2877777777777778 0.178125
