0 0.525 0.5884375 0.18555555555555556 0.113125
4 0.19611111111111112 0.4871875 0.27444444444444444 0.156875
4 0.7322222222222222 0.8421875 0.22666666666666666 0.129375
4 0.4596875 0.14777777777777779 0.124375 0.26666666666666666
2 0.090625 0.5505555555555556 0.165 0.29444444444444445
0 0.5890625 0.6244444444444445 0.123125 0.24666666666666667
0 0.3328125 0.3161111111111111 0.111875 0.21666666666666667
3 0.856875 0.1361111111111111 0.165 0.2611111111111111
3 0.084375 0.5483333333333333 0.11125 0.27666666666666667
1 0.3233333333333333 0.445 0.24444444444444444 0.10875
2 0.5783333333333334 0.3321875 0.2477777777777778 0.141875
0 0.6477777777777778 0.8503125 0.21777777777777776 0.145625
4 0.4922222222222222 0.5875 0.24444444444444444 0.13625
3 0.4653125 0.7211111111111111 0.113125 0.22666666666666666
4 0.1075 0.2866666666666667 0.14875 0.26222222222222225
1 0.6625 0.12222222222222222 0.13125 0.23333333333333334
0 0.631875 0.38333333333333336 0.17625 0.30444444444444446
1 0.8459375 0.5705555555555556 0.131875 0.2877777777777778
1 0.3715625 0.7411111111111112 0.126875 0.23777777777777778
4 0.7511111111111111 0.6646875 0.3022222222222222 0.143125
4 0.2061111111111111 0.2696875 0.26555555555555554 0.140625
