1 0.1125 0.6561111111111111 0.11125 0.27
1 0.6146875 0.5805555555555556 0.138125 0.30333333333333334
4 0.8728125 0.46166666666666667 0.165625 0.2477777777777778
4 0.8365625 0.5427777777777778 0.098125 0.19
1 0.1146875 0.4622222222222222 0.145625 0.34
3 0.36125 0.7383333333333333 0.1425 0.27
1 0.596875 0.25833333333333336 0.11625 0.2411111111111111
3 0.3996875 0.7127777777777777 0.104375 0.22555555555555556
2 0.2853125 0.4716666666666667 0.170625 0.31444444444444447
1 0.845625 0.33944444444444444 0.11 0.2388888888888889
0 0.1265625 0.2594444444444444 0.148125 0.2677777777777778
3 0.35888888888888887 0.37375 0.18444444444444444 0.12375
0 0.5833333333333334 0.151875 0.27555555555555555 0.1525
2 0.481875 0.595 0.1425 0.25222222222222224
4 0.31125 0.49666666666666665 0.14125 0.26
0 0.685 0.7722222222222223 0.1575 0.31777777777777777
1 0.1527777777777778 0.6178125 0.2411111111111111 0.160625
4 0.2338888888888889 0.1078125 0.21 0.100625
4 0.6244444444444445 0.245 0.21555555555555556 0.135
2 0.5366666666666666 0.484375 0.23333333333333334 0.13375
0 0.43666666666666665 0.724375 0.22666666666666666 0.13375
