4 0.5428125 0.6416666666666667 0.119375 0.26555555555555554
3 0.843125 0.21555555555555556 0.1025 0.17333333333333334
0 0.0734375 0.46 0.131875 0.2733333333333333
3 0.6090625 0.6872222222222222 0.173125 0.3233333333333333
0 0.48 0.3838888888888889 0.1725 0.3233333333333333
1 0.35 0.16722222222222222 0.17 0.2922222222222222
3 0.8528125 0.24666666666666667 0.144375 0.2511111111111111
1 0.2159375 0.2822222222222222 0.093125 0.22
1 0.7378125 0.43 0.149375 0.34
0 0.3690625 0.4766666666666667 0.151875 0.26
0 0.6253125 0.67 0.170625 0.29777777777777775
3 0.276875 0.31 0.11125 0.2222222222222222
4 0.675625 0.48333333333333334 0.1725 0.2911111111111111
4 0.478125 0.175 0.145 0.22777777777777777
3 0.120625 0.5955555555555555 0.12375 0.24444444444444444
3 0.8471875 0.7255555555555555 0.121875 0.20444444444444446
3 0.3003125 0.15055555555555555 0.119375 0.25222222222222224
1 0.493125 0.33166666666666667 0.14125 0.31666666666666665
4 0.6275 0.5644444444444444 0.16625 0.2911111111111111
4 0.8384375 0.44333333333333336 0.123125 0.24888888888888888
4 0.2871875 0.8 0.183125 0.35777777777777775
4 0.1359375 0.37555555555555553 0.113125 0.31555555555555553
3 0.24888888888888888 0.8775 0.24888888888888888 0.17875
0 0.3827777777777778 0.3690625 0.19 0.128125
