4 0.3546875 0.4488888888888889 0.160625 0.30444444444444446
4 0.56 0.71 0.11625 0.16444444444444445
0 0.1515625 0.39944444444444444 0.151875 0.23666666666666666
4 0.72 0.6444444444444445 0.1525 0.2644444444444444
2 0.2853125 0.20833333333333334 0.135625 0.31444444444444447
2 0.5971875 0.5416666666666666 0.124375 0.22555555555555556
4 0.086875 0.17666666666666667 0.09625 0.2777777777777778
4 0.3465625 0.31333333333333335 0.119375 0.16
4 0.3353125 0.38722222222222225 0.101875 0.20333333333333334
4 0.5946875 0.7177777777777777 0.121875 0.24
3 0.0940625 0.57 0.118125 0.2577777777777778
2 0.8184375 0.7222222222222222 0.088125 0.2088888888888889
0 0.3175 0.49722222222222223 0.1825 0.2922222222222222
1 0.1938888888888889 0.129375 0.19444444444444445 0.125
1 0.3811111111111111 0.4109375 0.15333333333333332 0.111875
4 0.5316666666666666 0.578125 0.2477777777777778 0.15875
0 0.7594444444444445 0.8728125 0.28555555555555556 0.170625
3 0.28833333333333333 0.279375 0.17666666666666667 0.1375
4 0.1059375 0.6005555555555555 0.154375 0.33444444444444443
3 0.3334375 0.22555555555555556 0.113125 0.2644444444444444
4 0.5853125 0.7455555555555555 0.119375 0.28444444444444444
4 0.8634375 0.41333333333333333 0.178125 0.3
