3 0.83 0.7683333333333333 0.1125 0.2833333333333333
1 0.259375 0.6555555555555556 0.14875 0.2733333333333333
2 0.5528125 0.3288888888888889 0.146875 0.2644444444444444
4 0.6803125 0.21055555555555555 0.108125 0.2411111111111111
2 0.415625 0.5533333333333333 0.1675 0.28444444444444444
0 0.85875 0.7572222222222222 0.14875 0.2788888888888889
3 0.4084375 0.27944444444444444 0.158125 0.2833333333333333
1 0.24625 0.5133333333333333 0.13625 0.27111111111111114
3 0.67875 0.6016666666666667 0.0925 0.20777777777777778
2 0.27375 0.44 0.17375 0.24666666666666667
1 0.746875 0.15722222222222224 0.155 0.2966666666666667
1 0.50375 0.3433333333333333 0.15125 0.26
4 0.3884375 0.6477777777777778 0.161875 0.25333333333333335
2 0.8584375 0.36666666666666664 0.158125 0.22666666666666666
2 0.4925 0.5127777777777778 0.145 0.29
0 0.3 0.25166666666666665 0.12 0.22555555555555556
4 0.34 0.13944444444444445 0.18375 0.25
3 0.1471875 0.3 0.146875 0.27111111111111114
3 0.8321875 0.43 0.119375 0.2311111111111111
4 0.5040625 0.6166666666666667 0.161875 0.30444444444444446
3 0.48125 0.30444444444444446 0.12875 0.25555555555555554
2 0.8646875 0.42777777777777776 0.174375 0.33111111111111113
0 0.06875 0.5211111111111111 0.11875 0.20222222222222222
4 0.60375 0.46166666666666667 0.14875 0.26555555555555554
0 0.3415625 0.3611111111111111 0.144375 0.24444444444444444
4 0.8703125 0.75 0.161875 0.29777777777777775
4 0.4653125 0.24333333333333335 0.131875 0.19111111111111112
3 0.1975 0.6577777777777778 0.11625 0.29555555555555557
