0 0.0846875 0.6033333333333334 0.129375 0.24888888888888888
1 0.264375 0.1388888888888889 0.10625 0.22
3 0.2996875 0.2 0.153125 0.19333333333333333
4 0.8475 0.7066666666666667 0.14 0.18222222222222223
1 0.6496875 0.4811111111111111 0.114375 0.24444444444444444
2 0.4715625 0.34944444444444445 0.126875 0.23666666666666666
2 0.3428125 0.3477777777777778 0.111875 0.2111111111111111
1 0.1175 0.2688888888888889 0.1575 0.23333333333333334
4 0.5878125 0.6166666666666667 0.105625 0.2088888888888889
4 0.8421875 0.5477777777777778 0.118125 0.2511111111111111
3 0.2090625 0.7044444444444444 0.093125 0.20444444444444446
4 0.4715625 0.14777777777777779 0.121875 0.1688888888888889
4 0.6025 0.30722222222222223 0.1 0.1922222222222222
4 0.1309375 0.5661111111111111 0.109375 0.23
1 0.506875 0.5066666666666667 0.14625 0.27111111111111114
4 0.2459375 0.4 0.101875 0.21777777777777776
0 0.8825 0.2877777777777778 0.1825 0.3111111111111111
2 0.37875 0.74 0.12875 0.2577777777777778
4 0.0621875 0.17222222222222222 0.121875 0.2577777777777778
0 0.2859375 0.7844444444444445 0.178125 0.34
2 0.4784375 0.33666666666666667 0.170625 0.3022222222222222
0 0.649375 0.43277777777777776 0.12125 0.20777777777777778
1 0.8646875 0.735 0.160625 0.23222222222222222
2 0.0765625 0.3622222222222222 0.140625 0.2688888888888889
2 0.5953125 0.16833333333333333 0.140625 0.27
1 0.2715625 0.685 0.176875 0.3277777777777778
0 0.7359375 0.47555555555555556 0.154375 0.29777777777777775
4 0.134375 0.7444444444444445 0.14 0.2511111111111111
4 0.4796875 0.525 0.116875 0.2011111111111111
