0 0.495 0.4022222222222222 0.14 0.26666666666666666
1 0.1625 0.6444444444444445 0.18 0.2577777777777778
0 0.3834375 0.255 0.151875 0.3011111111111111
4 0.726875 0.5633333333333334 0.13375 0.26
4 0.8228125 0.31277777777777777 0.089375 0.2011111111111111
4 0.294375 0.57 0.0925 0.17777777777777778
4 0.140625 0.21666666666666667 0.1375 0.2777777777777778
1 0.4727777777777778 0.1284375 0.2588888888888889 0.156875
0 0.31722222222222224 0.483125 0.20555555555555555 0.13
3 0.6966666666666667 0.84375 0.19111111111111112 0.11375
0 0.854375 0.22666666666666666 0.15875 0.28444444444444444
3 0.714375 0.38555555555555554 0.12 0.2577777777777778
0 0.2540625 0.3338888888888889 0.163125 0.3277777777777778
0 0.3609375 0.48444444444444446 0.135625 0.28444444444444444
3 0.4721875 0.6838888888888889 0.116875 0.16555555555555557
4 0.4666666666666667 0.1128125 0.2777777777777778 0.149375
4 0.34555555555555556 0.7059375 0.23555555555555555 0.146875
4 0.7255555555555555 0.5528125 0.19555555555555557 0.138125
1 0.6383333333333333 0.3959375 0.22111111111111112 0.121875
3 0.55 0.22333333333333333 0.10875 0.2088888888888889
0 0.686875 0.7672222222222222 0.0975 0.31666666666666665
1 0.1559375 0.345 0.175625 0.25666666666666665
4 0.286875 0.5555555555555556 0.1525 0.2866666666666667
4 0.5311111111111111 0.118125 0.21777777777777776 0.18125
2 0.3622222222222222 0.6171875 0.22444444444444445 0.178125
