0 0.2571875 0.27166666666666667 0.106875 0.21444444444444444
3 0.650625 0.5638888888888889 0.11875 0.1811111111111111
2 0.85125 0.7305555555555555 0.13125 0.20333333333333334
4 0.2325 0.5627777777777778 0.1475 0.29444444444444445
3 0.4653125 0.5333333333333333 0.133125 0.20444444444444446
2 0.08625 0.4761111111111111 0.14625 0.27666666666666667
4 0.1925 0.7255555555555555 0.1025 0.21555555555555556
0 0.8615625 0.2038888888888889 0.153125 0.29
4 0.7196875 0.3022222222222222 0.125625 0.22
1 0.4715625 0.24888888888888888 0.146875 0.27555555555555555
3 0.8353125 0.43444444444444447 0.098125 0.15555555555555556
4 0.1934375 0.7211111111111111 0.108125 0.23555555555555555
4 0.27625 0.4494444444444444 0.14125 0.21888888888888888
1 0.648125 0.31277777777777777 0.12 0.23666666666666666
4 0.844375 0.34944444444444445 0.11875 0.23444444444444446
3 0.3365625 0.7622222222222222 0.103125 0.27111111111111114
3 0.593125 0.17722222222222223 0.11625 0.2833333333333333
0 0.48875 0.27111111111111114 0.1575 0.27555555555555555
4 0.1175 0.48277777777777775 0.16375 0.30333333333333334
3 0.17888888888888888 0.3728125 0.14222222222222222 0.123125
3 0.435 0.1671875 0.3277777777777778 0.178125
4 0.5666666666666667 0.8384375 0.2644444444444444 0.121875
