4 0.840625 0.33 0.13 0.24222222222222223
1 0.4090625 0.6488888888888888 0.118125 0.2822222222222222
0 0.6890625 0.7294444444444445 0.108125 0.20333333333333334
3 0.5403125 0.5055555555555555 0.095625 0.23555555555555555
2 0.1384375 0.29777777777777775 0.145625 0.3
4 0.2840625 0.37722222222222224 0.153125 0.21888888888888888
0 0.2828125 0.37444444444444447 0.156875 0.29555555555555557
4 0.1375 0.6272222222222222 0.155 0.2477777777777778
2 0.5653125 0.45611111111111113 0.144375 0.27444444444444444
1 0.6078125 0.2738888888888889 0.153125 0.26555555555555554
2 0.355 0.44166666666666665 0.155 0.29444444444444445
0 0.859375 0.5711111111111111 0.14875 0.24666666666666667
4 0.0896875 0.695 0.130625 0.18555555555555556
3 0.44055555555555553 0.32 0.2722222222222222 0.16875
1 0.25055555555555553 0.8371875 0.1922222222222222 0.116875
2 0.6033333333333334 0.51375 0.29777777777777775 0.19375
1 0.55 0.6144444444444445 0.13 0.22
1 0.7146875 0.3788888888888889 0.153125 0.29555555555555557
4 0.38375 0.7277777777777777 0.10375 0.26222222222222225
2 0.2659375 0.25555555555555554 0.174375 0.2311111111111111
2 0.110625 0.4888888888888889 0.16875 0.3333333333333333
4 0.8634375 0.4411111111111111 0.156875 0.3333333333333333
