0 0.3678125 0.5783333333333334 0.160625 0.3188888888888889
4 0.8334375 0.7388888888888889 0.098125 0.22444444444444445
0 0.37444444444444447 0.8596875 0.2822222222222222 0.154375
0 0.735 0.2946875 0.22555555555555556 0.139375
2 0.095625 0.5338888888888889 0.1775 0.3188888888888889
3 0.6928125 0.155 0.126875 0.2811111111111111
4 0.1490625 0.6694444444444444 0.140625 0.2588888888888889
0 0.858125 0.475 0.15 0.2833333333333333
77777777777778
0 0.7403125 0.4905555555555556 0.160625 0.2388888888888889
1 0.2675 0.5605555555555556 0.145 0.21
0 0.6334375 0.30833333333333335 0.090625 0.2388888888888889
0 0.3771875 0.38 0.131875 0.18666666666666668
3 0.8284375 0.2544444444444444 0.103125 0.2733333333333333
3 0.86375 0.5905555555555555 0.15875 0.23222222222222222
0 0.358125 0.5661111111111111 0.1375 0.2477777777777778
1 0.5971875 0.3794444444444444 0.120625 0.23222222222222222
0 0.859375 0.24166666666666667 0.15 0.31444444444444447
