0 0.8453125 0.7594444444444445 0.131875 0.27444444444444444
4 0.0809375 0.2 0.113125 0.19333333333333333
4 0.284375 0.38555555555555554 0.1425 0.30666666666666664
3 0.5644444444444444 0.6225 0.2577777777777778 0.17125
3 0.16444444444444445 0.3478125 0.21777777777777776 0.119375
1 0.75 0.1140625 0.24666666666666667 0.148125
4 0.8603125 0.355 0.149375 0.25666666666666665
2 0.6134375 0.6283333333333333 0.129375 0.21222222222222223
4 0.7459375 0.24388888888888888 0.158125 0.23222222222222222
2 0.5009375 0.175 0.141875 0.29
4 0.0621875 0.15666666666666668 0.114375 0.24444444444444444
1 0.3971875 0.30277777777777776 0.169375 0.29888888888888887
1 0.873125 0.5883333333333334 0.18625 0.2722222222222222
4 0.1059375 0.7588888888888888 0.156875 0.29333333333333333
4 0.5565625 0.655 0.143125 0.29444444444444445
0 0.8409375 0.49722222222222223 0.128125 0.21666666666666667
0 0.2721875 0.17888888888888888 0.156875 0.2911111111111111
0 0.61875 0.4177777777777778 0.1575 0.32
