0 0.6472222222222223 0.105 0.2833333333333333 0.1925
1 0.175 0.3478125 0.3011111111111111 0.159375
4 0.4211111111111111 0.714375 0.21555555555555556 0.115
0 0.2388888888888889 0.601875 0.23777777777777778 0.14875
4 0.705 0.19375 0.20555555555555555 0.11125
0 0.57 0.8796875 0.32222222222222224 0.185625
4 0.2096875 0.43833333333333335 0.145625 0.2588888888888889
0 0.323125 0.7111111111111111 0.11125 0.22
3 0.7165625 0.5927777777777777 0.113125 0.17888888888888888
3 0.436875 0.3 0.07625 0.17777777777777778
1 0.075625 0.25166666666666665 0.13875 0.27666666666666667
0 0.6003125 0.14055555555555554 0.141875 0.2477777777777778
1 0.4771875 0.5355555555555556 0.134375 0.20222222222222222
1 0.12375 0.7455555555555555 0.16625 0.3
3 0.83125 0.18777777777777777 0.10375 0.14888888888888888
0 0.344375 0.4677777777777778 0.115 0.22666666666666666
3 0.231875 0.6661111111111111 0.13625 0.30333333333333334
4 0.0925 0.37333333333333335 0.12125 0.24222222222222223
4 0.47875 0.4672222222222222 0.14375 0.18333333333333332
4 0.8515625 0.7611111111111111 0.139375 0.2777777777777778
0 0.115625 0.3055555555555556 0.14875 0.29777777777777775
0 0.21875 0.15333333333333332 0.10625 0.17555555555555555
4 0.716875 0.6405555555555555 0.10375 0.23222222222222222
0 0.59625 0.5588888888888889 0.1425 0.2511111111111111
4 0.315 0.45444444444444443 0.0925 0.2088888888888889
3 0.724375 0.25277777777777777 0.1425 0.3011111111111111
0 0.4559375 0.29 0.118125 0.2111111111111111
4 0.8603125 0.4027777777777778 0.156875 0.27
3 0.1925 0.7466666666666667 0.10375 0.29555555555555557
4 0.12 0.41333333333333333 0.15625 0.2577777777777778
4 0.8559375 0.3288888888888889 0.138125 0.25555555555555554
0 0.5146875 0.7616666666666667 0.200625 0.29
0 0.219375 0.23166666666666666 0.1075 0.22555555555555556
