0 0.4828125 0.235 0.130625 0.2544444444444444
0 0.8428125 0.49333333333333335 0.113125 0.2777777777777778
0 0.4288888888888889 0.28125 0.2577777777777778 0.15125
4 0.6988888888888889 0.424375 0.19777777777777777 0.1475
1 0.30277777777777776 0.716875 0.20555555555555555 0.1525
0 0.24166666666666667 0.56875 0.2811111111111111 0.14625
1 0.8453125 0.7294444444444445 0.116875 0.2477777777777778
3 0.094375 0.5122222222222222 0.12875 0.2088888888888889
0 0.854375 0.6516666666666666 0.15 0.2811111111111111
4 0.3309375 0.7338888888888889 0.081875 0.21
4 0.5978125 0.375 0.123125 0.22777777777777777
1 0.1171875 0.5705555555555556 0.146875 0.25222222222222224
4 0.86375 0.2111111111111111 0.1625 0.26666666666666666
1 0.7015625 0.26611111111111113 0.139375 0.25666666666666665
3 0.08625 0.685 0.1625 0.3388888888888889
1 0.235 0.3688888888888889 0.1475 0.2733333333333333
0 0.2115625 0.46 0.159375 0.29777777777777775
0 0.8525 0.33166666666666667 0.12875 0.23444444444444446
2 0.3321875 0.25555555555555554 0.138125 0.2777777777777778
4 0.7259375 0.51 0.138125 0.20222222222222222
