4 0.839375 0.2633333333333333 0.11125 0.23555555555555555
2 0.7396875 0.7716666666666666 0.201875 0.2966666666666667
3 0.1425 0.15333333333333332 0.16375 0.25333333333333335
4 0.4509375 0.5161111111111111 0.080625 0.21666666666666667
4 0.378125 0.12777777777777777 0.1775 0.21777777777777776
0 0.8496875 0.21666666666666667 0.153125 0.20222222222222222
4 0.2246875 0.7111111111111111 0.111875 0.21555555555555556
2 0.7334375 0.43444444444444447 0.195625 0.3422222222222222
3 0.0759375 0.48777777777777775 0.120625 0.22
1 0.4184375 0.6722222222222223 0.185625 0.36
1 0.5534375 0.27444444444444444 0.145625 0.2511111111111111
4 0.5965625 0.7044444444444444 0.101875 0.19111111111111112
0 0.3884375 0.5722222222222222 0.164375 0.29777777777777775
0 0.85875 0.20333333333333334 0.1475 0.3
0 0.7384375 0.4727777777777778 0.159375 0.3011111111111111
4 0.1575 0.275 0.16875 0.31444444444444447
1 0.25375 0.7588888888888888 0.1275 0.26222222222222225
2 0.610625 0.3522222222222222 0.1375 0.2644444444444444
4 0.4875 0.5444444444444444 0.12625 0.24222222222222223
3 0.7071875 0.14555555555555555 0.096875 0.16666666666666666
0 0.4915625 0.7094444444444444 0.129375 0.18777777777777777
1 0.63125 0.4261111111111111 0.17625 0.35888888888888887
3 0.111875 0.41333333333333333 0.1275 0.22666666666666666
