0 0.6140625 0.36944444444444446 0.170625 0.3211111111111111
1 0.83625 0.1361111111111111 0.1075 0.24555555555555555
4 0.3378125 0.54 0.125625 0.2688888888888889
0 0.106875 0.7711111111111111 0.17125 0.3377777777777778
4 0.24875 0.6944444444444444 0.08625 0.18222222222222223
2 0.841875 0.22833333333333333 0.13625 0.29444444444444445
3 0.066875 0.4766666666666667 0.10125 0.2688888888888889
0 0.4603125 0.3377777777777778 0.130625 0.25333333333333335
1 0.5044444444444445 0.4846875 0.29333333333333333 0.129375
4 0.5411111111111111 0.6015625 0.19333333333333333 0.119375
0 0.37777777777777777 0.8440625 0.2111111111111111 0.115625
0 0.31777777777777777 0.25625 0.2644444444444444 0.16125
3 0.745 0.1275 0.25666666666666665 0.1475
3 0.8284375 0.35888888888888887 0.096875 0.24222222222222223
4 0.586875 0.25833333333333336 0.125 0.23
0 0.463125 0.5733333333333334 0.1325 0.29555555555555557
0 0.10375 0.505 0.18 0.34555555555555556
1 0.2 0.7377777777777778 0.1175 0.24666666666666667
1 0.253125 0.5288888888888889 0.17625 0.32222222222222224
2 0.0903125 0.1638888888888889 0.158125 0.31222222222222223
3 0.5365625 0.7416666666666667 0.126875 0.26555555555555554
1 0.71125 0.4061111111111111 0.1675 0.31666666666666665
4 0.7205555555555555 0.4621875 0.19444444444444445 0.120625
2 0.30833333333333335 0.2878125 0.26555555555555554 0.156875
2 0.15166666666666667 0.076875 0.25 0.11875
