0 0.1415625 0.5177777777777778 0.131875 0.26222222222222225
4 0.725 0.7483333333333333 0.15875 0.27
4 0.8571875 0.29055555555555557 0.136875 0.2611111111111111
4 0.574375 0.17555555555555555 0.1425 0.2577777777777778
0 0.1638888888888889 0.6121875 0.2833333333333333 0.139375
4 0.5694444444444444 0.1384375 0.3211111111111111 0.146875
4 0.860625 0.5977777777777777 0.1475 0.28888888888888886
4 0.460625 0.14833333333333334 0.13375 0.27
4 0.2409375 0.7005555555555556 0.086875 0.2011111111111111
2 0.3622222222222222 0.3665625 0.25555555555555554 0.116875
3 0.5244444444444445 0.6265625 0.18444444444444444 0.163125
4 0.7466666666666667 0.143125 0.23333333333333334 0.14375
4 0.5583333333333333 0.241875 0.3611111111111111 0.1575
0 0.7538888888888889 0.7175 0.2544444444444444 0.17875
3 0.080625 0.17055555555555554 0.11375 0.25
4 0.425 0.283125 0.20555555555555555 0.18
4 0.7755555555555556 0.74125 0.3244444444444444 0.16125
1 0.165 0.3765625 0.26555555555555554 0.133125
4 0.5505555555555556 0.4990625 0.2633333333333333 0.144375
4 0.22777777777777777 0.6009375 0.19777777777777777 0.114375
