4 0.389375 0.3438888888888889 0.09125 0.1922222222222222
3 0.7046875 0.11166666666666666 0.128125 0.20333333333333334
3 0.555625 0.7544444444444445 0.12625 0.3
3 0.2803125 0.4955555555555556 0.169375 0.2577777777777778
3 0.814375 0.5566666666666666 0.0625 0.18444444444444444
4 0.6575 0.7005555555555556 0.1325 0.20555555555555555
3 0.4690625 0.19722222222222222 0.138125 0.2588888888888889
4 0.5311111111111111 0.261875 0.23555555555555555 0.11375
0 0.6488888888888888 0.569375 0.2733333333333333 0.1475
1 0.715 0.4209375 0.20555555555555555 0.140625
0 0.1190625 0.18444444444444444 0.123125 0.22444444444444445
3 0.67 0.5944444444444444 0.13375 0.24222222222222223
1 0.8753125 0.3527777777777778 0.180625 0.29444444444444445
3 0.47875 0.4311111111111111 0.115 0.18222222222222223
4 0.0928125 0.15611111111111112 0.128125 0.25666666666666665
0 0.8275 0.7088888888888889 0.1075 0.22666666666666666
2 0.3621875 0.56 0.196875 0.24
0 0.7427777777777778 0.8546875 0.23 0.130625
