4 0.7178125 0.5277777777777778 0.115625 0.2222222222222222
4 0.5984375 0.7255555555555555 0.121875 0.24222222222222223
4 0.144375 0.6688888888888889 0.1925 0.31777777777777777
4 0.3615625 0.1288888888888889 0.138125 0.1711111111111111
1 0.23125 0.42388888888888887 0.1225 0.2011111111111111
4 0.4890625 0.36 0.148125 0.26
1 0.7215625 0.5616666666666666 0.180625 0.3477777777777778
1 0.2428125 0.7338888888888889 0.134375 0.2611111111111111
0 0.4090625 0.4411111111111111 0.163125 0.32222222222222224
4 0.84875 0.2838888888888889 0.13125 0.22333333333333333
0 0.5421875 0.6127777777777778 0.125625 0.23444444444444446
1 0.86375 0.20166666666666666 0.15875 0.20555555555555555
0 0.24 0.6188888888888889 0.11625 0.24
3 0.0975 0.7366666666666667 0.1325 0.27555555555555555
3 0.40125 0.31722222222222224 0.1375 0.23666666666666666
2 0.6890625 0.4011111111111111 0.110625 0.20444444444444446
4 0.1371875 0.12166666666666667 0.151875 0.23
1 0.2753125 0.7394444444444445 0.140625 0.25666666666666665
3 0.415625 0.2788888888888889 0.1325 0.30444444444444446
0 0.553125 0.5116666666666667 0.12 0.28555555555555556
3 0.4990625 0.5061111111111111 0.161875 0.30333333333333334
4 0.1403125 0.435 0.158125 0.33
0 0.871875 0.26722222222222225 0.1925 0.33
4 0.505 0.8675 0.31 0.1825
0 0.215 0.0925 0.23 0.14625
0 0.7488888888888889 0.48875 0.29555555555555557 0.1825
3 0.6144444444444445 0.29875 0.2777777777777778 0.18125
4 0.29833333333333334 0.846875 0.1811111111111111 0.11375
3 0.7544444444444445 0.08625 0.26222222222222225 0.17
2 0.08611111111111111 0.3375 0.17222222222222222 0.1475
0 0.5205555555555555 0.59125 0.21 0.12875
