1 0.4053125 0.6316666666666667 0.110625 0.2588888888888889
4 0.6025 0.5655555555555556 0.125 0.24222222222222223
4 0.3734375 0.37555555555555553 0.138125 0.22
0 0.85 0.2538888888888889 0.1475 0.33444444444444443
1 0.1190625 0.39 0.136875 0.26666666666666666
0 0.8340625 0.7233333333333334 0.116875 0.2222222222222222
4 0.5853125 0.5322222222222223 0.103125 0.19555555555555557
0 0.37375 0.22 0.15875 0.24444444444444444
4 0.6228125 0.7722222222222223 0.166875 0.31777777777777777
1 0.8478125 0.4272222222222222 0.126875 0.31666666666666665
3 0.18666666666666668 0.865 0.20666666666666667 0.16375
2 0.3927777777777778 0.3353125 0.2611111111111111 0.134375
4 0.0896875 0.4305555555555556 0.135625 0.27666666666666667
3 0.331875 0.2594444444444444 0.1075 0.2588888888888889
3 0.613125 0.6144444444444445 0.15625 0.31777777777777777
0 0.340625 0.6733333333333333 0.14 0.2777777777777778
