3 0.1303125 0.6016666666666667 0.114375 0.21666666666666667
1 0.4978125 0.5005555555555555 0.140625 0.25222222222222224
3 0.55 0.633125 0.22444444444444445 0.16875
4 0.1622222222222222 0.39375 0.21777777777777776 0.1625
0 0.7561111111111111 0.16125 0.25222222222222224 0.17
3 0.6015625 0.7233333333333334 0.119375 0.23555555555555555
0 0.8475 0.5522222222222222 0.14375 0.26222222222222225
0 0.269375 0.21555555555555556 0.1475 0.32
0 0.500625 0.35055555555555556 0.1425 0.22111111111111112
2 0.7255555555555555 0.468125 0.24888888888888888 0.15125
4 0.5811111111111111 0.2665625 0.22 0.131875
1 0.6403125 0.3827777777777778 0.191875 0.30333333333333334
3 0.339375 0.7288888888888889 0.075 0.23555555555555555
2 0.1384375 0.18777777777777777 0.156875 0.29333333333333333
