1 0.835 0.3638888888888889 0.11125 0.29888888888888887
2 0.0928125 0.15 0.105625 0.27111111111111114
3 0.7134375 0.7383333333333333 0.115625 0.2477777777777778
2 0.59 0.6255555555555555 0.115 0.2222222222222222
4 0.8571875 0.5416666666666666 0.139375 0.26555555555555554
0 0.2409375 0.3061111111111111 0.179375 0.31666666666666665
3 0.5961111111111111 0.318125 0.23 0.1525
3 0.21833333333333332 0.13125 0.22555555555555556 0.15375
0 0.7672222222222222 0.6746875 0.3277777777777778 0.146875
0 0.599375 0.555 0.11 0.25666666666666665
0 0.1603125 0.23277777777777778 0.169375 0.29888888888888887
4 0.1438888888888889 0.7275 0.2411111111111111 0.18375
0 0.7238888888888889 0.071875 0.22333333333333333 0.0725
