4 0.0990625 0.19833333333333333 0.103125 0.16777777777777778
0 0.55125 0.7127777777777777 0.125 0.22555555555555556
4 0.6790625 0.5033333333333333 0.085625 0.19555555555555557
3 0.2346875 0.6288888888888889 0.080625 0.25333333333333335
0 0.39875 0.4288888888888889 0.11375 0.24222222222222223
2 0.8575 0.16111111111111112 0.14625 0.2511111111111111
0 0.6703125 0.5077777777777778 0.176875 0.29777777777777775
4 0.26625 0.2088888888888889 0.13625 0.20222222222222222
1 0.834375 0.7444444444444445 0.12125 0.26666666666666666
4 0.26 0.425 0.12875 0.27666666666666667
2 0.5046875 0.26 0.143125 0.25333333333333335
4 0.623125 0.495 0.14375 0.2611111111111111
0 0.8384375 0.705 0.099375 0.21888888888888888
1 0.7234375 0.3238888888888889 0.106875 0.22777777777777777
0 0.1525 0.675 0.15 0.31444444444444447
3 0.2365625 0.5238888888888888 0.110625 0.2833333333333333
4 0.544375 0.20222222222222222 0.13125 0.3
1 0.3796875 0.7094444444444444 0.099375 0.21444444444444444
2 0.68375 0.2777777777777778 0.1125 0.2311111111111111
0 0.5327777777777778 0.080625 0.2544444444444444 0.15
2 0.30722222222222223 0.84 0.18333333333333332 0.1225
1 0.7016666666666667 0.318125 0.21222222222222223 0.11
0 0.12611111111111112 0.59125 0.2011111111111111 0.14125
1 0.6309375 0.45666666666666667 0.178125 0.3488888888888889
4 0.125 0.735 0.1475 0.22555555555555556
1 0.8459375 0.2361111111111111 0.116875 0.2477777777777778
4 0.3928125 0.6116666666666667 0.193125 0.3188888888888889
