1 0.33 0.3759375 0.22666666666666666 0.135625
0 0.4177777777777778 0.1309375 0.24444444444444444 0.111875
0 0.6355555555555555 0.845 0.20666666666666667 0.13875
3 0.605 0.495625 0.30333333333333334 0.14125
0 0.7538888888888889 0.6275 0.2833333333333333 0.17125
1 0.4905555555555556 0.7246875 0.23222222222222222 0.131875
3 0.3111111111111111 0.2571875 0.3466666666666667 0.131875
3 0.459375 0.45555555555555555 0.11375 0.2644444444444444
0 0.66875 0.6155555555555555 0.15125 0.28
1 0.1528125 0.3238888888888889 0.151875 0.27
4 0.674375 0.44222222222222224 0.1325 0.22666666666666666
4 0.3221875 0.20777777777777778 0.136875 0.31777777777777777
1 0.8284375 0.24166666666666667 0.073125 0.2011111111111111
4 0.566875 0.3927777777777778 0.1725 0.27444444444444444
0 0.2396875 0.5883333333333334 0.140625 0.20777777777777778
0 0.0909375 0.14555555555555555 0.154375 0.23777777777777778
0 0.3675 0.47944444444444445 0.085 0.21888888888888888
0 0.12375 0.7266666666666667 0.1325 0.25333333333333335
4 0.3690625 0.6 0.138125 0.31777777777777777
4 0.8603125 0.4488888888888889 0.150625 0.33111111111111113
3 0.24 0.7105555555555556 0.125 0.21888888888888888
0 0.083125 0.5927777777777777 0.11 0.22111111111111112
0 0.5590625 0.4022222222222222 0.165625 0.31555555555555553
0 0.4059375 0.15944444444444444 0.158125 0.3055555555555556
2 0.7121875 0.5288888888888889 0.173125 0.33111111111111113
