0 0.1553125 0.6694444444444444 0.154375 0.2966666666666667
2 0.11875 0.7794444444444445 0.16875 0.30333333333333334
0 0.8596875 0.6372222222222222 0.141875 0.27666666666666667
1 0.3125 0.4988888888888889 0.18 0.2577777777777778
4 0.49375 0.36277777777777775 0.165 0.24333333333333335
3 0.146875 0.7438888888888889 0.13875 0.2877777777777778
0 0.3903125 0.37277777777777776 0.156875 0.31666666666666665
0 0.624375 0.16722222222222222 0.15625 0.29
3 0.446875 0.6594444444444445 0.11 0.28555555555555556
1 0.1940625 0.28444444444444444 0.125625 0.2288888888888889
3 0.685 0.23 0.105 0.22
1 0.409375 0.72 0.13875 0.2
4 0.125 0.4711111111111111 0.155 0.3022222222222222
4 0.38125 0.3572222222222222 0.16 0.29
2 0.61 0.6594444444444445 0.13375 0.2722222222222222
3 0.2603125 0.6133333333333333 0.103125 0.2733333333333333
4 0.071875 0.7183333333333334 0.1125 0.2411111111111111
