1 0.0759375 0.7211111111111111 0.118125 0.2311111111111111
4 0.849375 0.2761111111111111 0.15 0.2788888888888889
0 0.5890625 0.4172222222222222 0.134375 0.25
4 0.31125 0.5238888888888888 0.1625 0.29888888888888887
0 0.685 0.785 0.185 0.3477777777777778
0 0.5771875 0.7038888888888889 0.101875 0.21666666666666667
4 0.70375 0.4011111111111111 0.09875 0.17777777777777778
2 0.4671875 0.16333333333333333 0.138125 0.2688888888888889
0 0.100625 0.4533333333333333 0.13125 0.26
0 0.4225 0.6677777777777778 0.14375 0.29333333333333333
4 0.27625 0.25555555555555554 0.145 0.23333333333333334
1 0.8784375 0.5772222222222222 0.173125 0.30333333333333334
2 0.720625 0.43444444444444447 0.1525 0.2088888888888889
3 0.5503125 0.3427777777777778 0.105625 0.21666666666666667
4 0.2061111111111111 0.8546875 0.23 0.153125
3 0.7655555555555555 0.10625 0.29333333333333333 0.135
4 0.5561111111111111 0.3434375 0.22777777777777777 0.116875
4 0.856875 0.39 0.13875 0.2866666666666667
3 0.0809375 0.5655555555555556 0.161875 0.27111111111111114
