2 0.8440625 0.42944444444444446 0.143125 0.21888888888888888
4 0.1178125 0.2427777777777778 0.129375 0.23222222222222222
0 0.2796875 0.37 0.165625 0.29333333333333333
4 0.4065625 0.7866666666666666 0.131875 0.3511111111111111
0 0.7159375 0.5844444444444444 0.175625 0.33555555555555555
4 0.4728125 0.7172222222222222 0.119375 0.21
3 0.3090625 0.63 0.155625 0.3088888888888889
4 0.6159375 0.5605555555555556 0.149375 0.25222222222222224
4 0.82875 0.7355555555555555 0.0875 0.21333333333333335
3 0.1153125 0.17055555555555554 0.123125 0.24555555555555555
3 0.3609375 0.33944444444444444 0.126875 0.19666666666666666
4 0.3790625 0.4 0.153125 0.27555555555555555
0 0.595625 0.18722222222222223 0.11375 0.21666666666666667
3 0.7425 0.49444444444444446 0.17125 0.28
1 0.85125 0.7727777777777778 0.15125 0.28555555555555556
4 0.2465625 0.2761111111111111 0.124375 0.21222222222222223
3 0.310625 0.47888888888888886 0.17875 0.25555555555555554
0 0.4578125 0.37277777777777776 0.099375 0.2922222222222222
3 0.6465625 0.6972222222222222 0.103125 0.19666666666666666
1 0.1046875 0.6172222222222222 0.140625 0.28555555555555556
4 0.8371875 0.22444444444444445 0.110625 0.24222222222222223
4 0.3984375 0.6788888888888889 0.149375 0.33111111111111113
4 0.6975 0.17444444444444446 0.13125 0.20222222222222222
3 0.0515625 0.7233333333333334 0.071875 0.19777777777777777
1 0.2553125 0.5577777777777778 0.171875 0.3088888888888889
4 0.263125 0.26666666666666666 0.17 0.3466666666666667
3 0.09125 0.335 0.13125 0.27
1 0.706875 0.5533333333333333 0.14125 0.2777777777777778
2 0.3946875 0.6516666666666666 0.128125 0.2611111111111111
3 0.8396875 0.7805555555555556 0.100625 0.30333333333333334
