3 0.5903125 0.7316666666666667 0.129375 0.22555555555555556
1 0.3478125 0.3061111111111111 0.138125 0.24555555555555555
3 0.1025 0.6638888888888889 0.14 0.26555555555555554
1 0.72 0.42277777777777775 0.1425 0.3055555555555556
0 0.48 0.22666666666666666 0.155 0.26
4 0.135 0.7294444444444445 0.1225 0.2011111111111111
1 0.865625 0.41444444444444445 0.1625 0.3
3 0.3584375 0.5438888888888889 0.095625 0.19444444444444445
3 0.605625 0.16111111111111112 0.11625 0.15777777777777777
3 0.8321875 0.7338888888888889 0.105625 0.27
4 0.358125 0.3016666666666667 0.13125 0.24555555555555555
2 0.103125 0.15666666666666668 0.17875 0.2577777777777778
0 0.2690625 0.5838888888888889 0.130625 0.24555555555555555
3 0.455625 0.74 0.12375 0.2688888888888889
4 0.0859375 0.135 0.128125 0.19444444444444445
4 0.655625 0.46166666666666667 0.14 0.2788888888888889
4 0.4690625 0.7222222222222222 0.143125 0.2311111111111111
3 0.585 0.5688888888888889 0.115 0.28
4 0.8784375 0.7488888888888889 0.184375 0.30666666666666664
1 0.3496875 0.2588888888888889 0.161875 0.3244444444444444
3 0.6846875 0.5061111111111111 0.176875 0.27444444444444444
1 0.8425 0.4088888888888889 0.13625 0.31777777777777777
