0 0.255 0.8033333333333333 0.17125 0.3488888888888889
4 0.1178125 0.5511111111111111 0.141875 0.2644444444444444
1 0.7434375 0.6394444444444445 0.164375 0.23222222222222222
2 0.379375 0.2311111111111111 0.17375 0.2511111111111111
3 0.8528125 0.13277777777777777 0.136875 0.2633333333333333
3 0.6034375 0.4311111111111111 0.130625 0.23333333333333334
4 0.5096875 0.3655555555555556 0.188125 0.3111111111111111
4 0.221875 0.49 0.12125 0.24444444444444444
0 0.855625 0.7616666666666667 0.145 0.2788888888888889
0 0.5816666666666667 0.51875 0.30333333333333334 0.18625
2 0.3705555555555556 0.8575 0.2388888888888889 0.1575
3 0.24666666666666667 0.7284375 0.1688888888888889 0.135625
3 0.44222222222222224 0.6215625 0.20222222222222222 0.156875
4 0.6838888888888889 0.0621875 0.13444444444444445 0.106875
4 0.2388888888888889 0.529375 0.2111111111111111 0.12125
0 0.6761111111111111 0.403125 0.31222222222222223 0.175
0 0.3194444444444444 0.8321875 0.17888888888888888 0.111875
3 0.710625 0.45166666666666666 0.1075 0.27
0 0.5046875 0.7544444444444445 0.170625 0.2911111111111111
1 0.2646875 0.5822222222222222 0.165625 0.33555555555555555
1 0.615625 0.7416666666666667 0.15 0.2877777777777778
4 0.844375 0.5527777777777778 0.12625 0.22555555555555556
4 0.3546875 0.3972222222222222 0.109375 0.23
2 0.0875 0.1738888888888889 0.1125 0.22555555555555556
