3 0.6596875 0.19333333333333333 0.121875 0.22444444444444445
3 0.835625 0.6166666666666667 0.10125 0.2733333333333333
2 0.544375 0.5072222222222222 0.15 0.27444444444444444
4 0.215625 0.19722222222222222 0.105 0.14333333333333334
4 0.82375 0.34444444444444444 0.09625 0.19333333333333333
4 0.3834375 0.12444444444444444 0.134375 0.24222222222222223
3 0.3678125 0.5427777777777778 0.128125 0.22555555555555556
0 0.604375 0.7411111111111112 0.1275 0.23555555555555555
0 0.55 0.4934375 0.21555555555555556 0.131875
4 0.5166666666666667 0.74875 0.31555555555555553 0.1725
3 0.6494444444444445 0.870625 0.25 0.18125
0 0.2759375 0.5783333333333334 0.154375 0.21
0 0.6578125 0.35888888888888887 0.138125 0.26222222222222225
1 0.446875 0.7083333333333334 0.10625 0.22333333333333333
4 0.235 0.3571875 0.32555555555555554 0.176875
3 0.5727777777777778 0.0825 0.2788888888888889 0.1475
3 0.4922222222222222 0.6171875 0.29777777777777775 0.176875
0 0.29388888888888887 0.225 0.2633333333333333 0.1725
3 0.565625 0.3572222222222222 0.1475 0.26555555555555554
3 0.856875 0.6472222222222223 0.1425 0.2677777777777778
