2 0.0565625 0.5822222222222222 0.105625 0.2911111111111111
1 0.8625 0.37666666666666665 0.14875 0.24888888888888888
0 0.3421875 0.19722222222222222 0.154375 0.2588888888888889
1 0.5940625 0.7311111111111112 0.135625 0.21777777777777776
0 0.6603125 0.14777777777777779 0.134375 0.24666666666666667
3 0.478125 0.6183333333333333 0.1525 0.30777777777777776
1 0.8721875 0.34055555555555556 0.174375 0.3388888888888889
4 0.2634375 0.6972222222222222 0.105625 0.17222222222222222
0 0.31444444444444447 0.84 0.22 0.11375
3 0.4109375 0.6505555555555556 0.113125 0.3233333333333333
2 0.70125 0.38055555555555554 0.11625 0.21
1 0.5684375 0.16833333333333333 0.139375 0.21222222222222223
3 0.8559375 0.6994444444444444 0.136875 0.20777777777777778
4 0.3283333333333333 0.27375 0.25222222222222224 0.17
0 0.41333333333333333 0.56 0.2222222222222222 0.1525
1 0.24166666666666667 0.7209375 0.2788888888888889 0.179375
0 0.4855555555555556 0.399375 0.16444444444444445 0.12625
3 0.7444444444444445 0.858125 0.28 0.15875
3 0.2896875 0.3461111111111111 0.146875 0.2966666666666667
3 0.2521875 0.48833333333333334 0.123125 0.23444444444444446
4 0.59875 0.23222222222222222 0.11625 0.19333333333333333
4 0.8365625 0.5583333333333333 0.124375 0.21888888888888888
4 0.4721875 0.4083333333333333 0.095625 0.23222222222222222
