3 0.59375 0.7072222222222222 0.1275 0.19
4 0.7125 0.20333333333333334 0.115 0.1688888888888889
3 0.45375 0.33055555555555555 0.0975 0.2588888888888889
1 0.738125 0.5938888888888889 0.16875 0.3055555555555556
0 0.3315625 0.7205555555555555 0.109375 0.24333333333333335
1 0.0965625 0.4738888888888889 0.140625 0.22111111111111112
2 0.2471875 0.2872222222222222 0.191875 0.3188888888888889
4 0.4759375 0.4216666666666667 0.146875 0.27444444444444444
3 0.5765625 0.32055555555555554 0.096875 0.23
0 0.24833333333333332 0.3109375 0.22555555555555556 0.161875
0 0.6033333333333334 0.1125 0.2088888888888889 0.1275
1 0.7205555555555555 0.476875 0.2011111111111111 0.13125
0 0.3965625 0.15555555555555556 0.135625 0.23777777777777778
4 0.6990625 0.7177777777777777 0.139375 0.22666666666666666
0 0.115625 0.43 0.17375 0.3333333333333333
4 0.135 0.84625 0.23 0.13375
0 0.5844444444444444 0.375625 0.31777777777777777 0.19375
0 0.3433333333333333 0.599375 0.24222222222222223 0.14125
1 0.845625 0.5438888888888889 0.1425 0.21666666666666667
3 0.1346875 0.7361111111111112 0.153125 0.22777777777777777
3 0.3453125 0.3438888888888889 0.096875 0.19
4 0.4988888888888889 0.5934375 0.2911111111111111 0.141875
4 0.57 0.8575 0.2688888888888889 0.16125
0 0.3605555555555556 0.3284375 0.17666666666666667 0.120625
2 0.6438888888888888 0.2290625 0.2544444444444444 0.176875
1 0.7061111111111111 0.7234375 0.21444444444444444 0.148125
