1 0.874375 0.2238888888888889 0.1775 0.33
1 0.0734375 0.3 0.124375 0.20222222222222222
3 0.6546875 0.5894444444444444 0.125625 0.22111111111111112
3 0.2884375 0.44666666666666666 0.168125 0.21555555555555556
4 0.45 0.72 0.10375 0.2
4 0.82875 0.38555555555555554 0.0875 0.1622222222222222
4 0.0790625 0.3227777777777778 0.111875 0.23222222222222222
4 0.7034375 0.24 0.141875 0.26222222222222225
4 0.38125 0.5505555555555556 0.1075 0.2966666666666667
2 0.1321875 0.7511111111111111 0.150625 0.28444444444444444
1 0.4959375 0.16111111111111112 0.144375 0.24444444444444444
0 0.86875 0.4938888888888889 0.15625 0.3411111111111111
1 0.31625 0.5694444444444444 0.1525 0.20777777777777778
0 0.4766666666666667 0.8346875 0.24666666666666667 0.119375
1 0.29777777777777775 0.370625 0.23777777777777778 0.16
3 0.3861111111111111 0.5978125 0.2388888888888889 0.130625
4 0.20944444444444443 0.125 0.23444444444444446 0.1525
4 0.831875 0.7072222222222222 0.1125 0.1988888888888889
4 0.3371875 0.16722222222222222 0.120625 0.1811111111111111
4 0.745625 0.655 0.15875 0.25
4 0.3478125 0.56 0.101875 0.23333333333333334
4 0.615 0.7722222222222223 0.14375 0.3088888888888889
1 0.8671875 0.28833333333333333 0.155625 0.21
4 0.49875 0.4911111111111111 0.1575 0.2688888888888889
1 0.4272222222222222 0.7071875 0.27444444444444444 0.161875
0 0.5111111111111111 0.849375 0.2222222222222222 0.15
