1 0.26375 0.7205555555555555 0.14 0.23222222222222222
3 0.47625 0.3433333333333333 0.17625 0.30444444444444446
0 0.6515625 0.7133333333333334 0.109375 0.22444444444444445
4 0.45 0.5644444444444444 0.09125 0.21777777777777776
1 0.8534375 0.5638888888888889 0.158125 0.27
4 0.73125 0.2611111111111111 0.14875 0.2288888888888889
4 0.2596875 0.7522222222222222 0.130625 0.2577777777777778
1 0.708125 0.2816666666666667 0.13125 0.24555555555555555
2 0.13625 0.44555555555555554 0.1825 0.3422222222222222
1 0.5684375 0.15722222222222224 0.150625 0.22777777777777777
1 0.4388888888888889 0.5475 0.2822222222222222 0.13875
4 0.21722222222222223 0.8615625 0.25 0.159375
1 0.5272222222222223 0.7196875 0.2544444444444444 0.179375
1 0.34 0.26625 0.2911111111111111 0.18375
0 0.515 0.5894444444444444 0.1675 0.31444444444444447
1 0.1403125 0.19055555555555556 0.121875 0.19666666666666666
0 0.856875 0.40055555555555555 0.1475 0.27666666666666667
3 0.263125 0.48833333333333334 0.13375 0.2811111111111111
2 0.6059375 0.7205555555555555 0.115625 0.23444444444444446
4 0.1203125 0.7216666666666667 0.100625 0.24555555555555555
4 0.8584375 0.2561111111111111 0.138125 0.24555555555555555
0 0.3865625 0.43 0.154375 0.28444444444444444
0 0.2740625 0.5711111111111111 0.169375 0.25555555555555554
0 0.730625 0.48388888888888887 0.1225 0.23666666666666666
1 0.6090625 0.31722222222222224 0.119375 0.21444444444444444
