0 0.3016666666666667 0.095625 0.26555555555555554 0.12875
3 0.36 0.49375 0.19777777777777777 0.18125
3 0.5377777777777778 0.598125 0.18444444444444444 0.1425
0 0.7366666666666667 0.8365625 0.21333333333333335 0.123125
4 0.4727777777777778 0.714375 0.2388888888888889 0.1275
0 0.745 0.140625 0.28555555555555556 0.16375
0 0.21888888888888888 0.85375 0.18888888888888888 0.13
4 0.635 0.2890625 0.3055555555555556 0.169375
0 0.655 0.7927777777777778 0.1325 0.33666666666666667
4 0.474375 0.49277777777777776 0.16 0.2611111111111111
0 0.05875 0.6044444444444445 0.10625 0.2222222222222222
1 0.838125 0.21611111111111111 0.10875 0.23
1 0.25125 0.34833333333333333 0.1025 0.23444444444444446
4 0.658125 0.6072222222222222 0.13375 0.26555555555555554
3 0.4584375 0.29388888888888887 0.116875 0.23222222222222222
3 0.8490625 0.7811111111111111 0.133125 0.31555555555555553
0 0.5071875 0.5066666666666667 0.173125 0.33555555555555555
4 0.845625 0.19333333333333333 0.145 0.2688888888888889
1 0.2996875 0.7705555555555555 0.110625 0.30333333333333334
0 0.55 0.61 0.12125 0.2288888888888889
0 0.388125 0.48277777777777775 0.095 0.2011111111111111
3 0.715625 0.235 0.15375 0.15888888888888889
1 0.4278125 0.23333333333333334 0.140625 0.2511111111111111
0 0.544375 0.7383333333333333 0.085 0.25
4 0.87 0.45222222222222225 0.16 0.28444444444444444
4 0.2734375 0.6327777777777778 0.119375 0.2411111111111111
