2 0.8571875 0.6233333333333333 0.169375 0.3333333333333333
0 0.124375 0.3011111111111111 0.17125 0.32666666666666666
4 0.6771875 0.7494444444444445 0.145625 0.25
1 0.8584375 0.4022222222222222 0.158125 0.3111111111111111
3 0.3178125 0.6055555555555555 0.126875 0.21555555555555556
4 0.570625 0.7483333333333333 0.1675 0.26555555555555554
2 0.4275 0.22444444444444445 0.1825 0.2822222222222222
4 0.8428125 0.51 0.108125 0.21555555555555556
3 0.6865625 0.2822222222222222 0.098125 0.18666666666666668
3 0.0915625 0.6461111111111111 0.113125 0.27444444444444444
4 0.8615625 0.6444444444444445 0.141875 0.2511111111111111
2 0.380625 0.29 0.13875 0.2688888888888889
4 0.1496875 0.22055555555555556 0.155625 0.31
1 0.17722222222222223 0.65 0.34555555555555556 0.20125
0 0.2528125 0.7166666666666667 0.128125 0.19555555555555557
0 0.8275 0.3972222222222222 0.10625 0.23666666666666666
3 0.4896875 0.4905555555555556 0.133125 0.2544444444444444
3 0.62375 0.565 0.1675 0.23222222222222222
0 0.3609375 0.6438888888888888 0.110625 0.22111111111111112
0 0.7596875 0.35555555555555557 0.205625 0.3244444444444444
4 0.15125 0.24833333333333332 0.16 0.26555555555555554
3 0.6321875 0.5194444444444445 0.180625 0.30333333333333334
3 0.7221875 0.7305555555555555 0.125625 0.22111111111111112
1 0.8315625 0.5561111111111111 0.108125 0.21
