2 0.2388888888888889 0.1325 0.30444444444444446 0.16625
2 0.4911111111111111 0.310625 0.28 0.1575
4 0.5738888888888889 0.65375 0.1811111111111111 0.11375
1 0.17555555555555555 0.855 0.16444444444444445 0.145
4 0.4922222222222222 0.3746875 0.2733333333333333 0.194375
0 0.3672222222222222 0.4615625 0.1988888888888889 0.115625
1 0.42944444444444446 0.2290625 0.31 0.195625
4 0.6888888888888889 0.478125 0.30666666666666664 0.17125
1 0.7211111111111111 0.074375 0.19555555555555557 0.14625
1 0.18833333333333332 0.713125 0.17444444444444446 0.12
1 0.49277777777777776 0.6040625 0.2611111111111111 0.163125
4 0.469375 0.485 0.14625 0.2922222222222222
4 0.2803125 0.2038888888888889 0.149375 0.2611111111111111
4 0.0815625 0.7383333333333333 0.133125 0.26555555555555554
1 0.6088888888888889 0.51875 0.29777777777777775 0.2075
0 0.33666666666666667 0.3203125 0.3088888888888889 0.170625
1 0.85 0.6288888888888889 0.13875 0.22444444444444445
0 0.57625 0.24388888888888888 0.15625 0.3188888888888889
4 0.135 0.3016666666666667 0.12125 0.21888888888888888
4 0.274375 0.5188888888888888 0.1175 0.22
1 0.7134375 0.41333333333333333 0.148125 0.22666666666666666
0 0.6053125 0.20222222222222222 0.156875 0.2511111111111111
1 0.8546875 0.4083333333333333 0.156875 0.30777777777777776
1 0.095 0.5294444444444445 0.1325 0.1922222222222222
