0 0.7116666666666667 0.60875 0.22777777777777777 0.15
3 0.5422222222222223 0.1153125 0.21777777777777776 0.123125
0 0.621875 0.21777777777777776 0.1475 0.3088888888888889
3 0.3578125 0.35777777777777775 0.094375 0.2311111111111111
0 0.8828125 0.4011111111111111 0.189375 0.29777777777777775
2 0.05625 0.5738888888888889 0.1125 0.2788888888888889
0 0.858125 0.4266666666666667 0.165 0.2577777777777778
4 0.699375 0.315 0.13875 0.23222222222222222
3 0.1296875 0.7394444444444445 0.159375 0.2877777777777778
0 0.57625 0.5688888888888889 0.1825 0.34444444444444444
0 0.34833333333333333 0.353125 0.2588888888888889 0.1725
2 0.4588888888888889 0.224375 0.2777777777777778 0.16875
0 0.2594444444444444 0.6078125 0.2833333333333333 0.174375
4 0.745 0.7271875 0.2411111111111111 0.159375
4 0.278125 0.3933333333333333 0.14 0.2688888888888889
4 0.844375 0.6166666666666667 0.11375 0.2577777777777778
1 0.6971875 0.15611111111111112 0.109375 0.25222222222222224
2 0.4325 0.3022222222222222 0.15875 0.31555555555555553
0 0.58125 0.5133333333333333 0.1675 0.28
1 0.1215625 0.7294444444444445 0.115625 0.25222222222222224
2 0.69125 0.7233333333333334 0.10875 0.22
