4 0.14 0.5444444444444444 0.12375 0.21555555555555556
4 0.619375 0.4111111111111111 0.14125 0.29333333333333333
4 0.5825 0.35555555555555557 0.10875 0.2311111111111111
1 0.3178125 0.16833333333333333 0.105625 0.23
4 0.3928125 0.7966666666666666 0.148125 0.3377777777777778
4 0.0934375 0.6655555555555556 0.166875 0.3022222222222222
4 0.2421875 0.4161111111111111 0.155625 0.2544444444444444
4 0.6184375 0.5366666666666666 0.136875 0.22666666666666666
1 0.85 0.75 0.1275 0.24666666666666667
3 0.565 0.6061111111111112 0.1475 0.25
0 0.428125 0.2861111111111111 0.16 0.3233333333333333
