3 0.5628125 0.22055555555555556 0.158125 0.32555555555555554
4 0.71875 0.3333333333333333 0.165 0.3244444444444444
4 0.236875 0.5088888888888888 0.1175 0.22
2 0.40944444444444444 0.4090625 0.2877777777777778 0.171875
4 0.6505555555555556 0.0884375 0.28555555555555556 0.154375
0 0.0825 0.37722222222222224 0.12875 0.25222222222222224
3 0.6640625 0.11444444444444445 0.076875 0.21555555555555556
3 0.3790625 0.49722222222222223 0.114375 0.2477777777777778
1 0.5453125 0.7866666666666666 0.143125 0.33555555555555555
0 0.2309375 0.5833333333333334 0.121875 0.17555555555555555
1 0.5161111111111111 0.84625 0.17222222222222222 0.12
4 0.25833333333333336 0.3403125 0.25666666666666665 0.144375
0 0.6538888888888889 0.4828125 0.2477777777777778 0.170625
1 0.2721875 0.48277777777777775 0.118125 0.2788888888888889
4 0.1015625 0.36777777777777776 0.158125 0.3111111111111111
4 0.865 0.7505555555555555 0.15625 0.2877777777777778
2 0.0721875 0.5144444444444445 0.105625 0.18888888888888888
0 0.1984375 0.6177777777777778 0.103125 0.20444444444444446
4 0.7744444444444445 0.8675 0.32666666666666666 0.19
0 0.5283333333333333 0.155625 0.23222222222222222 0.1525
3 0.14555555555555555 0.6053125 0.26 0.128125
