4 0.870625 0.46444444444444444 0.175 0.34
3 0.5609375 0.21222222222222223 0.170625 0.25333333333333335
0 0.0875 0.7244444444444444 0.145 0.23333333333333334
0 0.0875 0.2644444444444444 0.10375 0.23777777777777778
4 0.7 0.5444444444444444 0.15 0.31777777777777777
1 0.2403125 0.39166666666666666 0.115625 0.25222222222222224
4 0.0771875 0.35888888888888887 0.143125 0.21777777777777776
4 0.85125 0.71 0.13125 0.2
1 0.35375 0.20166666666666666 0.17625 0.2611111111111111
3 0.36833333333333335 0.5871875 0.21666666666666667 0.166875
1 0.5911111111111111 0.135 0.2 0.1175
2 0.7383333333333333 0.295625 0.2633333333333333 0.15375
2 0.5161111111111111 0.724375 0.2811111111111111 0.15625
2 0.5825 0.7605555555555555 0.13125 0.31222222222222223
3 0.1953125 0.32611111111111113 0.123125 0.2677777777777778
4 0.468125 0.2627777777777778 0.1575 0.3055555555555556
4 0.09125 0.5622222222222222 0.17 0.24666666666666667
4 0.613125 0.11777777777777777 0.15 0.22666666666666666
0 0.5 0.3616666666666667 0.17125 0.29888888888888887
0 0.869375 0.5838888888888889 0.1675 0.3277777777777778
1 0.371875 0.45166666666666666 0.1625 0.2722222222222222
0 0.2378125 0.7644444444444445 0.141875 0.2733333333333333
4 0.71875 0.20666666666666667 0.11375 0.19777777777777777
0 0.1121875 0.6661111111111111 0.138125 0.28555555555555556
1 0.7425 0.37444444444444447 0.16875 0.31555555555555553
3 0.4628125 0.5444444444444444 0.094375 0.24222222222222223
2 0.865 0.2644444444444444 0.17125 0.3022222222222222
4 0.61 0.7461111111111111 0.14625 0.23222222222222222
