4 0.7244444444444444 0.45 0.2088888888888889 0.12375
2 0.46444444444444444 0.5825 0.2733333333333333 0.13
3 0.8371875 0.7161111111111111 0.124375 0.21
4 0.5334375 0.4538888888888889 0.135625 0.31666666666666665
0 0.684375 0.20722222222222222 0.12875 0.2411111111111111
4 0.62 0.57 0.155 0.29333333333333333
2 0.514375 0.1988888888888889 0.18875 0.3111111111111111
3 0.838125 0.24055555555555555 0.1 0.20555555555555555
1 0.84 0.3005555555555556 0.13375 0.1922222222222222
3 0.351875 0.6694444444444444 0.1075 0.12555555555555556
0 0.126875 0.115 0.13125 0.22111111111111112
1 0.4553125 0.41944444444444445 0.121875 0.23666666666666666
4 0.85375 0.6327777777777778 0.1475 0.2633333333333333
0 0.0621875 0.21222222222222223 0.105625 0.2222222222222222
0 0.7159375 0.10277777777777777 0.129375 0.2011111111111111
3 0.5753125 0.34055555555555556 0.104375 0.2788888888888889
0 0.5861111111111111 0.4975 0.30777777777777776 0.17
1 0.4811111111111111 0.245625 0.27111111111111114 0.1475
2 0.41944444444444445 0.6215625 0.3188888888888889 0.178125
