0 0.6909375 0.19444444444444445 0.173125 0.3111111111111111
3 0.295625 0.7338888888888889 0.115 0.26555555555555554
4 0.490625 0.29333333333333333 0.13875 0.2288888888888889
4 0.1103125 0.42777777777777776 0.110625 0.21555555555555556
3 0.848125 0.62 0.12 0.32
4 0.70125 0.11722222222222223 0.09875 0.21444444444444444
3 0.846875 0.45555555555555555 0.145 0.3022222222222222
4 0.095625 0.2972222222222222 0.10875 0.1811111111111111
3 0.4953125 0.6483333333333333 0.175625 0.29444444444444445
4 0.6009375 0.7027777777777777 0.141875 0.20555555555555555
1 0.3303125 0.5438888888888889 0.076875 0.19666666666666666
1 0.241875 0.6088888888888889 0.15375 0.2911111111111111
4 0.8565625 0.26666666666666666 0.133125 0.26
4 0.3575 0.5216666666666666 0.135 0.2788888888888889
4 0.4915625 0.6872222222222222 0.153125 0.2833333333333333
4 0.3315625 0.5238888888888888 0.100625 0.23222222222222222
4 0.741875 0.7383333333333333 0.16125 0.2611111111111111
4 0.5934375 0.6422222222222222 0.118125 0.2688888888888889
2 0.089375 0.22944444444444445 0.1225 0.2411111111111111
2 0.7275 0.43166666666666664 0.17125 0.2544444444444444
4 0.5753125 0.6655555555555556 0.161875 0.29333333333333333
3 0.2703125 0.5427777777777778 0.140625 0.2633333333333333
4 0.4015625 0.2966666666666667 0.108125 0.2
3 0.840625 0.7455555555555555 0.1025 0.23777777777777778
