4 0.845625 0.395 0.1375 0.2833333333333333
0 0.0859375 0.7405555555555555 0.131875 0.25
0 0.346875 0.21777777777777776 0.15 0.28888888888888886
4 0.6444444444444445 0.470625 0.24 0.1425
4 0.3411111111111111 0.8353125 0.19333333333333333 0.101875
1 0.30944444444444447 0.10875 0.31666666666666665 0.1875
0 0.7266666666666667 0.71875 0.21555555555555556 0.12625
4 0.19555555555555557 0.6009375 0.27555555555555555 0.146875
0 0.870625 0.4861111111111111 0.18125 0.3522222222222222
4 0.269375 0.11722222222222223 0.1225 0.21
1 0.4640625 0.5455555555555556 0.130625 0.17333333333333334
4 0.8459375 0.3933333333333333 0.143125 0.3377777777777778
4 0.23 0.28 0.15 0.3022222222222222
0 0.20833333333333334 0.7415625 0.2588888888888889 0.166875
1 0.3988888888888889 0.2509375 0.29333333333333333 0.180625
0 0.7211111111111111 0.595625 0.24444444444444444 0.12375
1 0.4533333333333333 0.8596875 0.2288888888888889 0.153125
1 0.114375 0.39666666666666667 0.13875 0.3
4 0.596875 0.7133333333333334 0.11 0.2111111111111111
1 0.245625 0.5155555555555555 0.1075 0.24666666666666667
1 0.713125 0.4361111111111111 0.1525 0.31444444444444447
3 0.100625 0.16055555555555556 0.11375 0.21666666666666667
