3 0.236875 0.55 0.12875 0.26222222222222225
3 0.8134375 0.43222222222222223 0.076875 0.20666666666666667
4 0.7221875 0.6466666666666666 0.135625 0.2733333333333333
1 0.460625 0.3422222222222222 0.14625 0.22
4 0.2621875 0.4638888888888889 0.135625 0.22111111111111112
3 0.0684375 0.7372222222222222 0.133125 0.2811111111111111
3 0.639375 0.2361111111111111 0.11875 0.25
4 0.475625 0.6077777777777778 0.11875 0.2511111111111111
1 0.8515625 0.6322222222222222 0.140625 0.29555555555555557
4 0.3134375 0.4855555555555556 0.140625 0.2644444444444444
3 0.130625 0.6983333333333334 0.13375 0.16555555555555557
3 0.69 0.3638888888888889 0.17625 0.2833333333333333
4 0.31333333333333335 0.7184375 0.2911111111111111 0.153125
0 0.185 0.1128125 0.2633333333333333 0.121875
2 0.42944444444444446 0.5784375 0.29444444444444445 0.168125
1 0.3640625 0.3788888888888889 0.138125 0.2644444444444444
4 0.121875 0.19777777777777777 0.13625 0.26666666666666666
0 0.5003125 0.5811111111111111 0.169375 0.3022222222222222
3 0.1009375 0.30833333333333335 0.094375 0.25222222222222224
4 0.3178125 0.5927777777777777 0.165625 0.22555555555555556
3 0.468125 0.44222222222222224 0.10375 0.2222222222222222
