4 0.64625 0.72 0.10375 0.19111111111111112
4 0.0590625 0.09666666666666666 0.103125 0.18666666666666668
1 0.8653125 0.6261111111111111 0.150625 0.31444444444444447
1 0.18777777777777777 0.2553125 0.20666666666666667 0.164375
0 0.3372222222222222 0.5684375 0.2922222222222222 0.189375
1 0.7088888888888889 0.378125 0.17777777777777778 0.11
0 0.3659375 0.18388888888888888 0.135625 0.18555555555555556
2 0.620625 0.6177777777777778 0.17 0.34444444444444444
1 0.0946875 0.5177777777777778 0.115625 0.23333333333333334
4 0.8503125 0.7566666666666667 0.139375 0.32
1 0.5971875 0.35333333333333333 0.129375 0.29555555555555557
1 0.6216666666666667 0.669375 0.28555555555555556 0.16625
4 0.8571875 0.6088888888888889 0.168125 0.2511111111111111
