0 0.5394444444444444 0.104375 0.36777777777777776 0.1825
0 0.6116666666666667 0.6665625 0.25 0.153125
0 0.3883333333333333 0.4878125 0.33 0.180625
2 0.185 0.2734375 0.18555555555555556 0.136875
0 0.8496875 0.5594444444444444 0.154375 0.27
4 0.49625 0.43722222222222223 0.15 0.21
0 0.23166666666666666 0.1053125 0.2722222222222222 0.179375
2 0.54 0.3340625 0.21777777777777776 0.128125
3 0.7311111111111112 0.5940625 0.2644444444444444 0.139375
2 0.35055555555555556 0.8271875 0.17444444444444446 0.096875
1 0.27166666666666667 0.8475 0.17888888888888888 0.1275
3 0.6033333333333334 0.68875 0.18666666666666668 0.1
3 0.14833333333333334 0.1165625 0.15 0.110625
3 0.5066666666666667 0.5375 0.2111111111111111 0.08625
1 0.7772222222222223 0.41625 0.31444444444444447 0.1325
4 0.1115625 0.7633333333333333 0.145625 0.29333333333333333
2 0.883125 0.48777777777777775 0.19625 0.35333333333333333
3 0.6584375 0.13444444444444445 0.120625 0.25555555555555554
3 0.464375 0.58 0.105 0.23333333333333334
0 0.36333333333333334 0.4796875 0.26666666666666666 0.175625
1 0.49166666666666664 0.8509375 0.2588888888888889 0.150625
2 0.205 0.2396875 0.2011111111111111 0.159375
1 0.42944444444444446 0.50375 0.31 0.185
3 0.7738888888888888 0.37375 0.31444444444444447 0.17625
0 0.30666666666666664 0.743125 0.23555555555555555 0.16125
0 0.5416666666666666 0.5975 0.1922222222222222 0.12125
