2 0.6671875 0.485 0.125625 0.2722222222222222
3 0.3046875 0.32722222222222225 0.114375 0.22333333333333333
4 0.064375 0.39611111111111114 0.11625 0.21222222222222223
3 0.8771875 0.5194444444444445 0.170625 0.2411111111111111
1 0.255 0.7961111111111111 0.18375 0.3566666666666667
4 0.481875 0.5344444444444445 0.13375 0.23555555555555555
0 0.1325 0.4538888888888889 0.15625 0.2677777777777778
1 0.2446875 0.24666666666666667 0.140625 0.24
4 0.40875 0.5138888888888888 0.13125 0.24333333333333335
4 0.70125 0.7872222222222223 0.13375 0.3211111111111111
1 0.441875 0.39444444444444443 0.175 0.32666666666666666
0 0.2803125 0.7555555555555555 0.133125 0.2822222222222222
3 0.5859375 0.5855555555555556 0.180625 0.32666666666666666
3 0.8425 0.4772222222222222 0.135 0.12333333333333334
1 0.4425 0.35333333333333333 0.09375 0.24444444444444444
3 0.1090625 0.6344444444444445 0.185625 0.25333333333333335
1 0.0696875 0.4461111111111111 0.103125 0.2411111111111111
1 0.3246875 0.5311111111111111 0.110625 0.2111111111111111
4 0.8234375 0.7338888888888889 0.101875 0.21444444444444444
