2 0.8509375 0.3761111111111111 0.140625 0.17
0 0.6161111111111112 0.481875 0.30777777777777776 0.14125
2 0.19722222222222222 0.1184375 0.31666666666666665 0.146875
4 0.47444444444444445 0.6734375 0.30666666666666664 0.158125
0 0.13625 0.6322222222222222 0.13375 0.29777777777777775
0 0.5015625 0.16666666666666666 0.143125 0.19333333333333333
4 0.324375 0.7627777777777778 0.15 0.2833333333333333
3 0.876875 0.4533333333333333 0.1725 0.21555555555555556
1 0.8665625 0.285 0.168125 0.31666666666666665
3 0.5715625 0.41888888888888887 0.088125 0.25333333333333335
4 0.75125 0.5827777777777777 0.1625 0.2477777777777778
0 0.3678125 0.31833333333333336 0.126875 0.21444444444444444
3 0.236875 0.24166666666666667 0.10875 0.22555555555555556
4 0.16722222222222222 0.87625 0.2922222222222222 0.175
0 0.4588888888888889 0.246875 0.18444444444444444 0.125
3 0.31555555555555553 0.0903125 0.1288888888888889 0.113125
1 0.7405555555555555 0.5553125 0.28555555555555556 0.138125
4 0.6216666666666667 0.430625 0.2788888888888889 0.19
3 0.830625 0.43555555555555553 0.11 0.2777777777777778
4 0.564375 0.6555555555555556 0.14625 0.29555555555555557
