4 0.36125 0.5927777777777777 0.15625 0.31666666666666665
0 0.7109375 0.3972222222222222 0.113125 0.2811111111111111
4 0.210625 0.7422222222222222 0.1025 0.26
4 0.6065625 0.28444444444444444 0.151875 0.23333333333333334
1 0.35875 0.7405555555555555 0.1325 0.2877777777777778
1 0.7321875 0.4683333333333333 0.159375 0.3211111111111111
4 0.229375 0.5138888888888888 0.11375 0.21888888888888888
4 0.6128125 0.35444444444444445 0.160625 0.28444444444444444
2 0.638125 0.18055555555555555 0.0875 0.17444444444444446
2 0.5321875 0.7516666666666667 0.104375 0.2833333333333333
2 0.0753125 0.2361111111111111 0.101875 0.21666666666666667
3 0.695625 0.13055555555555556 0.1275 0.24555555555555555
4 0.8340625 0.3383333333333333 0.100625 0.1811111111111111
0 0.6290625 0.7344444444444445 0.151875 0.26222222222222225
3 0.1371875 0.42833333333333334 0.118125 0.31222222222222223
1 0.37222222222222223 0.35 0.21555555555555556 0.16125
4 0.18611111111111112 0.465625 0.1988888888888889 0.13625
4 0.7338888888888889 0.1890625 0.22333333333333333 0.094375
3 0.6272222222222222 0.7159375 0.19 0.126875
1 0.47944444444444445 0.6 0.25 0.15
4 0.2584375 0.5644444444444444 0.118125 0.2088888888888889
3 0.0834375 0.47555555555555556 0.156875 0.30444444444444446
3 0.828125 0.3055555555555556 0.0875 0.23777777777777778
1 0.48625 0.7461111111111111 0.18375 0.2966666666666667
