4 0.66625 0.41388888888888886 0.115 0.22333333333333333
0 0.305 0.11777777777777777 0.1075 0.21555555555555556
0 0.155625 0.31166666666666665 0.165 0.31222222222222223
4 0.2209375 0.7033333333333334 0.110625 0.20666666666666667
4 0.5565625 0.6555555555555556 0.171875 0.3111111111111111
2 0.085625 0.3427777777777778 0.145 0.28555555555555556
4 0.0996875 0.27444444444444444 0.121875 0.26666666666666666
3 0.3659375 0.43333333333333335 0.153125 0.27555555555555555
4 0.6246875 0.6116666666666667 0.169375 0.3211111111111111
1 0.5028125 0.3811111111111111 0.176875 0.32666666666666666
4 0.343125 0.4011111111111111 0.1425 0.28
4 0.8275 0.19 0.1025 0.21555555555555556
4 0.57875 0.7355555555555555 0.11 0.2311111111111111
3 0.5238888888888888 0.85625 0.22333333333333333 0.135
4 0.595 0.6940625 0.17666666666666667 0.099375
1 0.44722222222222224 0.4415625 0.2588888888888889 0.170625
2 0.72 0.1278125 0.23777777777777778 0.118125
4 0.5690625 0.6683333333333333 0.176875 0.33
2 0.1046875 0.57 0.168125 0.34
0 0.57375 0.5738888888888889 0.1675 0.29888888888888887
4 0.703125 0.6377777777777778 0.125 0.23555555555555555
2 0.2590625 0.395 0.140625 0.3211111111111111
