4 0.2984375 0.4666666666666667 0.144375 0.24888888888888888
2 0.489375 0.6061111111111112 0.16125 0.26555555555555554
3 0.0990625 0.7161111111111111 0.109375 0.22111111111111112
1 0.3811111111111111 0.1259375 0.2088888888888889 0.131875
3 0.7483333333333333 0.5078125 0.28555555555555556 0.183125
3 0.5494444444444444 0.7103125 0.21666666666666667 0.113125
4 0.34444444444444444 0.8428125 0.3 0.139375
3 0.3953125 0.26722222222222225 0.114375 0.22555555555555556
4 0.2575 0.7244444444444444 0.13125 0.21555555555555556
3 0.680625 0.5122222222222222 0.1 0.25333333333333335
1 0.4261111111111111 0.6240625 0.3388888888888889 0.184375
1 0.7505555555555555 0.8471875 0.2633333333333333 0.138125
0 0.22166666666666668 0.1165625 0.29 0.153125
0 0.3115625 0.45666666666666667 0.131875 0.24
0 0.6778125 0.21388888888888888 0.159375 0.33
4 0.131875 0.6077777777777778 0.12375 0.25333333333333335
2 0.4721875 0.7316666666666667 0.100625 0.21222222222222223
0 0.4828125 0.6 0.146875 0.26222222222222225
3 0.09625 0.3055555555555556 0.11125 0.2688888888888889
0 0.6609375 0.4261111111111111 0.134375 0.21222222222222223
4 0.25722222222222224 0.871875 0.19444444444444445 0.16875
4 0.7411111111111112 0.7009375 0.22666666666666666 0.134375
4 0.3883333333333333 0.0990625 0.22333333333333333 0.159375
