4 0.128125 0.7455555555555555 0.1775 0.24888888888888888
1 0.6946875 0.175 0.121875 0.25666666666666665
4 0.245625 0.3844444444444444 0.11625 0.21777777777777776
0 0.8571875 0.7588888888888888 0.151875 0.2822222222222222
4 0.7365625 0.6533333333333333 0.163125 0.27555555555555555
0 0.34375 0.11666666666666667 0.1325 0.22444444444444445
1 0.4584375 0.5033333333333333 0.110625 0.18
4 0.730625 0.6383333333333333 0.1825 0.27
0 0.8625 0.7666666666666667 0.15 0.29333333333333333
4 0.4209375 0.3016666666666667 0.154375 0.2966666666666667
0 0.111875 0.5094444444444445 0.12625 0.24555555555555555
0 0.8340625 0.39944444444444444 0.123125 0.21
3 0.3575 0.22444444444444445 0.12 0.19333333333333333
3 0.8409375 0.6233333333333333 0.113125 0.24444444444444444
1 0.3959375 0.365 0.130625 0.18555555555555556
3 0.53375 0.7394444444444445 0.10375 0.24555555555555555
4 0.0871875 0.2683333333333333 0.118125 0.22111111111111112
2 0.2515625 0.16555555555555557 0.144375 0.24444444444444444
4 0.7115625 0.6666666666666666 0.166875 0.31555555555555553
0 0.5603125 0.5405555555555556 0.171875 0.29444444444444445
0 0.245625 0.1638888888888889 0.15875 0.23444444444444446
0 0.375 0.7333333333333333 0.11 0.21777777777777776
4 0.0865625 0.4011111111111111 0.148125 0.24666666666666667
1 0.8478125 0.29944444444444446 0.130625 0.27444444444444444
4 0.35444444444444445 0.8503125 0.26666666666666666 0.143125
0 0.5994444444444444 0.455 0.21444444444444444 0.1275
