1 0.2925 0.7705555555555555 0.14875 0.33
3 0.4196875 0.6377777777777778 0.124375 0.25555555555555554
0 0.8328125 0.5244444444444445 0.113125 0.22
3 0.85 0.40555555555555556 0.14375 0.3466666666666667
0 0.143125 0.7516666666666667 0.1275 0.2477777777777778
4 0.565625 0.5588888888888889 0.16875 0.3022222222222222
3 0.8428125 0.43277777777777776 0.120625 0.2611111111111111
3 0.6840625 0.20944444444444443 0.104375 0.2388888888888889
3 0.1203125 0.6705555555555556 0.180625 0.31222222222222223
4 0.27 0.2615625 0.2822222222222222 0.186875
3 0.13 0.6003125 0.19333333333333333 0.128125
0 0.6872222222222222 0.12625 0.3477777777777778 0.16125
4 0.455 0.3540625 0.2677777777777778 0.126875
4 0.7477777777777778 0.4840625 0.27555555555555555 0.140625
4 0.3438888888888889 0.84625 0.23444444444444446 0.14
4 0.1322222222222222 0.5809375 0.18 0.120625
0 0.5244444444444445 0.095625 0.22666666666666666 0.1725
3 0.5784375 0.5527777777777778 0.076875 0.21222222222222223
4 0.211875 0.2877777777777778 0.07375 0.23333333333333334
0 0.3553125 0.6383333333333333 0.116875 0.2011111111111111
0 0.4878125 0.40555555555555556 0.139375 0.28444444444444444
1 0.478125 0.24722222222222223 0.14625 0.3211111111111111
0 0.2965625 0.4855555555555556 0.169375 0.2777777777777778
3 0.0784375 0.5894444444444444 0.118125 0.22555555555555556
