3 0.7065625 0.44166666666666665 0.151875 0.2833333333333333
2 0.2359375 0.7322222222222222 0.120625 0.25333333333333335
4 0.54375 0.6505555555555556 0.13 0.29444444444444445
0 0.4053125 0.35055555555555556 0.155625 0.30333333333333334
0 0.096875 0.4638888888888889 0.12375 0.21666666666666667
0 0.8675 0.24722222222222223 0.175 0.2922222222222222
1 0.283125 0.3611111111111111 0.12375 0.26666666666666666
0 0.4828125 0.5594444444444444 0.118125 0.1988888888888889
1 0.6394444444444445 0.55 0.25222222222222224 0.14875
1 0.19666666666666666 0.08625 0.2 0.155
3 0.7327777777777778 0.879375 0.23 0.18375
3 0.645625 0.18388888888888888 0.11 0.25666666666666665
0 0.8384375 0.30722222222222223 0.116875 0.22777777777777777
0 0.0846875 0.555 0.120625 0.17222222222222222
1 0.5328125 0.5277777777777778 0.109375 0.24
0 0.269375 0.4861111111111111 0.18625 0.3477777777777778
4 0.388125 0.7294444444444445 0.12125 0.2611111111111111
1 0.8375 0.62 0.11375 0.23333333333333334
1 0.401875 0.5488888888888889 0.13625 0.25333333333333335
0 0.539375 0.3388888888888889 0.11125 0.22444444444444445
4 0.713125 0.27166666666666667 0.15875 0.2833333333333333
0 0.1228125 0.7916666666666666 0.176875 0.3477777777777778
3 0.8553125 0.46166666666666667 0.143125 0.27444444444444444
