1 0.21944444444444444 0.3503125 0.23444444444444446 0.114375
3 0.5177777777777778 0.1165625 0.15555555555555556 0.126875
1 0.7538888888888889 0.8684375 0.2877777777777778 0.188125
1 0.6761111111111111 0.7540625 0.30333333333333334 0.179375
0 0.2511111111111111 0.6259375 0.2688888888888889 0.161875
0 0.7911111111111111 0.886875 0.32222222222222224 0.19
0 0.33111111111111113 0.1071875 0.24 0.151875
1 0.5244444444444445 0.5753125 0.2088888888888889 0.074375
0 0.27444444444444444 0.571875 0.2866666666666667 0.18
4 0.3844444444444444 0.395625 0.2644444444444444 0.1275
0 0.3125 0.32944444444444443 0.07 0.17222222222222222
1 0.61875 0.7561111111111111 0.1725 0.2877777777777778
4 0.6809375 0.4572222222222222 0.146875 0.2811111111111111
0 0.493125 0.5755555555555556 0.12875 0.22
2 0.845 0.14333333333333334 0.11625 0.24888888888888888
0 0.3888888888888889 0.480625 0.27111111111111114 0.14125
4 0.4988888888888889 0.578125 0.14444444444444443 0.09
3 0.17777777777777778 0.22625 0.19333333333333333 0.1275
2 0.7577777777777778 0.37625 0.31555555555555553 0.18
1 0.25055555555555553 0.099375 0.16777777777777778 0.12
