3 0.49625 0.3811111111111111 0.16375 0.3111111111111111
3 0.0896875 0.4361111111111111 0.098125 0.22777777777777777
4 0.2184375 0.7511111111111111 0.106875 0.2777777777777778
3 0.7128125 0.65 0.099375 0.2688888888888889
3 0.4488888888888889 0.1115625 0.22666666666666666 0.166875
2 0.7122222222222222 0.28 0.19111111111111112 0.1225
0 0.3011111111111111 0.6653125 0.2111111111111111 0.129375
4 0.0840625 0.1338888888888889 0.109375 0.21666666666666667
3 0.834375 0.2877777777777778 0.105 0.23555555555555555
0 0.28625 0.6116666666666667 0.1375 0.30333333333333334
3 0.6859375 0.47888888888888886 0.184375 0.32666666666666666
1 0.4603125 0.7427777777777778 0.109375 0.27444444444444444
3 0.5203125 0.31 0.061875 0.2088888888888889
0 0.849375 0.5366666666666666 0.12375 0.24666666666666667
3 0.10125 0.7333333333333333 0.1175 0.2222222222222222
4 0.109375 0.3877777777777778 0.11625 0.24444444444444444
0 0.8465625 0.6272222222222222 0.125625 0.24555555555555555
3 0.2509375 0.7272222222222222 0.106875 0.20555555555555555
4 0.6990625 0.14777777777777779 0.124375 0.24222222222222223
4 0.3903125 0.35777777777777775 0.184375 0.28444444444444444
4 0.8253125 0.7377777777777778 0.084375 0.27111111111111114
0 0.1346875 0.5894444444444444 0.158125 0.3611111111111111
2 0.48875 0.7472222222222222 0.16 0.2922222222222222
1 0.106875 0.5883333333333334 0.135 0.22333333333333333
1 0.2540625 0.32666666666666666 0.060625 0.19777777777777777
