2 0.3983333333333333 0.613125 0.2611111111111111 0.15125
0 0.5661111111111111 0.3815625 0.2633333333333333 0.179375
1 0.6509375 0.4261111111111111 0.100625 0.1922222222222222
4 0.3203125 0.29888888888888887 0.136875 0.21555555555555556
0 0.1559375 0.615 0.156875 0.2922222222222222
4 0.618125 0.21166666666666667 0.17 0.29888888888888887
3 0.848125 0.5694444444444444 0.1375 0.2722222222222222
0 0.346875 0.7244444444444444 0.12 0.2088888888888889
0 0.128125 0.4077777777777778 0.17375 0.32
4 0.6825 0.41 0.17125 0.3088888888888889
2 0.851875 0.305 0.15375 0.3411111111111111
3 0.11625 0.6361111111111111 0.10375 0.2722222222222222
0 0.25 0.3572222222222222 0.11875 0.2588888888888889
3 0.139375 0.61 0.13375 0.18888888888888888
4 0.8446875 0.24166666666666667 0.125625 0.21444444444444444
4 0.4146875 0.44333333333333336 0.115625 0.12444444444444444
1 0.5696875 0.15833333333333333 0.143125 0.2922222222222222
0 0.7240625 0.41333333333333333 0.168125 0.3111111111111111
3 0.1440625 0.7794444444444445 0.140625 0.30333333333333334
1 0.5340625 0.7133333333333334 0.090625 0.20444444444444446
2 0.126875 0.4311111111111111 0.18125 0.22666666666666666
3 0.244375 0.325 0.115 0.21
1 0.7234375 0.23555555555555555 0.168125 0.22444444444444445
3 0.8375 0.5422222222222223 0.09375 0.25333333333333335
