0 0.6103125 0.65 0.141875 0.2822222222222222
4 0.734375 0.57 0.14125 0.31777777777777777
3 0.2371875 0.14277777777777778 0.144375 0.25
1 0.48625 0.7616666666666667 0.1775 0.32555555555555554
3 0.091875 0.4533333333333333 0.1675 0.27555555555555555
3 0.6415625 0.1661111111111111 0.099375 0.26555555555555554
1 0.2703125 0.5788888888888889 0.135625 0.24444444444444444
1 0.8428125 0.3061111111111111 0.138125 0.3011111111111111
0 0.2628125 0.22944444444444445 0.153125 0.33444444444444443
0 0.7390625 0.5011111111111111 0.165625 0.31555555555555553
3 0.60625 0.37222222222222223 0.135 0.24444444444444444
4 0.4009375 0.7744444444444445 0.194375 0.29777777777777775
4 0.8478125 0.5227777777777778 0.111875 0.1988888888888889
3 0.3759375 0.4811111111111111 0.150625 0.3
3 0.2434375 0.38555555555555554 0.130625 0.29333333333333333
1 0.6425 0.2 0.1925 0.2911111111111111
3 0.58 0.8653125 0.22 0.155625
0 0.3715625 0.7966666666666666 0.168125 0.35333333333333333
4 0.11444444444444445 0.0634375 0.18888888888888888 0.124375
4 0.3738888888888889 0.604375 0.31444444444444447 0.16875
0 0.5044444444444445 0.3075 0.18222222222222223 0.09375
3 0.73 0.8365625 0.23777777777777778 0.114375
