2 0.7461111111111111 0.2921875 0.25 0.158125
4 0.16111111111111112 0.65125 0.22444444444444445 0.12375
3 0.4888888888888889 0.0775 0.3088888888888889 0.105
3 0.206875 0.33166666666666667 0.09375 0.24333333333333335
3 0.8496875 0.7288888888888889 0.115625 0.22
0 0.5521875 0.6522222222222223 0.153125 0.27111111111111114
1 0.074375 0.43 0.14375 0.23555555555555555
1 0.5959375 0.37833333333333335 0.110625 0.25222222222222224
4 0.3684375 0.7516666666666667 0.144375 0.2544444444444444
4 0.1203125 0.4683333333333333 0.139375 0.24333333333333335
0 0.6759375 0.7338888888888889 0.154375 0.23666666666666666
3 0.3146875 0.22611111111111112 0.163125 0.2966666666666667
0 0.4853125 0.3372222222222222 0.138125 0.25
1 0.6278125 0.605 0.183125 0.3411111111111111
0 0.1228125 0.7716666666666666 0.158125 0.29444444444444445
0 0.350625 0.14833333333333334 0.12125 0.18777777777777777
4 0.648125 0.7272222222222222 0.11 0.21666666666666667
1 0.1040625 0.3422222222222222 0.145625 0.24888888888888888
1 0.84875 0.6366666666666667 0.13625 0.30444444444444446
4 0.4734375 0.21944444444444444 0.135625 0.27
0 0.491875 0.1811111111111111 0.13375 0.2511111111111111
1 0.8590625 0.3194444444444444 0.158125 0.25
2 0.32 0.7427777777777778 0.145 0.2633333333333333
4 0.6778125 0.4766666666666667 0.150625 0.2866666666666667
