3 0.4925 0.45222222222222225 0.13375 0.19111111111111112
1 0.3034375 0.6061111111111112 0.108125 0.23666666666666666
0 0.66125 0.21833333333333332 0.11875 0.2477777777777778
0 0.84 0.3322222222222222 0.12375 0.21333333333333335
3 0.1434375 0.27055555555555555 0.151875 0.27444444444444444
4 0.315 0.77 0.13625 0.2822222222222222
3 0.8840625 0.6266666666666667 0.196875 0.24444444444444444
0 0.22875 0.3638888888888889 0.18 0.31666666666666665
0 0.33625 0.7377777777777778 0.1375 0.2777777777777778
3 0.7490625 0.27444444444444444 0.189375 0.33555555555555555
0 0.8446875 0.6122222222222222 0.121875 0.22444444444444445
4 0.58375 0.35944444444444446 0.1225 0.3433333333333333
0 0.1915625 0.6433333333333333 0.118125 0.24888888888888888
0 0.449375 0.4666666666666667 0.11375 0.22666666666666666
4 0.0725 0.38722222222222225 0.14 0.23222222222222222
4 0.3878125 0.3711111111111111 0.154375 0.28888888888888886
1 0.1471875 0.7316666666666667 0.138125 0.23222222222222222
1 0.8596875 0.5227777777777778 0.165625 0.20333333333333334
4 0.27875 0.16055555555555556 0.15 0.3211111111111111
1 0.486875 0.7561111111111111 0.18125 0.30333333333333334
3 0.6365625 0.43833333333333335 0.096875 0.2722222222222222
4 0.543125 0.7277777777777777 0.15 0.2511111111111111
0 0.6759375 0.5266666666666666 0.106875 0.2288888888888889
3 0.08375 0.47333333333333333 0.1575 0.3111111111111111
3 0.2196875 0.32055555555555554 0.120625 0.19444444444444445
