0 0.8403125 0.37166666666666665 0.106875 0.27666666666666667
4 0.088125 0.15 0.1075 0.22
4 0.549375 0.5444444444444444 0.12375 0.3244444444444444
0 0.40125 0.26944444444444443 0.1125 0.23666666666666666
1 0.28375 0.7405555555555555 0.16375 0.2544444444444444
1 0.1265625 0.39666666666666667 0.134375 0.26
2 0.495 0.4722222222222222 0.18625 0.29333333333333333
2 0.1215625 0.33555555555555555 0.186875 0.31555555555555553
3 0.84125 0.7544444444444445 0.13625 0.3088888888888889
4 0.3409375 0.1361111111111111 0.135625 0.2677777777777778
2 0.39375 0.5988888888888889 0.10375 0.23777777777777778
1 0.2684375 0.7627777777777778 0.145625 0.3233333333333333
3 0.0890625 0.32944444444444443 0.079375 0.17888888888888888
4 0.8484375 0.12944444444444445 0.133125 0.2588888888888889
4 0.5371875 0.2111111111111111 0.096875 0.18222222222222223
0 0.6865625 0.34833333333333333 0.169375 0.3188888888888889
4 0.8265625 0.4338888888888889 0.093125 0.21222222222222223
4 0.128125 0.7077777777777777 0.1175 0.20222222222222222
1 0.3303125 0.6416666666666667 0.166875 0.35
4 0.14875 0.6716666666666666 0.14 0.27
1 0.2709375 0.29 0.151875 0.30444444444444446
4 0.383125 0.7583333333333333 0.14375 0.2833333333333333
1 0.72125 0.6055555555555555 0.1225 0.29777777777777775
