4 0.4771875 0.7555555555555555 0.149375 0.2911111111111111
3 0.6571875 0.16666666666666666 0.120625 0.22666666666666666
1 0.2796875 0.35944444444444446 0.144375 0.33444444444444443
1 0.3990625 0.7844444444444445 0.153125 0.34444444444444444
4 0.683125 0.615 0.12 0.2477777777777778
0 0.2503125 0.2588888888888889 0.156875 0.25555555555555554
0 0.2715625 0.3788888888888889 0.171875 0.29777777777777775
3 0.7584375 0.20222222222222222 0.186875 0.32
4 0.1346875 0.45166666666666666 0.136875 0.2544444444444444
4 0.7777777777777778 0.5734375 0.3 0.140625
0 0.55 0.8690625 0.2777777777777778 0.163125
3 0.6494444444444445 0.1478125 0.2611111111111111 0.141875
1 0.315 0.2896875 0.2388888888888889 0.141875
1 0.111875 0.21222222222222223 0.17125 0.28888888888888886
0 0.298125 0.49 0.165 0.2866666666666667
3 0.8390625 0.645 0.108125 0.3188888888888889
1 0.4753125 0.3411111111111111 0.139375 0.2688888888888889
0 0.6753125 0.7577777777777778 0.160625 0.2644444444444444
3 0.7488888888888889 0.2496875 0.29777777777777775 0.158125
1 0.26055555555555554 0.8796875 0.30333333333333334 0.195625
1 0.495 0.0828125 0.18333333333333332 0.129375
0 0.47375 0.6933333333333334 0.16625 0.3111111111111111
3 0.0853125 0.5077777777777778 0.159375 0.26
1 0.33375 0.4122222222222222 0.14375 0.2288888888888889
4 0.828125 0.7633333333333333 0.105 0.2911111111111111
