4 0.7022222222222222 0.855625 0.14666666666666667 0.12875
4 0.17666666666666667 0.6775 0.3377777777777778 0.1675
0 0.4727777777777778 0.2909375 0.31 0.184375
4 0.479375 0.3388888888888889 0.10875 0.19777777777777777
2 0.6190625 0.21722222222222223 0.148125 0.3188888888888889
3 0.3565625 0.5288888888888889 0.103125 0.21333333333333335
0 0.8378125 0.26555555555555554 0.105625 0.23333333333333334
1 0.263125 0.6661111111111111 0.15625 0.3055555555555556
1 0.7171875 0.48833333333333334 0.148125 0.31444444444444447
3 0.4109375 0.6205555555555555 0.120625 0.1922222222222222
2 0.585625 0.47944444444444445 0.1925 0.3388888888888889
3 0.3978125 0.23277777777777778 0.113125 0.23444444444444446
2 0.1065625 0.3233333333333333 0.124375 0.2222222222222222
0 0.715 0.5561111111111111 0.15375 0.2966666666666667
2 0.8578125 0.6322222222222222 0.141875 0.25333333333333335
3 0.595 0.078125 0.18777777777777777 0.14
4 0.13444444444444445 0.52875 0.1622222222222222 0.12
4 0.5461111111111111 0.2446875 0.31444444444444447 0.166875
4 0.29444444444444445 0.3840625 0.26 0.138125
4 0.273125 0.7533333333333333 0.18125 0.3
1 0.4046875 0.27166666666666667 0.144375 0.2633333333333333
1 0.0978125 0.5144444444444445 0.129375 0.2866666666666667
3 0.7059375 0.5888888888888889 0.146875 0.20444444444444446
0 0.68 0.2561111111111111 0.18 0.3322222222222222
1 0.105625 0.3661111111111111 0.15625 0.29888888888888887
0 0.804375 0.4438888888888889 0.05375 0.1988888888888889
2 0.49125 0.615 0.1775 0.28555555555555556
