0 0.715625 0.765 0.16875 0.33666666666666667
0 0.84125 0.4088888888888889 0.12 0.20444444444444446
4 0.5346875 0.23777777777777778 0.106875 0.24666666666666667
1 0.069375 0.40555555555555556 0.08875 0.2222222222222222
0 0.59375 0.7383333333333333 0.1225 0.23222222222222222
2 0.7211111111111111 0.2671875 0.22666666666666666 0.141875
3 0.19111111111111112 0.843125 0.19555555555555557 0.13375
1 0.3605555555555556 0.475625 0.2788888888888889 0.1725
2 0.645 0.66625 0.3322222222222222 0.1675
3 0.43166666666666664 0.06375 0.16333333333333333 0.12125
4 0.5844444444444444 0.2621875 0.20444444444444446 0.131875
0 0.54 0.7383333333333333 0.115 0.25666666666666665
1 0.255625 0.2588888888888889 0.145 0.24222222222222223
3 0.8496875 0.135 0.134375 0.23
1 0.4134375 0.4 0.160625 0.28888888888888886
2 0.6105555555555555 0.8625 0.2788888888888889 0.15875
3 0.2927777777777778 0.3115625 0.2477777777777778 0.125625
3 0.12444444444444444 0.1278125 0.21333333333333335 0.114375
4 0.245 0.3503125 0.2544444444444444 0.174375
4 0.36944444444444446 0.0665625 0.17888888888888888 0.124375
3 0.7361111111111112 0.5825 0.2588888888888889 0.12125
