1 0.8596875 0.5988888888888889 0.171875 0.32222222222222224
1 0.5490625 0.13111111111111112 0.125625 0.23333333333333334
0 0.0946875 0.3616666666666667 0.128125 0.22777777777777777
4 0.3803125 0.6711111111111111 0.161875 0.27555555555555555
0 0.63625 0.5933333333333334 0.1825 0.28444444444444444
2 0.1390625 0.37722222222222224 0.170625 0.35
0 0.493125 0.41 0.14125 0.24888888888888888
1 0.2465625 0.49944444444444447 0.140625 0.2633333333333333
2 0.721875 0.7677777777777778 0.1075 0.3022222222222222
4 0.8578125 0.23944444444444443 0.133125 0.2388888888888889
2 0.2816666666666667 0.8375 0.19 0.11875
0 0.5738888888888889 0.0609375 0.23 0.121875
2 0.2338888888888889 0.4765625 0.3655555555555556 0.175625
0 0.4811111111111111 0.279375 0.31555555555555553 0.17
4 0.495 0.6472222222222223 0.15 0.27
0 0.271875 0.3894444444444444 0.17875 0.2611111111111111
0 0.358125 0.46555555555555556 0.11375 0.24444444444444444
0 0.860625 0.5711111111111111 0.16875 0.2866666666666667
3 0.2821875 0.7338888888888889 0.133125 0.21
4 0.8609375 0.765 0.153125 0.27444444444444444
4 0.6025 0.36277777777777775 0.1425 0.19
4 0.108125 0.5677777777777778 0.165 0.24
0 0.3490625 0.23055555555555557 0.141875 0.2833333333333333
