3 0.363125 0.40166666666666667 0.115 0.2677777777777778
1 0.636875 0.22055555555555556 0.19 0.2477777777777778
1 0.13125 0.5594444444444444 0.12375 0.2411111111111111
4 0.4225 0.6627777777777778 0.145 0.2833333333333333
4 0.1171875 0.32944444444444443 0.121875 0.21666666666666667
3 0.27125 0.7327777777777778 0.13625 0.22111111111111112
3 0.48388888888888887 0.8478125 0.2011111111111111 0.115625
1 0.16555555555555557 0.1034375 0.27555555555555555 0.151875
3 0.595 0.5246875 0.18555555555555556 0.079375
4 0.37833333333333335 0.248125 0.22777777777777777 0.13625
3 0.2884375 0.57 0.111875 0.2088888888888889
1 0.6678125 0.6983333333333334 0.130625 0.20333333333333334
0 0.866875 0.3527777777777778 0.15875 0.29888888888888887
3 0.113125 0.19333333333333333 0.13125 0.24
4 0.6046875 0.23222222222222222 0.163125 0.2088888888888889
2 0.335625 0.36833333333333335 0.1375 0.2811111111111111
3 0.1896875 0.6444444444444445 0.101875 0.23555555555555555
3 0.4703125 0.1622222222222222 0.150625 0.26666666666666666
2 0.083125 0.73 0.145 0.20666666666666667
4 0.22166666666666668 0.624375 0.22777777777777777 0.1425
2 0.5755555555555556 0.383125 0.24666666666666667 0.135
0 0.41333333333333333 0.8621875 0.26666666666666666 0.143125
