1 0.5196875 0.6344444444444445 0.173125 0.31333333333333335
3 0.3265625 0.18722222222222223 0.144375 0.26555555555555554
3 0.151875 0.7583333333333333 0.15125 0.2788888888888889
1 0.3059375 0.43222222222222223 0.119375 0.20444444444444446
4 0.1284375 0.29555555555555557 0.126875 0.2088888888888889
3 0.1328125 0.16333333333333333 0.141875 0.26
1 0.3034375 0.30666666666666664 0.125625 0.26666666666666666
3 0.66625 0.6094444444444445 0.13625 0.30777777777777776
2 0.71875 0.3327777777777778 0.13 0.2966666666666667
4 0.611875 0.67 0.15375 0.2777777777777778
4 0.356875 0.45 0.11875 0.18444444444444444
1 0.493125 0.3788888888888889 0.15375 0.21555555555555556
2 0.7488888888888889 0.1040625 0.2644444444444444 0.165625
1 0.16777777777777778 0.3828125 0.2088888888888889 0.120625
3 0.5077777777777778 0.8403125 0.17333333333333334 0.135625
1 0.7661111111111111 0.6065625 0.30333333333333334 0.174375
3 0.3661111111111111 0.320625 0.27444444444444444 0.10875
4 0.7284375 0.28444444444444444 0.126875 0.26666666666666666
1 0.85875 0.6383333333333333 0.135 0.2544444444444444
2 0.113125 0.49444444444444446 0.15625 0.32666666666666666
2 0.6065625 0.5461111111111111 0.135625 0.25
