4 0.579375 0.7077777777777777 0.11125 0.2111111111111111
3 0.331875 0.35833333333333334 0.1225 0.2011111111111111
2 0.1021875 0.23722222222222222 0.168125 0.30333333333333334
3 0.8315625 0.5305555555555556 0.109375 0.2011111111111111
4 0.0871875 0.4677777777777778 0.168125 0.2866666666666667
1 0.6840625 0.5977777777777777 0.185625 0.2644444444444444
1 0.344375 0.22833333333333333 0.07875 0.20333333333333334
2 0.826875 0.12277777777777778 0.10375 0.21444444444444444
3 0.45125 0.7272222222222222 0.10625 0.1988888888888889
3 0.273125 0.5927777777777777 0.12625 0.23666666666666666
0 0.075625 0.43333333333333335 0.1075 0.22444444444444445
0 0.589375 0.56 0.10625 0.2288888888888889
4 0.8646875 0.3988888888888889 0.153125 0.27111111111111114
4 0.1246875 0.7633333333333333 0.184375 0.27111111111111114
0 0.3409375 0.21888888888888888 0.113125 0.2733333333333333
4 0.859375 0.7516666666666667 0.16 0.2877777777777778
2 0.115 0.21555555555555556 0.12875 0.24888888888888888
4 0.30375 0.47 0.1425 0.24222222222222223
0 0.41388888888888886 0.156875 0.29 0.16625
0 0.5311111111111111 0.573125 0.29555555555555557 0.1575
