2 0.2833333333333333 0.7125 0.1688888888888889 0.12125
1 0.23444444444444446 0.2171875 0.27111111111111114 0.143125
3 0.6977777777777778 0.83 0.20222222222222222 0.1025
0 0.3938888888888889 0.0828125 0.1922222222222222 0.126875
3 0.66 0.3496875 0.32666666666666666 0.154375
0 0.3778125 0.5927777777777777 0.134375 0.2633333333333333
0 0.7475 0.7066666666666667 0.17875 0.3244444444444444
0 0.285 0.4533333333333333 0.18125 0.31555555555555553
4 0.5025 0.7411111111111112 0.1525 0.22666666666666666
0 0.834375 0.24722222222222223 0.12 0.23444444444444446
2 0.616875 0.18722222222222223 0.055 0.17888888888888888
0 0.1353125 0.4855555555555556 0.146875 0.22
3 0.6921875 0.34944444444444445 0.113125 0.1811111111111111
3 0.415 0.29555555555555557 0.1325 0.30666666666666664
1 0.2865625 0.7427777777777778 0.163125 0.2677777777777778
4 0.11166666666666666 0.1290625 0.16555555555555557 0.118125
4 0.21055555555555555 0.3503125 0.16777777777777778 0.090625
2 0.37333333333333335 0.5128125 0.29555555555555557 0.179375
1 0.4083333333333333 0.605 0.17 0.12875
2 0.7538888888888889 0.84625 0.27 0.14
4 0.855625 0.5694444444444444 0.1575 0.3188888888888889
3 0.3178125 0.3622222222222222 0.105625 0.28888888888888886
2 0.4021875 0.5433333333333333 0.173125 0.3333333333333333
2 0.8684375 0.15555555555555556 0.158125 0.2733333333333333
2 0.2225 0.7466666666666667 0.12875 0.26
