2 0.8628125 0.5044444444444445 0.160625 0.2688888888888889
2 0.4615625 0.6116666666666667 0.115625 0.25222222222222224
0 0.08 0.7188888888888889 0.10875 0.23555555555555555
4 0.33611111111111114 0.33125 0.16555555555555557 0.1175
4 0.7233333333333334 0.0746875 0.2511111111111111 0.114375
3 0.5422222222222223 0.600625 0.2088888888888889 0.135
3 0.225 0.8646875 0.31 0.158125
0 0.5611111111111111 0.600625 0.3111111111111111 0.14125
4 0.30833333333333335 0.3234375 0.20333333333333334 0.106875
0 0.12055555555555555 0.85375 0.22555555555555556 0.12625
4 0.7544444444444445 0.313125 0.2733333333333333 0.16625
4 0.4772222222222222 0.0996875 0.27444444444444444 0.105625
1 0.3388888888888889 0.669375 0.27555555555555555 0.145
0 0.6305555555555555 0.5 0.30333333333333334 0.1725
4 0.1388888888888889 0.8375 0.1511111111111111 0.11375
3 0.075625 0.5633333333333334 0.0875 0.23333333333333334
3 0.7084375 0.2238888888888889 0.111875 0.2788888888888889
3 0.3296875 0.7455555555555555 0.099375 0.23555555555555555
3 0.85375 0.5122222222222222 0.15375 0.31333333333333335
