4 0.7327777777777778 0.686875 0.27444444444444444 0.16125
4 0.2833333333333333 0.866875 0.29777777777777775 0.15625
1 0.4911111111111111 0.315 0.25333333333333335 0.145
0 0.855 0.6527777777777778 0.155 0.27
0 0.2215625 0.32166666666666666 0.111875 0.24555555555555555
4 0.590625 0.4027777777777778 0.18875 0.31666666666666665
1 0.40875 0.7388888888888889 0.1125 0.28444444444444444
3 0.0775 0.4388888888888889 0.1175 0.23555555555555555
2 0.8578125 0.6222222222222222 0.161875 0.31777777777777777
2 0.6525 0.12777777777777777 0.13125 0.18444444444444444
1 0.7321875 0.4727777777777778 0.148125 0.2922222222222222
1 0.0934375 0.39166666666666666 0.141875 0.31444444444444447
3 0.85 0.6161111111111112 0.12875 0.21222222222222223
0 0.376875 0.22166666666666668 0.2 0.3411111111111111
4 0.615 0.5494444444444444 0.1675 0.2633333333333333
1 0.5878125 0.7505555555555555 0.118125 0.2411111111111111
1 0.8603125 0.3894444444444444 0.144375 0.30333333333333334
4 0.074375 0.16111111111111112 0.12625 0.23777777777777778
4 0.2790625 0.21777777777777776 0.144375 0.27111111111111114
0 0.638125 0.31166666666666665 0.105 0.1922222222222222
