0 0.6153125 0.2761111111111111 0.156875 0.27444444444444444
3 0.466875 0.5622222222222222 0.10125 0.26666666666666666
4 0.3565625 0.7555555555555555 0.120625 0.2644444444444444
1 0.23222222222222222 0.8609375 0.26666666666666666 0.168125
4 0.32944444444444443 0.4359375 0.2611111111111111 0.156875
0 0.4261111111111111 0.7053125 0.2544444444444444 0.136875
0 0.86625 0.3705555555555556 0.16 0.2966666666666667
0 0.1359375 0.10611111111111111 0.123125 0.17222222222222222
2 0.6184375 0.5577777777777778 0.139375 0.26666666666666666
0 0.3709375 0.7388888888888889 0.119375 0.2222222222222222
3 0.339375 0.73 0.0925 0.23333333333333334
0 0.20166666666666666 0.858125 0.2388888888888889 0.14875
3 0.36 0.5871875 0.2111111111111111 0.106875
4 0.5311111111111111 0.3565625 0.20666666666666667 0.144375
2 0.884375 0.1761111111111111 0.18875 0.3233333333333333
1 0.141875 0.35444444444444445 0.165 0.2866666666666667
1 0.586875 0.6644444444444444 0.1925 0.3111111111111111
3 0.404375 0.4727777777777778 0.12125 0.15666666666666668
2 0.875 0.21833333333333332 0.1825 0.3322222222222222
