2 0.6266666666666667 0.5015625 0.2911111111111111 0.188125
1 0.7611111111111111 0.0865625 0.2733333333333333 0.121875
4 0.4438888888888889 0.853125 0.21222222222222223 0.1275
1 0.15944444444444444 0.678125 0.21444444444444444 0.16
3 0.29444444444444445 0.268125 0.2 0.10375
2 0.66 0.4738888888888889 0.14 0.22555555555555556
0 0.23444444444444446 0.4834375 0.2866666666666667 0.180625
0 0.7422222222222222 0.6603125 0.2288888888888889 0.154375
4 0.8690625 0.22722222222222221 0.160625 0.2588888888888889
3 0.3271875 0.10944444444444444 0.101875 0.21666666666666667
1 0.6388888888888888 0.6584375 0.35777777777777775 0.130625
0 0.41388888888888886 0.8321875 0.21 0.116875
0 0.3061111111111111 0.49 0.2966666666666667 0.15375
0 0.7811111111111111 0.1328125 0.34 0.160625
4 0.22444444444444445 0.83875 0.24 0.12
1 0.2961111111111111 0.25375 0.18555555555555556 0.12
4 0.5188888888888888 0.37125 0.23555555555555555 0.12125
0 0.6216666666666667 0.7321875 0.24333333333333335 0.141875
0 0.45444444444444443 0.624375 0.30444444444444446 0.16
