3 0.575 0.5788888888888889 0.10125 0.2688888888888889
1 0.3459375 0.3888888888888889 0.145625 0.2511111111111111
4 0.0978125 0.2222222222222222 0.151875 0.2777777777777778
2 0.8553125 0.135 0.139375 0.24555555555555555
4 0.599375 0.545 0.14375 0.25666666666666665
1 0.3616666666666667 0.71625 0.20333333333333334 0.1375
0 0.7271875 0.19555555555555557 0.189375 0.30666666666666664
4 0.5425 0.6105555555555555 0.10625 0.21666666666666667
3 0.84 0.36277777777777775 0.13125 0.2411111111111111
2 0.6661111111111111 0.865 0.28555555555555556 0.16375
1 0.405 0.3659375 0.24555555555555555 0.140625
4 0.5522222222222222 0.2584375 0.21777777777777776 0.169375
1 0.24666666666666667 0.4940625 0.2511111111111111 0.153125
4 0.338125 0.14666666666666667 0.10375 0.21333333333333335
0 0.691875 0.3438888888888889 0.07375 0.23
0 0.100625 0.7061111111111111 0.12 0.19666666666666666
3 0.8521875 0.5683333333333334 0.148125 0.3011111111111111
