3 0.6025 0.16333333333333333 0.1525 0.2088888888888889
0 0.8615625 0.5972222222222222 0.165625 0.3188888888888889
4 0.328125 0.6338888888888888 0.13 0.2722222222222222
1 0.445 0.12111111111111111 0.1025 0.21777777777777776
1 0.7128125 0.715 0.115625 0.2388888888888889
3 0.570625 0.3088888888888889 0.0925 0.20444444444444446
2 0.07 0.5277777777777778 0.13625 0.25333333333333335
0 0.575 0.3811111111111111 0.11125 0.22
1 0.7146875 0.5211111111111111 0.138125 0.3288888888888889
0 0.8709375 0.7588888888888888 0.196875 0.2866666666666667
1 0.5316666666666666 0.846875 0.22333333333333333 0.125
4 0.6938888888888889 0.38 0.19 0.14625
3 0.5916666666666667 0.2290625 0.17444444444444446 0.131875
4 0.36777777777777776 0.7621875 0.32 0.193125
3 0.5061111111111111 0.619375 0.2011111111111111 0.15875
1 0.12444444444444444 0.496875 0.2288888888888889 0.165
1 0.5153125 0.19611111111111112 0.184375 0.34555555555555556
4 0.373125 0.37722222222222224 0.14 0.30777777777777776
4 0.846875 0.7583333333333333 0.1275 0.26555555555555554
3 0.741875 0.6538888888888889 0.1575 0.2588888888888889
1 0.7046875 0.7616666666666667 0.124375 0.27
1 0.1378125 0.5766666666666667 0.159375 0.31555555555555553
4 0.41125 0.6155555555555555 0.1225 0.18666666666666668
1 0.550625 0.4261111111111111 0.10875 0.22333333333333333
4 0.274375 0.34 0.14125 0.2577777777777778
