0 0.875625 0.5238888888888888 0.1775 0.3277777777777778
1 0.2715625 0.37277777777777776 0.136875 0.2722222222222222
3 0.53 0.834375 0.22 0.08875
3 0.30333333333333334 0.0875 0.15555555555555556 0.1125
4 0.67875 0.35055555555555556 0.1325 0.22333333333333333
3 0.1521875 0.7555555555555555 0.146875 0.31777777777777777
4 0.368125 0.7272222222222222 0.1375 0.21666666666666667
2 0.140625 0.5083333333333333 0.15625 0.35888888888888887
4 0.72125 0.17888888888888888 0.1325 0.28
4 0.2540625 0.5438888888888889 0.146875 0.23666666666666666
4 0.6383333333333333 0.3090625 0.29 0.175625
4 0.20055555555555554 0.4959375 0.20555555555555555 0.171875
4 0.7816666666666666 0.12125 0.31222222222222223 0.17625
0 0.7266666666666667 0.8509375 0.23333333333333334 0.144375
2 0.42 0.305 0.21333333333333335 0.1325
1 0.29388888888888887 0.4753125 0.25666666666666665 0.113125
1 0.5877777777777777 0.674375 0.25333333333333335 0.15125
4 0.6796875 0.3377777777777778 0.148125 0.3111111111111111
4 0.4753125 0.57 0.108125 0.21555555555555556
