4 0.5540625 0.23777777777777778 0.150625 0.2866666666666667
1 0.86625 0.3438888888888889 0.175 0.2922222222222222
1 0.6940625 0.5116666666666667 0.130625 0.21222222222222223
4 0.8228125 0.5872222222222222 0.099375 0.21
0 0.476875 0.7111111111111111 0.16375 0.19333333333333333
0 0.6665625 0.48444444444444446 0.165625 0.2688888888888889
3 0.291875 0.7427777777777778 0.14875 0.27
3 0.7046875 0.37222222222222223 0.134375 0.2511111111111111
0 0.4271875 0.5127777777777778 0.139375 0.2922222222222222
0 0.67375 0.39555555555555555 0.16625 0.29777777777777775
0 0.474375 0.7405555555555555 0.13 0.29
1 0.128125 0.6466666666666666 0.16375 0.33555555555555555
4 0.8240625 0.4583333333333333 0.103125 0.19
0 0.866875 0.30777777777777776 0.16375 0.3111111111111111
4 0.1265625 0.3788888888888889 0.105625 0.22
3 0.301875 0.5344444444444445 0.1725 0.29777777777777775
0 0.715 0.6494444444444445 0.145 0.29444444444444445
0 0.4846875 0.4911111111111111 0.171875 0.3377777777777778
4 0.075625 0.15055555555555555 0.1375 0.2388888888888889
1 0.2840625 0.7705555555555555 0.163125 0.31444444444444447
