3 0.6044444444444445 0.715625 0.17777777777777778 0.13
1 0.4577777777777778 0.8365625 0.27111111111111114 0.118125
1 0.6128125 0.52 0.131875 0.19333333333333333
3 0.1478125 0.7222222222222222 0.151875 0.24444444444444444
0 0.8490625 0.3622222222222222 0.129375 0.2311111111111111
3 0.605 0.130625 0.23222222222222222 0.125
4 0.7311111111111112 0.675625 0.24 0.1575
0 0.3477777777777778 0.8478125 0.20444444444444446 0.148125
4 0.3109375 0.4633333333333333 0.130625 0.22
3 0.145625 0.7477777777777778 0.1575 0.27111111111111114
4 0.495625 0.6388888888888888 0.1425 0.31333333333333335
0 0.660625 0.3338888888888889 0.115 0.21888888888888888
1 0.6383333333333333 0.43875 0.2611111111111111 0.17625
1 0.22555555555555556 0.1225 0.20444444444444446 0.11875
0 0.3605555555555556 0.5871875 0.2833333333333333 0.185625
3 0.41444444444444445 0.2803125 0.19777777777777777 0.146875
4 0.8665625 0.15777777777777777 0.159375 0.28444444444444444
1 0.3734375 0.5905555555555555 0.143125 0.33444444444444443
4 0.15666666666666668 0.4784375 0.24666666666666667 0.180625
1 0.27111111111111114 0.2596875 0.19555555555555557 0.131875
0 0.5927777777777777 0.8409375 0.27666666666666667 0.128125
