4 0.865625 0.5011111111111111 0.16375 0.3111111111111111
4 0.0871875 0.185 0.123125 0.23444444444444446
0 0.4796875 0.3488888888888889 0.150625 0.28444444444444444
1 0.4740625 0.30333333333333334 0.109375 0.18
4 0.1878125 0.10222222222222223 0.081875 0.19333333333333333
0 0.1003125 0.7633333333333333 0.160625 0.27555555555555555
2 0.7484375 0.6988888888888889 0.188125 0.35333333333333333
3 0.3140625 0.31055555555555553 0.080625 0.19666666666666666
4 0.3246875 0.5311111111111111 0.104375 0.2577777777777778
2 0.7203125 0.7161111111111111 0.125625 0.23222222222222222
0 0.105625 0.14277777777777778 0.17875 0.27
4 0.471875 0.4272222222222222 0.14125 0.2477777777777778
0 0.2053125 0.6155555555555555 0.121875 0.2288888888888889
1 0.22333333333333333 0.47125 0.2733333333333333 0.12875
2 0.7505555555555555 0.6665625 0.27 0.134375
2 0.3516666666666667 0.09375 0.26555555555555554 0.1425
2 0.45444444444444443 0.2759375 0.20666666666666667 0.123125
3 0.3825 0.3438888888888889 0.1425 0.29888888888888887
3 0.7259375 0.47444444444444445 0.120625 0.21777777777777776
1 0.4821875 0.39944444444444444 0.105625 0.2388888888888889
1 0.608125 0.6666666666666666 0.12125 0.26222222222222225
2 0.846875 0.7355555555555555 0.12625 0.2288888888888889
1 0.27166666666666667 0.8690625 0.28555555555555556 0.175625
4 0.6244444444444445 0.383125 0.19777777777777777 0.1175
