2 0.4583333333333333 0.8784375 0.28555555555555556 0.174375
3 0.5005555555555555 0.1234375 0.16777777777777778 0.135625
4 0.10555555555555556 0.59875 0.18222222222222223 0.10625
0 0.25666666666666665 0.4928125 0.28444444444444444 0.139375
0 0.615 0.7303125 0.19666666666666666 0.124375
1 0.7705555555555555 0.268125 0.3055555555555556 0.18
2 0.308125 0.18055555555555555 0.185 0.3233333333333333
3 0.1296875 0.35555555555555557 0.108125 0.20444444444444446
1 0.563125 0.5027777777777778 0.135 0.2633333333333333
1 0.36944444444444446 0.086875 0.22111111111111112 0.12625
2 0.4761111111111111 0.841875 0.19666666666666666 0.1275
1 0.4059375 0.6422222222222222 0.120625 0.26666666666666666
0 0.85375 0.7266666666666667 0.135 0.20222222222222222
2 0.2884375 0.3161111111111111 0.179375 0.31
1 0.1265625 0.14333333333333334 0.149375 0.19555555555555557
3 0.2761111111111111 0.383125 0.19666666666666666 0.1375
3 0.3861111111111111 0.540625 0.20555555555555555 0.14125
2 0.5561111111111111 0.2375 0.33444444444444443 0.1575
0 0.735 0.70125 0.2677777777777778 0.15125
3 0.368125 0.23277777777777778 0.1125 0.22555555555555556
3 0.600625 0.7416666666666667 0.1075 0.2388888888888889
3 0.150625 0.39222222222222225 0.1475 0.2111111111111111
1 0.2011111111111111 0.14 0.21333333333333335 0.135
0 0.7416666666666667 0.7159375 0.22333333333333333 0.146875
