4 0.1175 0.595 0.1425 0.2722222222222222
1 0.8453125 0.1288888888888889 0.109375 0.24888888888888888
4 0.49 0.455 0.14375 0.29444444444444445
2 0.699375 0.2833333333333333 0.19 0.25555555555555554
2 0.85625 0.5583333333333333 0.13125 0.23222222222222222
2 0.373125 0.46055555555555555 0.1975 0.3566666666666667
4 0.5890625 0.2311111111111111 0.113125 0.21777777777777776
2 0.8571875 0.18833333333333332 0.150625 0.18333333333333332
2 0.690625 0.5261111111111111 0.11375 0.22111111111111112
1 0.5428125 0.6294444444444445 0.114375 0.21444444444444444
3 0.4503125 0.11666666666666667 0.119375 0.2311111111111111
0 0.715 0.21611111111111111 0.13125 0.23
0 0.833125 0.3088888888888889 0.10875 0.21555555555555556
0 0.5834375 0.6277777777777778 0.126875 0.25333333333333335
3 0.3275 0.7105555555555556 0.1325 0.21888888888888888
3 0.10125 0.5494444444444444 0.0825 0.23444444444444446
0 0.8271875 0.18777777777777777 0.090625 0.21333333333333335
1 0.4688888888888889 0.870625 0.26666666666666666 0.1625
3 0.6416666666666667 0.7475 0.26555555555555554 0.1625
1 0.26666666666666666 0.363125 0.2088888888888889 0.13
1 0.38666666666666666 0.4978125 0.27555555555555555 0.153125
