3 0.3084375 0.585 0.131875 0.25666666666666665
2 0.87125 0.3022222222222222 0.17125 0.28888888888888886
3 0.6653125 0.115 0.121875 0.21222222222222223
4 0.4127777777777778 0.86625 0.2611111111111111 0.17125
4 0.20833333333333334 0.093125 0.17888888888888888 0.11875
3 0.1225 0.2727777777777778 0.14875 0.2633333333333333
3 0.35 0.24833333333333332 0.11625 0.2877777777777778
0 0.60625 0.40166666666666667 0.1375 0.25
0 0.12125 0.5538888888888889 0.15 0.21
0 0.24375 0.3111111111111111 0.155 0.29777777777777775
0 0.115625 0.4 0.1425 0.2911111111111111
0 0.7465625 0.6 0.185625 0.3244444444444444
1 0.4840625 0.6838888888888889 0.148125 0.30777777777777776
1 0.31375 0.44166666666666665 0.145 0.27666666666666667
2 0.4875 0.5677777777777778 0.1375 0.2288888888888889
4 0.134375 0.7305555555555555 0.14 0.25222222222222224
4 0.34125 0.2288888888888889 0.1425 0.31333333333333335
1 0.8278125 0.7188888888888889 0.104375 0.21777777777777776
