4 0.34444444444444444 0.13875 0.23777777777777778 0.14
1 0.55 0.7378125 0.25555555555555554 0.150625
1 0.22166666666666668 0.249375 0.18777777777777777 0.12375
0 0.7694444444444445 0.62875 0.3011111111111111 0.17
1 0.6555555555555556 0.623125 0.2866666666666667 0.1725
1 0.14222222222222222 0.8746875 0.27111111111111114 0.178125
0 0.3088888888888889 0.725625 0.2 0.12875
3 0.5561111111111111 0.2246875 0.29 0.121875
0 0.23722222222222222 0.13375 0.2588888888888889 0.1875
0 0.595 0.7133333333333334 0.1025 0.23333333333333334
0 0.1671875 0.5572222222222222 0.178125 0.31
0 0.1271875 0.27055555555555555 0.148125 0.2722222222222222
0 0.869375 0.6155555555555555 0.1675 0.32666666666666666
4 0.3634375 0.7611111111111111 0.133125 0.3
0 0.20333333333333334 0.2771875 0.28444444444444444 0.158125
4 0.5688888888888889 0.8375 0.2 0.11625
4 0.325 0.4578125 0.25666666666666665 0.131875
4 0.8678125 0.5572222222222222 0.168125 0.27
0 0.836875 0.6027777777777777 0.1225 0.23444444444444446
3 0.5559375 0.4444444444444444 0.140625 0.14
0 0.3934375 0.24444444444444444 0.105625 0.18666666666666668
4 0.6909375 0.18222222222222223 0.120625 0.28444444444444444
