4 0.0759375 0.31333333333333335 0.118125 0.2
2 0.845625 0.5183333333333333 0.125 0.2011111111111111
1 0.390625 0.4766666666666667 0.135 0.32222222222222224
1 0.2228125 0.6455555555555555 0.105625 0.2511111111111111
4 0.5261111111111111 0.8425 0.16111111111111112 0.11125
4 0.5471875 0.7388888888888889 0.096875 0.26222222222222225
0 0.8721875 0.535 0.161875 0.29888888888888887
0 0.4228125 0.3233333333333333 0.139375 0.32
3 0.684375 0.15611111111111112 0.07875 0.20555555555555555
4 0.735 0.30944444444444447 0.18125 0.31222222222222223
0 0.4309375 0.14777777777777779 0.150625 0.22
0 0.5894444444444444 0.4846875 0.25222222222222224 0.139375
0 0.3283333333333333 0.3078125 0.30777777777777776 0.160625
4 0.17444444444444446 0.13125 0.28888888888888886 0.18125
3 0.45111111111111113 0.8653125 0.2644444444444444 0.150625
1 0.09 0.17333333333333334 0.16875 0.32666666666666666
3 0.1996875 0.7488888888888889 0.130625 0.27555555555555555
1 0.73375 0.42444444444444446 0.1675 0.2288888888888889
3 0.440625 0.6355555555555555 0.09625 0.2511111111111111
1 0.3284375 0.2772222222222222 0.130625 0.33444444444444443
3 0.7366666666666667 0.6965625 0.2644444444444444 0.140625
4 0.2511111111111111 0.5515625 0.30666666666666664 0.164375
0 0.4077777777777778 0.226875 0.21555555555555556 0.14125
