4 0.0865625 0.3972222222222222 0.155625 0.2677777777777778
4 0.5809375 0.5666666666666667 0.108125 0.24444444444444444
3 0.33625 0.7805555555555556 0.1375 0.31
3 0.8428125 0.23555555555555555 0.113125 0.30666666666666664
2 0.865 0.17944444444444443 0.17125 0.2611111111111111
4 0.260625 0.6188888888888889 0.1525 0.26222222222222225
3 0.5521875 0.3161111111111111 0.140625 0.31666666666666665
1 0.0784375 0.75 0.136875 0.2733333333333333
0 0.22625 0.36333333333333334 0.1775 0.2577777777777778
0 0.7028125 0.5111111111111111 0.110625 0.17555555555555555
3 0.5828125 0.7561111111111111 0.123125 0.2588888888888889
2 0.8528125 0.5816666666666667 0.146875 0.2922222222222222
4 0.5628125 0.65 0.151875 0.28444444444444444
2 0.12875 0.44666666666666666 0.155 0.2777777777777778
1 0.69 0.20944444444444443 0.115 0.20333333333333334
0 0.404375 0.5155555555555555 0.125 0.21555555555555556
4 0.6459375 0.5661111111111111 0.085625 0.1811111111111111
3 0.49875 0.3238888888888889 0.155 0.22111111111111112
4 0.3075 0.19055555555555556 0.13625 0.21666666666666667
0 0.8634375 0.49277777777777776 0.155625 0.2966666666666667
