4 0.5322222222222223 0.6025 0.21777777777777776 0.11875
1 0.69375 0.7883333333333333 0.18 0.34555555555555556
2 0.1134375 0.47555555555555556 0.101875 0.20666666666666667
0 0.3334375 0.2783333333333333 0.181875 0.29888888888888887
2 0.5811111111111111 0.36875 0.26222222222222225 0.13125
3 0.7294444444444445 0.2546875 0.1988888888888889 0.148125
3 0.3327777777777778 0.125 0.3055555555555556 0.1325
2 0.44277777777777777 0.52375 0.34555555555555556 0.1975
0 0.7011111111111111 0.749375 0.32222222222222224 0.16
4 0.22333333333333333 0.628125 0.2644444444444444 0.16125
0 0.7872222222222223 0.876875 0.3277777777777778 0.1775
3 0.5744444444444444 0.6346875 0.2777777777777778 0.169375
4 0.46166666666666667 0.25125 0.2388888888888889 0.115
4 0.6511111111111111 0.74 0.24444444444444444 0.1425
0 0.26222222222222225 0.384375 0.21333333333333335 0.14375
4 0.6984375 0.4061111111111111 0.183125 0.30333333333333334
2 0.8396875 0.5766666666666667 0.104375 0.18222222222222223
0 0.31875 0.2838888888888889 0.14375 0.29
2 0.4996875 0.49722222222222223 0.145625 0.2544444444444444
4 0.2209375 0.65 0.166875 0.26
3 0.47125 0.2866666666666667 0.1475 0.32
4 0.7109375 0.40166666666666667 0.106875 0.23666666666666666
3 0.8396875 0.47944444444444445 0.104375 0.23444444444444446
1 0.5915625 0.7494444444444445 0.128125 0.3011111111111111
0 0.8528125 0.7172222222222222 0.135625 0.24333333333333335
4 0.6259375 0.26722222222222225 0.165625 0.2922222222222222
4 0.115625 0.5361111111111111 0.11 0.1988888888888889
1 0.360625 0.4816666666666667 0.1175 0.2477777777777778
0 0.7578125 0.43944444444444447 0.188125 0.3211111111111111
