3 0.8659375 0.7261111111111112 0.165625 0.22777777777777777
0 0.418125 0.16333333333333333 0.1225 0.24888888888888888
4 0.5671875 0.49 0.136875 0.21555555555555556
2 0.20222222222222222 0.0496875 0.19777777777777777 0.079375
4 0.7377777777777778 0.4678125 0.24 0.146875
0 0.6046875 0.20666666666666667 0.166875 0.3622222222222222
4 0.0846875 0.38222222222222224 0.168125 0.31333333333333335
3 0.3175 0.6483333333333333 0.11375 0.24555555555555555
3 0.094375 0.2311111111111111 0.12625 0.2111111111111111
4 0.8559375 0.49166666666666664 0.135625 0.33666666666666667
2 0.225625 0.7388888888888889 0.1375 0.23777777777777778
4 0.3578125 0.5288888888888889 0.149375 0.21333333333333335
1 0.4678125 0.15777777777777777 0.116875 0.26222222222222225
4 0.7346875 0.6361111111111111 0.145625 0.23
2 0.604375 0.6422222222222222 0.1275 0.2311111111111111
4 0.73875 0.37222222222222223 0.14875 0.29333333333333333
3 0.3609375 0.41888888888888887 0.135625 0.18444444444444444
3 0.219375 0.16333333333333333 0.1 0.27555555555555555
4 0.37 0.31375 0.31555555555555553 0.18625
0 0.7288888888888889 0.110625 0.25333333333333335 0.1525
2 0.13625 0.43777777777777777 0.16625 0.31777777777777777
0 0.5040625 0.7788888888888889 0.166875 0.32
4 0.643125 0.5138888888888888 0.2 0.29888888888888887
