3 0.2875 0.6016666666666667 0.12125 0.25
1 0.4809375 0.725 0.139375 0.24333333333333335
4 0.6621875 0.23 0.134375 0.26
3 0.4166666666666667 0.25875 0.19111111111111112 0.1375
4 0.7316666666666667 0.8415625 0.20333333333333334 0.116875
2 0.5477777777777778 0.6815625 0.24888888888888888 0.094375
4 0.23833333333333334 0.551875 0.24555555555555555 0.13125
1 0.6066666666666667 0.1025 0.16 0.12125
1 0.5616666666666666 0.6190625 0.2833333333333333 0.174375
0 0.1438888888888889 0.100625 0.2411111111111111 0.1525
1 0.3638888888888889 0.3665625 0.28555555555555556 0.176875
3 0.2861111111111111 0.1496875 0.25222222222222224 0.180625
0 0.19277777777777777 0.69875 0.35888888888888887 0.18375
0 0.415 0.1390625 0.3055555555555556 0.158125
1 0.20777777777777778 0.363125 0.23777777777777778 0.125
1 0.595 0.87 0.3188888888888889 0.17625
2 0.715 0.605 0.21222222222222223 0.1275
4 0.833125 0.45555555555555555 0.10375 0.1688888888888889
0 0.4596875 0.6105555555555555 0.126875 0.24555555555555555
0 0.5944444444444444 0.3628125 0.31777777777777777 0.164375
4 0.17666666666666667 0.098125 0.23333333333333334 0.13875
4 0.7633333333333333 0.8753125 0.2777777777777778 0.179375
