2 0.590625 0.6572222222222223 0.1275 0.2588888888888889
3 0.198125 0.16333333333333333 0.12625 0.13111111111111112
4 0.70375 0.7727777777777778 0.14 0.30333333333333334
3 0.096875 0.6061111111111112 0.08125 0.19
3 0.8415625 0.4222222222222222 0.125625 0.26222222222222225
0 0.431875 0.35055555555555556 0.17375 0.3388888888888889
1 0.574375 0.24 0.17 0.3377777777777778
0 0.1938888888888889 0.8490625 0.20333333333333334 0.126875
0 0.655 0.090625 0.31 0.1775
1 0.38333333333333336 0.38 0.17555555555555555 0.13
3 0.5222222222222223 0.551875 0.24888888888888888 0.16
4 0.29888888888888887 0.69375 0.2111111111111111 0.13
4 0.7205555555555555 0.2359375 0.23666666666666666 0.155625
3 0.4746875 0.16055555555555556 0.118125 0.2677777777777778
1 0.68625 0.7972222222222223 0.16625 0.33666666666666667
4 0.880625 0.6027777777777777 0.18 0.25
4 0.1065625 0.28833333333333333 0.130625 0.22333333333333333
0 0.2815625 0.7422222222222222 0.144375 0.22666666666666666
0 0.086875 0.3233333333333333 0.14125 0.2733333333333333
4 0.490625 0.17222222222222222 0.17625 0.2644444444444444
3 0.664375 0.4905555555555556 0.1375 0.31222222222222223
2 0.8590625 0.6238888888888889 0.140625 0.28555555555555556
3 0.7161111111111111 0.470625 0.17222222222222222 0.11
0 0.3988888888888889 0.2721875 0.29333333333333333 0.198125
2 0.5716666666666667 0.60625 0.2611111111111111 0.13875
1 0.6377777777777778 0.331875 0.20444444444444446 0.075
