2 0.1528125 0.385 0.150625 0.2677777777777778
2 0.5590625 0.13 0.123125 0.23333333333333334
2 0.7115625 0.74 0.148125 0.26222222222222225
0 0.283125 0.27 0.13125 0.27555555555555555
4 0.08125 0.33055555555555555 0.14375 0.2633333333333333
4 0.869375 0.15555555555555556 0.18625 0.3111111111111111
3 0.31625 0.6972222222222222 0.1025 0.19666666666666666
2 0.6171875 0.3572222222222222 0.156875 0.22555555555555556
4 0.7071875 0.45222222222222225 0.094375 0.23555555555555555
0 0.485625 0.755 0.13625 0.30333333333333334
1 0.5066666666666667 0.311875 0.28888888888888886 0.2
0 0.615 0.4859375 0.25222222222222224 0.165625
4 0.24666666666666667 0.09 0.27555555555555555 0.13875
3 0.30722222222222223 0.8365625 0.14333333333333334 0.101875
0 0.6744444444444444 0.648125 0.11555555555555555 0.1075
4 0.2328125 0.5422222222222223 0.141875 0.2644444444444444
4 0.736875 0.24166666666666667 0.15 0.25666666666666665
0 0.8603125 0.6538888888888889 0.146875 0.29
4 0.8665625 0.2788888888888889 0.156875 0.28444444444444444
3 0.748125 0.16277777777777777 0.16125 0.23444444444444446
3 0.2453125 0.7394444444444445 0.120625 0.28555555555555556
4 0.3634375 0.5183333333333333 0.115625 0.21222222222222223
0 0.6371875 0.39444444444444443 0.180625 0.33111111111111113
0 0.145 0.44166666666666665 0.16 0.2411111111111111
2 0.35625 0.7283333333333334 0.13125 0.2588888888888889
