3 0.29375 0.17333333333333334 0.1525 0.15555555555555556
0 0.84625 0.4672222222222222 0.1175 0.2411111111111111
0 0.6546875 0.32944444444444443 0.114375 0.21666666666666667
0 0.3509375 0.43166666666666664 0.115625 0.19
4 0.7396875 0.3827777777777778 0.145625 0.27
4 0.4971875 0.5427777777777778 0.159375 0.23444444444444446
1 0.1415625 0.22111111111111112 0.195625 0.3022222222222222
4 0.8359375 0.6222222222222222 0.088125 0.21555555555555556
3 0.0709375 0.35944444444444446 0.109375 0.2611111111111111
2 0.536875 0.5688888888888889 0.1225 0.28
2 0.71125 0.7705555555555555 0.165 0.2833333333333333
2 0.839375 0.6272222222222222 0.1275 0.24333333333333335
0 0.309375 0.5144444444444445 0.14 0.26222222222222225
4 0.3584375 0.5261111111111111 0.124375 0.23222222222222222
0 0.1321875 0.31833333333333336 0.148125 0.22333333333333333
1 0.8478125 0.26944444444444443 0.113125 0.22777777777777777
0 0.1165625 0.5333333333333333 0.148125 0.28888888888888886
0 0.5696875 0.39666666666666667 0.156875 0.24888888888888888
0 0.706875 0.7394444444444445 0.13125 0.23222222222222222
1 0.576875 0.175 0.0925 0.23
2 0.084375 0.38 0.1175 0.26666666666666666
