4 0.061875 0.7655555555555555 0.10875 0.27555555555555555
2 0.36 0.43722222222222223 0.1875 0.3388888888888889
0 0.5865625 0.21166666666666667 0.121875 0.24555555555555555
3 0.84125 0.5666666666666667 0.1125 0.23777777777777778
3 0.2783333333333333 0.2625 0.2833333333333333 0.15875
3 0.6983333333333334 0.5546875 0.14333333333333334 0.149375
1 0.5516666666666666 0.8521875 0.3411111111111111 0.150625
0 0.48388888888888887 0.4934375 0.23222222222222222 0.183125
1 0.23166666666666666 0.0940625 0.22111111111111112 0.139375
4 0.8634375 0.7111111111111111 0.146875 0.21555555555555556
0 0.6411111111111111 0.1675 0.27111111111111114 0.18125
4 0.5290625 0.27555555555555555 0.076875 0.15555555555555556
0 0.888125 0.4633333333333333 0.1975 0.31777777777777777
1 0.7215625 0.2311111111111111 0.123125 0.26222222222222225
0 0.6134375 0.4311111111111111 0.169375 0.33111111111111113
2 0.345 0.7488888888888889 0.15625 0.3
0 0.4690625 0.6344444444444445 0.141875 0.23777777777777778
0 0.8525 0.45222222222222225 0.1225 0.20666666666666667
3 0.0471875 0.5527777777777778 0.084375 0.2411111111111111
