2 0.45166666666666666 0.311875 0.27666666666666667 0.15875
4 0.7216666666666667 0.1075 0.22111111111111112 0.12125
4 0.11222222222222222 0.6603125 0.19333333333333333 0.110625
0 0.3909375 0.6016666666666667 0.168125 0.3322222222222222
2 0.853125 0.17888888888888888 0.12625 0.24888888888888888
2 0.4728125 0.6872222222222222 0.078125 0.16333333333333333
0 0.3271875 0.495 0.145625 0.25222222222222224
4 0.6940625 0.275 0.163125 0.2833333333333333
4 0.8509375 0.41944444444444445 0.118125 0.33666666666666667
1 0.47333333333333333 0.0709375 0.2088888888888889 0.120625
1 0.2594444444444444 0.7065625 0.2411111111111111 0.158125
2 0.12944444444444445 0.84375 0.21 0.12375
3 0.5794444444444444 0.2196875 0.19 0.110625
4 0.606875 0.5638888888888889 0.17 0.28555555555555556
0 0.1021875 0.2877777777777778 0.160625 0.3244444444444444
0 0.855 0.6933333333333334 0.165 0.3488888888888889
4 0.3234375 0.4211111111111111 0.103125 0.19777777777777777
4 0.46125 0.7372222222222222 0.12875 0.2388888888888889
0 0.3228125 0.4588888888888889 0.181875 0.2866666666666667
4 0.49875 0.16944444444444445 0.16875 0.31666666666666665
3 0.858125 0.7583333333333333 0.1575 0.27666666666666667
4 0.1340625 0.6055555555555555 0.169375 0.27555555555555555
4 0.7105555555555556 0.834375 0.21 0.12125
4 0.3888888888888889 0.369375 0.18888888888888888 0.12875
3 0.24666666666666667 0.145 0.21555555555555556 0.14875
4 0.5872222222222222 0.6303125 0.27444444444444444 0.181875
