4 0.3675 0.37333333333333335 0.12625 0.1711111111111111
3 0.225625 0.7616666666666667 0.08625 0.26555555555555554
4 0.8528125 0.6605555555555556 0.121875 0.23444444444444446
4 0.13875 0.3655555555555556 0.15625 0.32666666666666666
0 0.370625 0.5872222222222222 0.165 0.31666666666666665
0 0.135 0.38666666666666666 0.1925 0.31333333333333335
3 0.87125 0.1761111111111111 0.16625 0.29
4 0.39 0.32611111111111113 0.1375 0.2877777777777778
0 0.07875 0.4088888888888889 0.1275 0.2311111111111111
1 0.2215625 0.72 0.106875 0.18444444444444444
3 0.67125 0.17833333333333334 0.0875 0.21444444444444444
2 0.34125 0.5694444444444444 0.1275 0.2833333333333333
4 0.6575 0.445 0.13125 0.2544444444444444
1 0.0684375 0.5533333333333333 0.109375 0.18444444444444444
2 0.494375 0.15666666666666668 0.19 0.2511111111111111
0 0.603125 0.2822222222222222 0.16 0.32666666666666666
0 0.3490625 0.4388888888888889 0.154375 0.30666666666666664
0 0.7090625 0.485 0.120625 0.23222222222222222
4 0.68625 0.6988888888888889 0.1025 0.17333333333333334
2 0.560625 0.5061111111111111 0.13125 0.20333333333333334
3 0.415625 0.36777777777777776 0.12125 0.34
