4 0.108125 0.4572222222222222 0.0975 0.22333333333333333
2 0.85625 0.7405555555555555 0.14625 0.2388888888888889
3 0.6646875 0.76 0.111875 0.27111111111111114
0 0.4909375 0.3422222222222222 0.130625 0.2311111111111111
1 0.8675 0.5911111111111111 0.15125 0.2
2 0.1271875 0.47888888888888886 0.134375 0.24
4 0.3096875 0.24055555555555555 0.134375 0.2922222222222222
0 0.405 0.7396875 0.23444444444444446 0.148125
2 0.24388888888888888 0.6115625 0.2388888888888889 0.143125
0 0.5672222222222222 0.3590625 0.23 0.140625
0 0.7216666666666667 0.48375 0.21 0.13875
4 0.1346875 0.7611111111111111 0.146875 0.2644444444444444
2 0.83875 0.7244444444444444 0.13125 0.21333333333333335
4 0.1234375 0.3661111111111111 0.183125 0.3233333333333333
3 0.64625 0.19833333333333333 0.1175 0.2611111111111111
0 0.5205555555555555 0.5975 0.1988888888888889 0.1275
4 0.34 0.8221875 0.20666666666666667 0.090625
0 0.14 0.106875 0.17555555555555555 0.1175
4 0.4903125 0.6205555555555555 0.168125 0.29444444444444445
0 0.088125 0.2816666666666667 0.12625 0.2411111111111111
1 0.665625 0.12222222222222222 0.1375 0.23333333333333334
