1 0.6766666666666666 0.820625 0.14666666666666667 0.08625
2 0.5488888888888889 0.15125 0.22444444444444445 0.16
1 0.18833333333333332 0.3546875 0.16555555555555557 0.096875
3 0.825625 0.6333333333333333 0.0825 0.21777777777777776
4 0.3746875 0.7555555555555555 0.150625 0.2577777777777778
4 0.6059375 0.5183333333333333 0.128125 0.19
4 0.2509375 0.43 0.145625 0.21777777777777776
0 0.155 0.2966666666666667 0.195 0.35777777777777775
1 0.130625 0.19444444444444445 0.16 0.26666666666666666
4 0.6565625 0.7377777777777778 0.118125 0.24222222222222223
0 0.319375 0.6333333333333333 0.17375 0.3111111111111111
1 0.1125 0.7361111111111112 0.1 0.21222222222222223
1 0.6046875 0.24444444444444444 0.121875 0.24888888888888888
3 0.388125 0.4572222222222222 0.17 0.33444444444444443
4 0.7444444444444445 0.8809375 0.24 0.179375
3 0.6655555555555556 0.60125 0.27555555555555555 0.12625
4 0.25666666666666665 0.3590625 0.2311111111111111 0.148125
1 0.37 0.105 0.2644444444444444 0.145
3 0.16722222222222222 0.7478125 0.24555555555555555 0.166875
1 0.7403125 0.43944444444444447 0.159375 0.2811111111111111
0 0.393125 0.6333333333333333 0.1875 0.3466666666666667
3 0.849375 0.7738888888888888 0.13625 0.3055555555555556
3 0.2440625 0.3416666666666667 0.130625 0.2477777777777778
4 0.1165625 0.2577777777777778 0.115625 0.24
