2 0.316875 0.31277777777777777 0.16375 0.30777777777777776
4 0.85 0.42444444444444446 0.12 0.22666666666666666
0 0.5009375 0.7661111111111111 0.161875 0.30333333333333334
4 0.589375 0.46166666666666667 0.095 0.19444444444444445
4 0.1059375 0.2427777777777778 0.114375 0.2633333333333333
4 0.494375 0.6894444444444444 0.15125 0.31222222222222223
1 0.84 0.7427777777777778 0.1025 0.2477777777777778
4 0.7578125 0.5905555555555555 0.185625 0.2833333333333333
3 0.2328125 0.4027777777777778 0.121875 0.24555555555555555
2 0.390625 0.36833333333333335 0.19125 0.34555555555555556
1 0.6671875 0.6344444444444445 0.168125 0.3111111111111111
2 0.86125 0.19166666666666668 0.1725 0.3011111111111111
4 0.4721875 0.3211111111111111 0.160625 0.2688888888888889
0 0.5984375 0.4444444444444444 0.123125 0.23777777777777778
3 0.3553125 0.5394444444444444 0.131875 0.24555555555555555
1 0.461875 0.6138888888888889 0.0975 0.21222222222222223
4 0.1190625 0.2061111111111111 0.154375 0.30777777777777776
1 0.6440625 0.28 0.116875 0.24222222222222223
4 0.8621875 0.15388888888888888 0.165625 0.29444444444444445
3 0.24875 0.4216666666666667 0.1 0.22111111111111112
1 0.068125 0.5755555555555556 0.125 0.22444444444444445
0 0.47125 0.4072222222222222 0.15125 0.2633333333333333
2 0.705 0.6511111111111111 0.10625 0.25555555555555554
0 0.5934375 0.22277777777777777 0.139375 0.22333333333333333
0 0.0928125 0.6127777777777778 0.163125 0.3433333333333333
4 0.2090625 0.7322222222222222 0.139375 0.2511111111111111
1 0.875625 0.5177777777777778 0.19 0.31777777777777777
0 0.8415625 0.6233333333333333 0.119375 0.2222222222222222
0 0.54375 0.4166666666666667 0.11625 0.24
1 0.39375 0.19666666666666666 0.1125 0.2288888888888889
