1 0.860625 0.7138888888888889 0.1425 0.23666666666666666
3 0.7028125 0.3988888888888889 0.143125 0.16444444444444445
3 0.375 0.3461111111111111 0.1175 0.24333333333333335
0 0.5346875 0.6311111111111111 0.121875 0.2577777777777778
1 0.2309375 0.5577777777777778 0.144375 0.29555555555555557
4 0.36625 0.5766666666666667 0.1375 0.30444444444444446
1 0.614375 0.7844444444444445 0.14625 0.33111111111111113
1 0.8215625 0.33666666666666667 0.073125 0.21333333333333335
3 0.1071875 0.665 0.135625 0.3233333333333333
1 0.39 0.7344444444444445 0.1025 0.22666666666666666
3 0.716875 0.39166666666666666 0.15625 0.24333333333333335
4 0.245625 0.48444444444444446 0.11375 0.21333333333333335
2 0.413125 0.15555555555555556 0.15375 0.23555555555555555
3 0.5375 0.7266666666666667 0.10875 0.24444444444444444
0 0.094375 0.6083333333333333 0.105 0.23444444444444446
3 0.6821875 0.39055555555555554 0.103125 0.25222222222222224
2 0.375 0.34875 0.22333333333333333 0.12875
4 0.245 0.8675 0.29444444444444445 0.15125
3 0.7094444444444444 0.0878125 0.19 0.128125
0 0.61 0.67625 0.3 0.165
2 0.2722222222222222 0.2790625 0.23777777777777778 0.130625
4 0.1065625 0.20944444444444443 0.166875 0.3211111111111111
1 0.8659375 0.6355555555555555 0.158125 0.24444444444444444
4 0.3778125 0.5044444444444445 0.099375 0.21555555555555556
