4 0.345 0.10875 0.17888888888888888 0.11625
4 0.5572222222222222 0.838125 0.23666666666666666 0.12875
2 0.17888888888888888 0.5953125 0.21333333333333335 0.125625
4 0.7333333333333333 0.3603125 0.22 0.138125
2 0.4578125 0.7283333333333334 0.125625 0.22111111111111112
4 0.0934375 0.6288888888888889 0.180625 0.3022222222222222
4 0.2653125 0.2722222222222222 0.124375 0.19111111111111112
1 0.838125 0.3938888888888889 0.12375 0.22333333333333333
3 0.56375 0.5288888888888889 0.14875 0.2822222222222222
3 0.69375 0.6127777777777778 0.1225 0.2388888888888889
4 0.2571875 0.7322222222222222 0.175625 0.27111111111111114
2 0.3621875 0.12777777777777777 0.138125 0.19555555555555557
2 0.4975 0.42944444444444446 0.16125 0.23222222222222222
3 0.356875 0.4216666666666667 0.13125 0.25
3 0.0903125 0.5822222222222222 0.098125 0.24222222222222223
1 0.579375 0.5705555555555556 0.11125 0.23666666666666666
3 0.0865625 0.21555555555555556 0.145625 0.20666666666666667
1 0.3396875 0.42333333333333334 0.141875 0.2822222222222222
4 0.606875 0.7277777777777777 0.12875 0.25555555555555554
1 0.3803125 0.555 0.145625 0.2811111111111111
1 0.840625 0.21388888888888888 0.125 0.3411111111111111
