1 0.2278125 0.23944444444444443 0.143125 0.26555555555555554
0 0.4696875 0.31833333333333336 0.126875 0.22777777777777777
0 0.3678125 0.18055555555555555 0.173125 0.3433333333333333
1 0.1221875 0.6738888888888889 0.165625 0.26555555555555554
3 0.35 0.4588888888888889 0.125 0.1622222222222222
4 0.8528125 0.26555555555555554 0.136875 0.2644444444444444
4 0.2353125 0.595 0.144375 0.27
2 0.634375 0.3844444444444444 0.1975 0.34
4 0.4653125 0.4116666666666667 0.106875 0.23
0 0.36333333333333334 0.0990625 0.24222222222222223 0.143125
4 0.6938888888888889 0.2825 0.18777777777777777 0.13125
4 0.5927777777777777 0.6559375 0.22555555555555556 0.120625
4 0.8584375 0.7216666666666667 0.139375 0.25
3 0.1278125 0.5616666666666666 0.160625 0.3011111111111111
3 0.3590625 0.15055555555555555 0.129375 0.21888888888888888
0 0.215625 0.66 0.14125 0.26
4 0.710625 0.7022222222222222 0.11125 0.16
3 0.3309375 0.5488888888888889 0.116875 0.2222222222222222
4 0.8625 0.39055555555555554 0.16 0.27444444444444444
4 0.0753125 0.7088888888888889 0.143125 0.21777777777777776
0 0.8784375 0.5188888888888888 0.184375 0.3244444444444444
0 0.3971875 0.33055555555555555 0.166875 0.2677777777777778
4 0.245 0.37444444444444447 0.09875 0.19555555555555557
0 0.63375 0.7511111111111111 0.1675 0.3111111111111111
