0 0.4172222222222222 0.6125 0.25222222222222224 0.13875
3 0.2922222222222222 0.2371875 0.16444444444444445 0.130625
4 0.5888888888888889 0.5015625 0.27111111111111114 0.164375
4 0.2783333333333333 0.115 0.29888888888888887 0.13375
0 0.755 0.7446875 0.2788888888888889 0.155625
2 0.48055555555555557 0.3621875 0.21666666666666667 0.133125
2 0.6161111111111112 0.67375 0.3055555555555556 0.18
2 0.23777777777777778 0.838125 0.35333333333333333 0.12
4 0.7522222222222222 0.0740625 0.3088888888888889 0.143125
0 0.4666666666666667 0.464375 0.27555555555555555 0.14875
3 0.4703125 0.6372222222222222 0.119375 0.23666666666666666
3 0.2309375 0.5516666666666666 0.129375 0.22333333333333333
4 0.335625 0.7105555555555556 0.095 0.22333333333333333
2 0.85125 0.39611111111111114 0.14875 0.23
4 0.855 0.6477777777777778 0.13375 0.26222222222222225
1 0.406875 0.53 0.1075 0.23333333333333334
1 0.2925 0.2688888888888889 0.16875 0.32666666666666666
4 0.11875 0.7411111111111112 0.11125 0.24222222222222223
1 0.5628125 0.43777777777777777 0.129375 0.25333333333333335
1 0.7153125 0.35555555555555557 0.144375 0.29555555555555557
4 0.4871875 0.7211111111111111 0.131875 0.21333333333333335
0 0.1528125 0.41555555555555557 0.165625 0.32666666666666666
4 0.6821875 0.29333333333333333 0.170625 0.32222222222222224
4 0.8165625 0.6122222222222222 0.088125 0.23777777777777778
4 0.2084375 0.15388888888888888 0.128125 0.29
4 0.2465625 0.5077777777777778 0.111875 0.1688888888888889
4 0.0821875 0.7327777777777778 0.134375 0.22111111111111112
4 0.1028125 0.4288888888888889 0.063125 0.20444444444444446
0 0.3884375 0.7744444444444445 0.156875 0.31333333333333335
4 0.74625 0.45 0.16875 0.2688888888888889
2 0.8521875 0.3333333333333333 0.128125 0.20666666666666667
