3 0.3534375 0.5516666666666666 0.085625 0.22333333333333333
0 0.7527777777777778 0.298125 0.26555555555555554 0.16125
3 0.29388888888888887 0.4671875 0.19666666666666666 0.119375
2 0.859375 0.7572222222222222 0.155 0.3211111111111111
4 0.16625 0.5377777777777778 0.18875 0.23555555555555555
3 0.558125 0.4583333333333333 0.14625 0.29888888888888887
1 0.261875 0.37277777777777776 0.14 0.3388888888888889
4 0.2 0.62875 0.23333333333333334 0.16875
2 0.37166666666666665 0.8378125 0.23 0.108125
3 0.3425 0.22444444444444445 0.12375 0.25333333333333335
2 0.114375 0.3377777777777778 0.16125 0.3088888888888889
1 0.4746875 0.5716666666666667 0.140625 0.2633333333333333
1 0.5853125 0.7394444444444445 0.114375 0.2544444444444444
3 0.1075 0.7222222222222222 0.10375 0.24222222222222223
3 0.221875 0.39111111111111113 0.0925 0.16666666666666666
4 0.7225 0.1661111111111111 0.13125 0.30333333333333334
