0 0.20277777777777778 0.30875 0.2833333333333333 0.1825
0 0.6 0.6671875 0.26666666666666666 0.136875
4 0.7383333333333333 0.8575 0.2722222222222222 0.135
0 0.4533333333333333 0.480625 0.24444444444444444 0.145
4 0.32666666666666666 0.0971875 0.26222222222222225 0.140625
2 0.5 0.74375 0.33111111111111113 0.18625
0 0.5633333333333334 0.596875 0.2644444444444444 0.14625
0 0.2677777777777778 0.0909375 0.25333333333333335 0.149375
1 0.14055555555555554 0.4671875 0.19 0.140625
3 0.735 0.85375 0.22111111111111112 0.1525
4 0.134375 0.47444444444444445 0.1175 0.21777777777777776
2 0.8571875 0.24722222222222223 0.140625 0.24555555555555555
2 0.6034375 0.7483333333333333 0.116875 0.27666666666666667
0 0.136875 0.59 0.15125 0.28444444444444444
0 0.5065625 0.5766666666666667 0.175625 0.2311111111111111
0 0.834375 0.7194444444444444 0.1125 0.22111111111111112
4 0.6211111111111111 0.8615625 0.25333333333333335 0.141875
0 0.5066666666666667 0.56 0.24222222222222223 0.1475
0 0.7344444444444445 0.714375 0.26 0.1525
0 0.5777777777777777 0.364375 0.24222222222222223 0.12625
1 0.735 0.7396875 0.21 0.145625
1 0.27666666666666667 0.2590625 0.3333333333333333 0.159375
