1 0.840625 0.18444444444444444 0.12 0.2577777777777778
3 0.545 0.30777777777777776 0.13125 0.2866666666666667
3 0.379375 0.39944444444444444 0.1 0.25
1 0.5865625 0.34833333333333333 0.088125 0.2477777777777778
2 0.8628125 0.5316666666666666 0.158125 0.22777777777777777
2 0.4746875 0.18722222222222223 0.140625 0.2588888888888889
4 0.84875 0.35888888888888887 0.12375 0.2311111111111111
1 0.7409375 0.6688888888888889 0.163125 0.29333333333333333
3 0.331875 0.5777777777777777 0.11 0.29777777777777775
1 0.340625 0.45 0.095 0.23777777777777778
3 0.4803125 0.19666666666666666 0.130625 0.2733333333333333
0 0.8396875 0.6322222222222222 0.115625 0.24222222222222223
4 0.7096875 0.24388888888888888 0.100625 0.18777777777777777
0 0.7161111111111111 0.06375 0.21888888888888888 0.1275
1 0.41055555555555556 0.7371875 0.3055555555555556 0.180625
3 0.5388888888888889 0.4609375 0.21333333333333335 0.145625
3 0.6577777777777778 0.86 0.2777777777777778 0.1675
0 0.3871875 0.41055555555555556 0.161875 0.3011111111111111
3 0.6115625 0.7733333333333333 0.141875 0.29333333333333333
0 0.46375 0.43444444444444447 0.1275 0.2644444444444444
0 0.216875 0.5961111111111111 0.14125 0.2611111111111111
0 0.7425 0.7994444444444444 0.17875 0.3411111111111111
1 0.59125 0.2222222222222222 0.13 0.16444444444444445
4 0.085625 0.365 0.13125 0.2877777777777778
4 0.8515625 0.525 0.143125 0.2811111111111111
