1 0.3309375 0.3411111111111111 0.119375 0.15555555555555556
2 0.1003125 0.2511111111111111 0.169375 0.32222222222222224
4 0.84125 0.19833333333333333 0.11625 0.25222222222222224
4 0.35625 0.5983333333333334 0.18875 0.31
1 0.84875 0.4633333333333333 0.13125 0.24444444444444444
0 0.6728125 0.7577777777777778 0.153125 0.2644444444444444
4 0.5034375 0.6166666666666667 0.188125 0.26666666666666666
0 0.5025 0.37277777777777776 0.16375 0.2877777777777778
3 0.7015625 0.15388888888888888 0.085625 0.23666666666666666
4 0.698125 0.29555555555555557 0.12375 0.2311111111111111
3 0.5478125 0.745 0.118125 0.25
3 0.258125 0.375 0.12875 0.17
2 0.370625 0.38055555555555554 0.11875 0.22333333333333333
1 0.6140625 0.57 0.140625 0.2511111111111111
0 0.8503125 0.595 0.116875 0.2411111111111111
2 0.2840625 0.46555555555555556 0.141875 0.23333333333333334
3 0.47625 0.37277777777777776 0.14 0.29888888888888887
