2 0.12 0.39166666666666666 0.19875 0.2722222222222222
3 0.8521875 0.18166666666666667 0.143125 0.33666666666666667
0 0.56625 0.6661111111111111 0.18 0.33444444444444443
1 0.870625 0.29333333333333333 0.17625 0.3111111111111111
1 0.355 0.7183333333333334 0.14375 0.24555555555555555
3 0.5833333333333334 0.065625 0.1688888888888889 0.12375
3 0.24444444444444444 0.65875 0.22 0.145
3 0.7461111111111111 0.466875 0.25 0.15
4 0.3372222222222222 0.116875 0.18777777777777777 0.145
3 0.545 0.375625 0.25222222222222224 0.1675
1 0.6015625 0.755 0.125625 0.2922222222222222
0 0.83125 0.23833333333333334 0.11125 0.2411111111111111
3 0.330625 0.4161111111111111 0.0875 0.2633333333333333
4 0.265 0.876875 0.27444444444444444 0.18
1 0.15333333333333332 0.725 0.24222222222222223 0.13875
4 0.52 0.5865625 0.2088888888888889 0.123125
2 0.6594444444444445 0.2125 0.2966666666666667 0.16
