1 0.6 0.2783333333333333 0.15375 0.30777777777777776
4 0.8565625 0.4388888888888889 0.164375 0.29777777777777775
1 0.0803125 0.5872222222222222 0.118125 0.2611111111111111
0 0.34625 0.7477777777777778 0.14875 0.24888888888888888
3 0.4038888888888889 0.4884375 0.1922222222222222 0.136875
4 0.585 0.1384375 0.25666666666666665 0.165625
4 0.7011111111111111 0.8515625 0.19111111111111112 0.133125
3 0.570625 0.17222222222222222 0.09875 0.16666666666666666
1 0.3259375 0.6494444444444445 0.129375 0.24333333333333335
3 0.1859375 0.29777777777777775 0.109375 0.24222222222222223
3 0.510625 0.37722222222222224 0.17 0.31222222222222223
4 0.7109375 0.44222222222222224 0.131875 0.27111111111111114
0 0.858125 0.5416666666666666 0.1425 0.2788888888888889
0 0.584375 0.2861111111111111 0.1625 0.3433333333333333
3 0.299375 0.2911111111111111 0.15875 0.1622222222222222
2 0.295625 0.5416666666666666 0.18375 0.3477777777777778
0 0.854375 0.605 0.155 0.24555555555555555
0 0.4653125 0.35833333333333334 0.140625 0.21
0 0.4109375 0.29388888888888887 0.194375 0.31444444444444447
3 0.7015625 0.6505555555555556 0.155625 0.31444444444444447
4 0.236875 0.165 0.15625 0.29444444444444445
0 0.531875 0.4861111111111111 0.12625 0.22333333333333333
