3 0.3996875 0.7366666666666667 0.123125 0.27555555555555555
0 0.7159375 0.5238888888888888 0.165625 0.3011111111111111
2 0.850625 0.2683333333333333 0.14 0.2388888888888889
3 0.1065625 0.13833333333333334 0.125625 0.20333333333333334
3 0.5972222222222222 0.128125 0.22111111111111112 0.10375
3 0.38666666666666666 0.268125 0.23555555555555555 0.09875
0 0.5022222222222222 0.7246875 0.24888888888888888 0.155625
4 0.7288888888888889 0.829375 0.25555555555555554 0.1075
4 0.6261111111111111 0.8615625 0.24555555555555555 0.148125
4 0.6972222222222222 0.598125 0.19444444444444445 0.125
4 0.4311111111111111 0.735625 0.24 0.14875
1 0.32611111111111113 0.4871875 0.22111111111111112 0.154375
1 0.4022222222222222 0.2421875 0.18666666666666668 0.114375
0 0.32166666666666666 0.4040625 0.22333333333333333 0.138125
3 0.5944444444444444 0.544375 0.17555555555555555 0.11875
0 0.5266666666666666 0.10625 0.23777777777777778 0.14125
3 0.83 0.35555555555555557 0.0975 0.22
3 0.661875 0.24444444444444444 0.145 0.24222222222222223
1 0.849375 0.6333333333333333 0.12125 0.21333333333333335
1 0.3653125 0.26055555555555554 0.108125 0.17888888888888888
