2 0.8584375 0.42277777777777775 0.148125 0.3011111111111111
4 0.13 0.23055555555555557 0.11125 0.24555555555555555
3 0.36 0.55 0.09875 0.22666666666666666
0 0.628125 0.7744444444444445 0.16125 0.3466666666666667
1 0.133125 0.1388888888888889 0.14625 0.2688888888888889
3 0.7084375 0.25055555555555553 0.136875 0.2477777777777778
4 0.43125 0.495 0.1625 0.2477777777777778
4 0.6022222222222222 0.3490625 0.30444444444444446 0.145625
3 0.23166666666666666 0.858125 0.2477777777777778 0.13375
0 0.11875 0.4988888888888889 0.1125 0.17333333333333334
4 0.39 0.33611111111111114 0.17 0.2477777777777778
3 0.830625 0.10111111111111111 0.08 0.17777777777777778
1 0.4261111111111111 0.7359375 0.19444444444444445 0.153125
2 0.37722222222222224 0.0996875 0.27666666666666667 0.163125
0 0.5716666666666667 0.878125 0.30333333333333334 0.18
4 0.29333333333333333 0.053125 0.18666666666666668 0.105
0 0.5994444444444444 0.734375 0.3211111111111111 0.1675
0 0.6938888888888889 0.3528125 0.35 0.184375
2 0.86625 0.15833333333333333 0.1825 0.29888888888888887
4 0.08125 0.57 0.1125 0.2111111111111111
0 0.451875 0.7233333333333334 0.10375 0.21333333333333335
2 0.67 0.47 0.165 0.31555555555555553
