2 0.729375 0.2288888888888889 0.165 0.27555555555555555
1 0.2071875 0.6044444444444445 0.145625 0.3244444444444444
1 0.4465625 0.47944444444444445 0.111875 0.25
4 0.555 0.830625 0.21 0.10875
1 0.39444444444444443 0.3365625 0.2222222222222222 0.110625
0 0.27055555555555555 0.61625 0.3055555555555556 0.175
2 0.489375 0.35388888888888886 0.16 0.25222222222222224
1 0.23375 0.47 0.14125 0.3
1 0.605 0.7255555555555555 0.145 0.25333333333333335
0 0.71875 0.63 0.12625 0.24888888888888888
1 0.373125 0.29444444444444445 0.17375 0.32
4 0.1096875 0.16833333333333333 0.139375 0.25222222222222224
0 0.12833333333333333 0.13625 0.22111111111111112 0.14875
2 0.6311111111111111 0.2875 0.2822222222222222 0.1625
4 0.47944444444444445 0.4153125 0.21444444444444444 0.128125
4 0.39611111111111114 0.58 0.28555555555555556 0.1675
4 0.0965625 0.5933333333333334 0.135625 0.21333333333333335
4 0.84375 0.5016666666666667 0.12375 0.31
0 0.455 0.3472222222222222 0.1 0.2811111111111111
4 0.28 0.745 0.12625 0.23666666666666666
4 0.65 0.11555555555555555 0.09875 0.20222222222222222
2 0.8578125 0.5977777777777777 0.139375 0.28
0 0.238125 0.7088888888888889 0.13125 0.2222222222222222
4 0.7190625 0.36833333333333335 0.170625 0.3188888888888889
4 0.5571875 0.5766666666666667 0.154375 0.3466666666666667
2 0.8628125 0.27 0.150625 0.31555555555555553
