0 0.300625 0.6022222222222222 0.14 0.2822222222222222
3 0.675625 0.17333333333333334 0.1525 0.28444444444444444
4 0.1225 0.445 0.15125 0.2544444444444444
3 0.4528125 0.7011111111111111 0.075625 0.19111111111111112
0 0.5677777777777778 0.8628125 0.2311111111111111 0.161875
2 0.30444444444444446 0.6165625 0.21333333333333335 0.166875
2 0.6494444444444445 0.7025 0.22555555555555556 0.09
3 0.3877777777777778 0.2353125 0.2111111111111111 0.150625
0 0.7405555555555555 0.35625 0.23666666666666666 0.14375
2 0.54 0.49625 0.34444444444444444 0.175
4 0.230625 0.5216666666666666 0.12625 0.21888888888888888
3 0.5596875 0.6694444444444444 0.176875 0.29888888888888887
4 0.7203125 0.22722222222222221 0.170625 0.3055555555555556
0 0.2478125 0.7783333333333333 0.159375 0.32555555555555554
4 0.5484375 0.4072222222222222 0.138125 0.23444444444444446
3 0.0740625 0.6472222222222223 0.123125 0.2811111111111111
0 0.845 0.4177777777777778 0.135 0.2511111111111111
4 0.5584375 0.5761111111111111 0.181875 0.35
4 0.3759375 0.18444444444444444 0.125625 0.22
4 0.8334375 0.73 0.119375 0.2311111111111111
4 0.3778125 0.6883333333333334 0.149375 0.3277777777777778
3 0.7059375 0.4411111111111111 0.100625 0.19111111111111112
0 0.4965625 0.3011111111111111 0.151875 0.2688888888888889
3 0.2378125 0.5688888888888889 0.104375 0.26666666666666666
4 0.6866666666666666 0.5928125 0.15777777777777777 0.123125
0 0.3511111111111111 0.350625 0.17555555555555555 0.12875
