3 0.20375 0.6277777777777778 0.105 0.22444444444444445
2 0.345625 0.43722222222222223 0.135 0.17888888888888888
0 0.0984375 0.23555555555555555 0.146875 0.2777777777777778
3 0.481875 0.7627777777777778 0.15375 0.32555555555555554
1 0.0403125 0.1988888888888889 0.078125 0.18222222222222223
4 0.60125 0.40555555555555556 0.16 0.2577777777777778
3 0.82375 0.5483333333333333 0.085 0.20555555555555555
4 0.3215625 0.7155555555555555 0.120625 0.20222222222222222
4 0.7311111111111112 0.49875 0.23555555555555555 0.17
3 0.35444444444444445 0.8146875 0.2111111111111111 0.083125
2 0.5716666666666667 0.665625 0.16111111111111112 0.145
3 0.6694444444444444 0.0853125 0.30777777777777776 0.165625
1 0.32944444444444443 0.4459375 0.2011111111111111 0.108125
4 0.5338888888888889 0.723125 0.22777777777777777 0.14375
4 0.19166666666666668 0.8634375 0.3055555555555556 0.164375
1 0.0621875 0.3972222222222222 0.111875 0.21888888888888888
2 0.3809375 0.21166666666666667 0.123125 0.3011111111111111
4 0.536875 0.5183333333333333 0.1225 0.23222222222222222
4 0.6246875 0.7377777777777778 0.158125 0.28
0 0.739375 0.35444444444444445 0.14625 0.26
4 0.1184375 0.2927777777777778 0.108125 0.3233333333333333
1 0.498125 0.48833333333333334 0.145 0.3411111111111111
4 0.2309375 0.14277777777777778 0.093125 0.21
4 0.4811111111111111 0.2646875 0.2311111111111111 0.103125
1 0.7172222222222222 0.8509375 0.21666666666666667 0.128125
0 0.6477777777777778 0.69125 0.32222222222222224 0.19125
3 0.19833333333333333 0.4609375 0.15222222222222223 0.113125
0 0.35777777777777775 0.0903125 0.2288888888888889 0.135625
