0 0.615625 0.23 0.165 0.2577777777777778
4 0.845625 0.5472222222222223 0.13875 0.21444444444444444
3 0.654375 0.6805555555555556 0.1075 0.15666666666666668
4 0.8640625 0.46944444444444444 0.178125 0.33
1 0.1559375 0.29833333333333334 0.153125 0.28555555555555556
4 0.31277777777777777 0.5565625 0.23666666666666666 0.140625
4 0.6027777777777777 0.0946875 0.19 0.125625
1 0.555625 0.3927777777777778 0.14875 0.3211111111111111
3 0.678125 0.5305555555555556 0.09375 0.2011111111111111
1 0.8625 0.785 0.16125 0.31222222222222223
0 0.2609375 0.28444444444444444 0.160625 0.3022222222222222
1 0.046875 0.29 0.09 0.16
0 0.8459375 0.7094444444444444 0.139375 0.22555555555555556
3 0.234375 0.6244444444444445 0.12125 0.2088888888888889
3 0.344375 0.4661111111111111 0.10125 0.20777777777777778
4 0.48 0.2772222222222222 0.13125 0.30333333333333334
4 0.6190625 0.3516666666666667 0.169375 0.29444444444444445
1 0.7453125 0.6055555555555555 0.181875 0.3288888888888889
0 0.340625 0.7555555555555555 0.14625 0.2911111111111111
4 0.825625 0.5294444444444445 0.10125 0.20555555555555555
