4 0.30125 0.6044444444444445 0.17125 0.3022222222222222
3 0.095625 0.47555555555555556 0.11875 0.26666666666666666
3 0.35875 0.37444444444444447 0.16 0.3111111111111111
2 0.6034375 0.28944444444444445 0.139375 0.33
1 0.3711111111111111 0.479375 0.23555555555555555 0.12625
1 0.7327777777777778 0.880625 0.2722222222222222 0.18125
4 0.25277777777777777 0.67625 0.22555555555555556 0.14625
4 0.6194444444444445 0.1075 0.27444444444444444 0.13
0 0.7334375 0.6633333333333333 0.149375 0.27111111111111114
2 0.600625 0.5066666666666667 0.12375 0.27555555555555555
3 0.50625 0.3466666666666667 0.175 0.27555555555555555
3 0.6322222222222222 0.2728125 0.3022222222222222 0.150625
1 0.7105555555555556 0.409375 0.23 0.1325
