3 0.3221875 0.36 0.106875 0.2311111111111111
0 0.5903125 0.7411111111111112 0.135625 0.2511111111111111
4 0.705 0.5372222222222223 0.11125 0.21444444444444444
1 0.41333333333333333 0.4471875 0.1111111111111111 0.100625
3 0.7411111111111112 0.855625 0.2288888888888889 0.145
4 0.22944444444444445 0.6678125 0.2811111111111111 0.155625
3 0.31222222222222223 0.25875 0.17777777777777778 0.11
4 0.5696875 0.6211111111111111 0.181875 0.28
0 0.2453125 0.16833333333333333 0.145625 0.32555555555555554
4 0.405625 0.2738888888888889 0.16 0.29888888888888887
1 0.0671875 0.34944444444444445 0.095625 0.21222222222222223
2 0.149375 0.6027777777777777 0.1775 0.3522222222222222
4 0.606875 0.34833333333333333 0.13 0.21
1 0.3828125 0.7622222222222222 0.163125 0.30444444444444446
0 0.6653125 0.25 0.156875 0.3088888888888889
0 0.445 0.3372222222222222 0.09125 0.22555555555555556
0 0.2703125 0.4638888888888889 0.116875 0.22111111111111112
1 0.1015625 0.7572222222222222 0.154375 0.2922222222222222
2 0.8403125 0.24444444444444444 0.114375 0.23777777777777778
3 0.4609375 0.7344444444444445 0.131875 0.2777777777777778
3 0.6578125 0.4627777777777778 0.138125 0.20555555555555555
0 0.331875 0.7844444444444445 0.15625 0.3288888888888889
2 0.1675 0.21833333333333332 0.18 0.3388888888888889
0 0.5140625 0.4688888888888889 0.168125 0.2688888888888889
