0 0.6927777777777778 0.374375 0.17666666666666667 0.12125
4 0.38722222222222225 0.1515625 0.2722222222222222 0.148125
4 0.71125 0.43277777777777776 0.16625 0.3011111111111111
3 0.1253125 0.7472222222222222 0.145625 0.27666666666666667
4 0.8546875 0.2222222222222222 0.164375 0.31555555555555553
4 0.40375 0.6144444444444445 0.1275 0.2288888888888889
2 0.7655555555555555 0.4846875 0.29777777777777775 0.168125
4 0.24 0.618125 0.3111111111111111 0.17625
0 0.5461111111111111 0.7253125 0.21444444444444444 0.131875
4 0.47555555555555556 0.058125 0.2511111111111111 0.09125
2 0.41555555555555557 0.395625 0.2288888888888889 0.13625
4 0.7183333333333334 0.2478125 0.21 0.139375
0 0.6761111111111111 0.8721875 0.33444444444444443 0.193125
1 0.20055555555555554 0.6828125 0.21222222222222223 0.113125
1 0.69 0.0834375 0.17555555555555555 0.149375
0 0.6 0.8646875 0.29333333333333333 0.174375
2 0.2733333333333333 0.47 0.23333333333333334 0.15375
4 0.639375 0.23666666666666666 0.0925 0.2288888888888889
1 0.4465625 0.49444444444444446 0.098125 0.23777777777777778
3 0.2734375 0.7661111111111111 0.143125 0.2722222222222222
0 0.8728125 0.6622222222222223 0.168125 0.32
3 0.275625 0.335 0.12 0.27444444444444444
