3 0.61 0.39375 0.20222222222222222 0.15
1 0.7127777777777777 0.2075 0.1922222222222222 0.0825
1 0.5522222222222222 0.86125 0.3 0.17
2 0.3011111111111111 0.68875 0.22444444444444445 0.13
3 0.463125 0.1338888888888889 0.07875 0.23222222222222222
1 0.116875 0.23277777777777778 0.10125 0.23444444444444446
2 0.1440625 0.615 0.158125 0.30777777777777776
3 0.2990625 0.1527777777777778 0.108125 0.28555555555555556
0 0.7003125 0.785 0.189375 0.34555555555555556
3 0.39666666666666667 0.8540625 0.27111111111111114 0.150625
1 0.5016666666666667 0.681875 0.24333333333333335 0.10375
4 0.23166666666666666 0.3896875 0.17888888888888888 0.113125
0 0.13333333333333333 0.5459375 0.22 0.129375
3 0.7216666666666667 0.6596875 0.2411111111111111 0.155625
4 0.37166666666666665 0.2553125 0.2922222222222222 0.121875
0 0.5811111111111111 0.8240625 0.2111111111111111 0.095625
4 0.4388888888888889 0.4771875 0.17555555555555555 0.178125
0 0.21 0.05875 0.21777777777777776 0.11625
4 0.2140625 0.4461111111111111 0.161875 0.27666666666666667
2 0.8378125 0.525 0.119375 0.23666666666666666
3 0.0965625 0.3188888888888889 0.184375 0.22
1 0.5971875 0.7288888888888889 0.123125 0.22444444444444445
0 0.1484375 0.6572222222222223 0.170625 0.2722222222222222
