0 0.3684375 0.19666666666666666 0.136875 0.29555555555555557
4 0.6303125 0.35944444444444446 0.175625 0.2477777777777778
2 0.856875 0.5488888888888889 0.14375 0.25333333333333335
2 0.1240625 0.7366666666666667 0.131875 0.25333333333333335
3 0.860625 0.14944444444444444 0.165 0.2677777777777778
1 0.251875 0.2788888888888889 0.1125 0.22
3 0.37777777777777777 0.209375 0.25333333333333335 0.11
3 0.525 0.8515625 0.18777777777777777 0.134375
0 0.1761111111111111 0.3503125 0.21 0.139375
4 0.46555555555555556 0.480625 0.24888888888888888 0.14875
1 0.7366666666666667 0.58375 0.24888888888888888 0.1025
0 0.6605555555555556 0.743125 0.2788888888888889 0.17
3 0.42277777777777775 0.7165625 0.2966666666666667 0.175625
3 0.5072222222222222 0.3909375 0.23222222222222222 0.104375
4 0.6533333333333333 0.294375 0.2911111111111111 0.20125
3 0.7505555555555555 0.134375 0.25222222222222224 0.17125
1 0.0978125 0.245 0.168125 0.31666666666666665
3 0.324375 0.52 0.1125 0.1711111111111111
2 0.1021875 0.6038888888888889 0.128125 0.20777777777777778
0 0.8696875 0.3522222222222222 0.178125 0.28888888888888886
0 0.4003125 0.44055555555555553 0.130625 0.27
2 0.5553125 0.2477777777777778 0.144375 0.2733333333333333
2 0.891875 0.21611111111111111 0.20375 0.33444444444444443
4 0.449375 0.35388888888888886 0.1075 0.22777777777777777
0 0.083125 0.47055555555555556 0.1625 0.2677777777777778
4 0.72375 0.7366666666666667 0.13125 0.22444444444444445
