2 0.40125 0.5355555555555556 0.14125 0.2577777777777778
1 0.8490625 0.7388888888888889 0.136875 0.24888888888888888
0 0.67125 0.21166666666666667 0.08125 0.23222222222222222
4 0.565 0.43444444444444447 0.16875 0.2644444444444444
2 0.246875 0.6405555555555555 0.1325 0.2611111111111111
4 0.83125 0.415 0.10875 0.1922222222222222
4 0.0571875 0.31222222222222223 0.106875 0.2822222222222222
3 0.465625 0.6061111111111112 0.15125 0.2788888888888889
1 0.3022222222222222 0.6334375 0.35555555555555557 0.170625
3 0.5533333333333333 0.385625 0.21777777777777776 0.14875
2 0.4015625 0.22833333333333333 0.184375 0.3188888888888889
1 0.6278125 0.5777777777777777 0.170625 0.28444444444444444
0 0.1553125 0.7577777777777778 0.158125 0.2777777777777778
4 0.83625 0.7116666666666667 0.10375 0.22111111111111112
1 0.1065625 0.6261111111111111 0.110625 0.24555555555555555
0 0.2875 0.4438888888888889 0.18 0.27
4 0.4109375 0.27055555555555555 0.133125 0.31
2 0.1028125 0.6427777777777778 0.169375 0.29
0 0.6971875 0.5005555555555555 0.128125 0.23222222222222222
1 0.8628125 0.43277777777777776 0.151875 0.3233333333333333
0 0.3821875 0.2872222222222222 0.113125 0.2588888888888889
4 0.2975 0.7461111111111111 0.1575 0.27444444444444444
