3 0.303125 0.6244444444444445 0.1825 0.3111111111111111
4 0.6090625 0.7422222222222222 0.128125 0.24444444444444444
1 0.24833333333333332 0.1490625 0.2788888888888889 0.186875
0 0.7527777777777778 0.854375 0.25 0.14125
4 0.6433333333333333 0.724375 0.24 0.125
0 0.44722222222222224 0.5028125 0.2611111111111111 0.166875
4 0.2465625 0.7261111111111112 0.104375 0.23444444444444446
0 0.838125 0.3572222222222222 0.12625 0.25
2 0.449375 0.5955555555555555 0.1225 0.22444444444444445
1 0.6628125 0.265 0.118125 0.17
4 0.4834375 0.7683333333333333 0.119375 0.27666666666666667
4 0.8615625 0.15166666666666667 0.155625 0.24333333333333335
0 0.5511111111111111 0.2246875 0.2222222222222222 0.100625
1 0.35944444444444446 0.36375 0.21444444444444444 0.1325
3 0.7361111111111112 0.8365625 0.21666666666666667 0.091875
1 0.47444444444444445 0.4765625 0.2577777777777778 0.111875
1 0.24875 0.4038888888888889 0.16375 0.2544444444444444
1 0.4728125 0.4727777777777778 0.119375 0.21888888888888888
4 0.1140625 0.5794444444444444 0.139375 0.25666666666666665
