3 0.8484375 0.22444444444444445 0.128125 0.31333333333333335
1 0.4871875 0.7633333333333333 0.149375 0.2866666666666667
1 0.1378125 0.4061111111111111 0.194375 0.31
0 0.3615625 0.2972222222222222 0.146875 0.27666666666666667
1 0.7171875 0.6283333333333333 0.114375 0.2011111111111111
4 0.86 0.2011111111111111 0.16125 0.26666666666666666
3 0.591875 0.385 0.1225 0.2833333333333333
4 0.36375 0.7455555555555555 0.16375 0.29777777777777775
4 0.8434375 0.24055555555555555 0.104375 0.21222222222222223
1 0.4896875 0.7344444444444445 0.121875 0.24888888888888888
3 0.69 0.47055555555555556 0.16 0.19666666666666666
1 0.3021875 0.37277777777777776 0.109375 0.2388888888888889
0 0.11375 0.18555555555555556 0.165 0.24888888888888888
4 0.7025 0.4033333333333333 0.1375 0.24
1 0.8428125 0.6233333333333333 0.115625 0.23333333333333334
3 0.42 0.26875 0.2222222222222222 0.17
1 0.32944444444444443 0.69875 0.25 0.14375
1 0.7827777777777778 0.128125 0.3211111111111111 0.18375
3 0.5894444444444444 0.3884375 0.14333333333333334 0.114375
4 0.5288888888888889 0.848125 0.2311111111111111 0.14625
1 0.1688888888888889 0.8528125 0.23333333333333334 0.139375
2 0.40555555555555556 0.45375 0.26666666666666666 0.20375
0 0.7344444444444445 0.708125 0.26 0.1375
3 0.5825 0.37166666666666665 0.1025 0.26555555555555554
