1 0.1359375 0.7694444444444445 0.145625 0.2833333333333333
2 0.8559375 0.3672222222222222 0.156875 0.2877777777777778
0 0.0996875 0.5033333333333333 0.145625 0.27111111111111114
0 0.655 0.3466666666666667 0.13 0.19555555555555557
1 0.48375 0.7177777777777777 0.1625 0.22444444444444445
3 0.473125 0.3688888888888889 0.12375 0.29777777777777775
4 0.7378125 0.2588888888888889 0.168125 0.2733333333333333
3 0.615625 0.7588888888888888 0.16625 0.29555555555555557
0 0.35375 0.545 0.1275 0.2588888888888889
4 0.38333333333333336 0.8640625 0.2511111111111111 0.171875
4 0.7505555555555555 0.6903125 0.2411111111111111 0.130625
3 0.28055555555555556 0.399375 0.29444444444444445 0.16125
3 0.5016666666666667 0.0796875 0.2411111111111111 0.133125
2 0.6355555555555555 0.5515625 0.26 0.159375
1 0.5761111111111111 0.48 0.2588888888888889 0.135
4 0.33555555555555555 0.3584375 0.24666666666666667 0.133125
2 0.6733333333333333 0.60625 0.29777777777777775 0.145
4 0.7077777777777777 0.2315625 0.2088888888888889 0.121875
0 0.2075 0.5711111111111111 0.11875 0.26
0 0.73625 0.25666666666666665 0.1525 0.3288888888888889
4 0.4784375 0.6727777777777778 0.148125 0.2877777777777778
3 0.5894444444444444 0.5071875 0.28555555555555556 0.179375
0 0.6616666666666666 0.7271875 0.2544444444444444 0.126875
1 0.7683333333333333 0.25875 0.29 0.175
3 0.19666666666666666 0.3784375 0.20444444444444446 0.168125
4 0.31555555555555553 0.6209375 0.26666666666666666 0.160625
