4 0.5061111111111111 0.5921875 0.21222222222222223 0.113125
4 0.6933333333333334 0.351875 0.19333333333333333 0.11375
2 0.62 0.8684375 0.2644444444444444 0.153125
4 0.6872222222222222 0.1284375 0.1411111111111111 0.116875
0 0.205 0.4903125 0.2011111111111111 0.119375
0 0.35888888888888887 0.6809375 0.25333333333333335 0.139375
4 0.1340625 0.7583333333333333 0.153125 0.30777777777777776
0 0.495 0.31277777777777777 0.15625 0.2722222222222222
2 0.3803125 0.5027777777777778 0.166875 0.31
4 0.845625 0.22166666666666668 0.13875 0.2588888888888889
1 0.7134375 0.2861111111111111 0.151875 0.3188888888888889
0 0.148125 0.7544444444444445 0.15125 0.30666666666666664
1 0.34625 0.43222222222222223 0.15125 0.23777777777777778
0 0.590625 0.5233333333333333 0.13375 0.2288888888888889
3 0.09125 0.6333333333333333 0.1475 0.2577777777777778
0 0.8453125 0.36444444444444446 0.136875 0.29555555555555557
3 0.4821875 0.7588888888888888 0.170625 0.31555555555555553
4 0.721875 0.17222222222222222 0.125 0.22666666666666666
2 0.1559375 0.74 0.153125 0.2577777777777778
3 0.506875 0.6261111111111111 0.15875 0.21444444444444444
0 0.825 0.2644444444444444 0.09875 0.2288888888888889
0 0.349375 0.48777777777777775 0.13625 0.2911111111111111
4 0.0834375 0.5383333333333333 0.111875 0.21222222222222223
0 0.8846875 0.24833333333333332 0.191875 0.3522222222222222
4 0.2146875 0.6466666666666666 0.120625 0.24888888888888888
