4 0.3459375 0.22166666666666668 0.116875 0.29888888888888887
2 0.8534375 0.39055555555555554 0.154375 0.27
3 0.5940625 0.5844444444444444 0.124375 0.28888888888888886
4 0.1034375 0.7838888888888889 0.120625 0.3188888888888889
0 0.645625 0.48777777777777775 0.1175 0.22
4 0.4540625 0.35888888888888887 0.125625 0.2
3 0.2478125 0.25055555555555553 0.104375 0.22111111111111112
3 0.659375 0.39611111111111114 0.12625 0.31444444444444447
3 0.1153125 0.7238888888888889 0.115625 0.24555555555555555
4 0.2925 0.585 0.11125 0.21
2 0.850625 0.5094444444444445 0.14875 0.29888888888888887
2 0.8653125 0.3711111111111111 0.154375 0.3244444444444444
1 0.0640625 0.54 0.114375 0.24222222222222223
1 0.61125 0.7644444444444445 0.1675 0.27111111111111114
0 0.3566666666666667 0.473125 0.2222222222222222 0.14875
1 0.6227777777777778 0.5934375 0.20555555555555555 0.135625
4 0.121875 0.4166666666666667 0.18625 0.2777777777777778
3 0.84875 0.22722222222222221 0.13 0.23222222222222222
1 0.3275 0.5561111111111111 0.095 0.22111111111111112
3 0.595625 0.7177777777777777 0.1275 0.2088888888888889
