0 0.2203125 0.19277777777777777 0.125625 0.24333333333333335
2 0.666875 0.49444444444444446 0.0925 0.21333333333333335
4 0.0646875 0.2966666666666667 0.123125 0.24
0 0.519375 0.615 0.10625 0.24333333333333335
4 0.3896875 0.3988888888888889 0.155625 0.23333333333333334
0 0.3178125 0.4627777777777778 0.141875 0.2833333333333333
2 0.2809375 0.3616666666666667 0.143125 0.3011111111111111
3 0.7159375 0.18833333333333332 0.141875 0.16111111111111112
4 0.443125 0.6816666666666666 0.1775 0.3211111111111111
1 0.5722222222222222 0.6953125 0.16444444444444445 0.120625
4 0.485 0.5409375 0.2011111111111111 0.124375
0 0.44222222222222224 0.2359375 0.32666666666666666 0.139375
4 0.19166666666666668 0.8334375 0.1922222222222222 0.103125
3 0.6977777777777778 0.31125 0.1688888888888889 0.0925
0 0.62125 0.5572222222222222 0.1425 0.26555555555555554
1 0.140625 0.7316666666666667 0.1325 0.22333333333333333
1 0.1296875 0.27166666666666667 0.115625 0.21666666666666667
0 0.26875 0.23 0.15625 0.30444444444444446
0 0.610625 0.3661111111111111 0.125 0.23222222222222222
