3 0.5384375 0.6222222222222222 0.121875 0.21333333333333335
1 0.4178125 0.35055555555555556 0.176875 0.25
4 0.85875 0.5638888888888889 0.1675 0.29
4 0.4922222222222222 0.3578125 0.16666666666666666 0.136875
4 0.14166666666666666 0.6125 0.25 0.14625
1 0.849375 0.15777777777777777 0.11875 0.21777777777777776
4 0.258125 0.6183333333333333 0.13875 0.1988888888888889
4 0.86375 0.19055555555555556 0.15125 0.27
3 0.6865625 0.375 0.105625 0.18555555555555556
0 0.4003125 0.6472222222222223 0.149375 0.27666666666666667
4 0.0875 0.7333333333333333 0.14 0.22
4 0.0825 0.7516666666666667 0.14625 0.25666666666666665
4 0.26125 0.5522222222222222 0.16875 0.28444444444444444
4 0.7125 0.23333333333333334 0.15625 0.28
3 0.5916666666666667 0.8328125 0.20555555555555555 0.115625
3 0.23277777777777778 0.666875 0.18777777777777777 0.14875
0 0.7677777777777778 0.3315625 0.32222222222222224 0.205625
4 0.3711111111111111 0.1153125 0.2311111111111111 0.136875
