3 0.2388888888888889 0.0975 0.25333333333333335 0.12375
4 0.44166666666666665 0.4759375 0.17666666666666667 0.135625
3 0.34055555555555556 0.8559375 0.21666666666666667 0.150625
2 0.6233333333333333 0.663125 0.29777777777777775 0.1375
4 0.6959375 0.43277777777777776 0.068125 0.23222222222222222
1 0.8690625 0.45222222222222225 0.173125 0.28
4 0.0984375 0.31222222222222223 0.106875 0.20666666666666667
1 0.6171875 0.6922222222222222 0.161875 0.34444444444444444
0 0.726875 0.2222222222222222 0.135 0.23555555555555555
0 0.3653125 0.5277777777777778 0.120625 0.2288888888888889
1 0.859375 0.7638888888888888 0.17 0.3233333333333333
2 0.611875 0.16055555555555556 0.145 0.24555555555555555
0 0.23666666666666666 0.143125 0.27555555555555555 0.1675
3 0.6494444444444445 0.48125 0.23444444444444446 0.13
0 0.3388888888888889 0.270625 0.30666666666666664 0.185
4 0.7572222222222222 0.7409375 0.27666666666666667 0.173125
4 0.6633333333333333 0.25125 0.3466666666666667 0.18625
4 0.3788888888888889 0.3734375 0.25333333333333335 0.120625
