3 0.5427777777777778 0.283125 0.2633333333333333 0.155
0 0.22944444444444445 0.550625 0.22111111111111112 0.11875
1 0.6466666666666666 0.4409375 0.27555555555555555 0.185625
0 0.5916666666666667 0.4521875 0.23222222222222222 0.120625
3 0.26166666666666666 0.2575 0.15444444444444444 0.115
4 0.844375 0.5738888888888889 0.13 0.18555555555555556
1 0.6440625 0.7488888888888889 0.116875 0.27111111111111114
2 0.274375 0.21166666666666667 0.1525 0.25222222222222224
0 0.479375 0.5044444444444445 0.175 0.3111111111111111
3 0.09125 0.3477777777777778 0.17375 0.26222222222222225
3 0.5505555555555556 0.476875 0.18333333333333332 0.14
4 0.13666666666666666 0.1159375 0.24444444444444444 0.176875
4 0.7216666666666667 0.6696875 0.22777777777777777 0.146875
4 0.3521875 0.25 0.139375 0.22
3 0.0925 0.735 0.11125 0.22111111111111112
3 0.5546875 0.32666666666666666 0.149375 0.20222222222222222
1 0.3903125 0.52 0.114375 0.2088888888888889
0 0.128125 0.6655555555555556 0.17625 0.3088888888888889
4 0.6865625 0.43833333333333335 0.119375 0.23444444444444446
3 0.8175 0.25277777777777777 0.0875 0.24333333333333335
3 0.3253125 0.21666666666666667 0.100625 0.2
3 0.0728125 0.68 0.110625 0.1688888888888889
3 0.853125 0.5188888888888888 0.12375 0.16666666666666666
