4 0.39444444444444443 0.1121875 0.16666666666666666 0.111875
1 0.2772222222222222 0.841875 0.21666666666666667 0.1175
1 0.5822222222222222 0.6715625 0.2577777777777778 0.140625
4 0.6716666666666666 0.513125 0.27444444444444444 0.18125
4 0.5905555555555555 0.1390625 0.2811111111111111 0.149375
1 0.3338888888888889 0.481875 0.20333333333333334 0.1425
2 0.21722222222222223 0.2925 0.22555555555555556 0.13875
1 0.595 0.11 0.21222222222222223 0.1475
0 0.6909375 0.3277777777777778 0.120625 0.2311111111111111
4 0.54125 0.7066666666666667 0.10875 0.20666666666666667
1 0.2665625 0.24722222222222223 0.135625 0.26555555555555554
1 0.8321875 0.63 0.114375 0.24888888888888888
4 0.415 0.44555555555555554 0.145 0.27111111111111114
1 0.708125 0.5166666666666667 0.1475 0.2733333333333333
3 0.565 0.37333333333333335 0.14 0.23555555555555555
2 0.4121875 0.22666666666666666 0.114375 0.19111111111111112
3 0.3025 0.6233333333333333 0.17375 0.23777777777777778
1 0.3888888888888889 0.3575 0.2 0.1275
1 0.6061111111111112 0.6175 0.3055555555555556 0.15875
0 0.84625 0.3288888888888889 0.12625 0.24444444444444444
4 0.08 0.12444444444444444 0.11375 0.23777777777777778
