4 0.8575 0.5011111111111111 0.17 0.3488888888888889
0 0.4675 0.6105555555555555 0.15 0.27666666666666667
4 0.655625 0.17666666666666667 0.14625 0.28444444444444444
0 0.476875 0.7366666666666667 0.14 0.2222222222222222
1 0.233125 0.455 0.14375 0.2611111111111111
4 0.7175 0.25277777777777777 0.13125 0.2588888888888889
0 0.125625 0.395 0.17375 0.3433333333333333
4 0.5921875 0.1688888888888889 0.125625 0.2911111111111111
0 0.3634375 0.7327777777777778 0.125625 0.23
4 0.115 0.1761111111111111 0.11125 0.20555555555555555
3 0.8221875 0.3611111111111111 0.078125 0.21333333333333335
0 0.095625 0.365 0.16 0.2611111111111111
2 0.8565625 0.19944444444444445 0.148125 0.2922222222222222
2 0.34375 0.7238888888888889 0.145 0.2544444444444444
3 0.604375 0.5527777777777778 0.155 0.27444444444444444
3 0.3021875 0.185 0.173125 0.2011111111111111
3 0.631875 0.3377777777777778 0.07125 0.24
3 0.4871875 0.47333333333333333 0.161875 0.24222222222222223
1 0.0865625 0.6044444444444445 0.121875 0.23777777777777778
3 0.48055555555555557 0.554375 0.19666666666666666 0.14
3 0.18055555555555555 0.425 0.27444444444444444 0.17
0 0.7438888888888889 0.1290625 0.27 0.153125
2 0.6928125 0.5577777777777778 0.138125 0.27555555555555555
1 0.228125 0.7061111111111111 0.135 0.19444444444444445
2 0.8434375 0.44055555555555553 0.130625 0.22777777777777777
1 0.3771875 0.6305555555555555 0.124375 0.23222222222222222
