4 0.1034375 0.43222222222222223 0.121875 0.21555555555555556
4 0.4771875 0.5638888888888889 0.120625 0.19444444444444445
0 0.6511111111111111 0.5871875 0.21777777777777776 0.124375
0 0.25722222222222224 0.335 0.2833333333333333 0.13375
3 0.4922222222222222 0.47625 0.24222222222222223 0.16
3 0.7555555555555555 0.08625 0.25555555555555554 0.15
2 0.5294444444444445 0.1978125 0.14555555555555555 0.116875
2 0.44333333333333336 0.7396875 0.31555555555555553 0.173125
0 0.33944444444444444 0.866875 0.2788888888888889 0.17
0 0.34 0.4922222222222222 0.1875 0.34444444444444444
4 0.700625 0.3288888888888889 0.18875 0.31333333333333335
4 0.36 0.7527777777777778 0.1575 0.27444444444444444
3 0.685 0.375 0.11 0.19
0 0.4165625 0.7311111111111112 0.141875 0.26222222222222225
0 0.5525 0.275 0.13 0.20333333333333334
1 0.12 0.5072222222222222 0.1175 0.2411111111111111
3 0.6803125 0.7377777777777778 0.155625 0.27111111111111114
4 0.3040625 0.2833333333333333 0.169375 0.31777777777777777
1 0.475625 0.6361111111111111 0.13625 0.2966666666666667
1 0.8375 0.3811111111111111 0.1075 0.27111111111111114
