0 0.360625 0.4411111111111111 0.17625 0.31777777777777777
4 0.8415625 0.21722222222222223 0.106875 0.21
0 0.599375 0.7477777777777778 0.13875 0.24666666666666667
4 0.3703125 0.21055555555555555 0.175625 0.3211111111111111
1 0.8684375 0.5816666666666667 0.173125 0.31
4 0.6015625 0.7405555555555555 0.139375 0.25
3 0.8665625 0.3883333333333333 0.150625 0.32555555555555554
0 0.53 0.3596875 0.21333333333333335 0.136875
4 0.14055555555555554 0.6025 0.22111111111111112 0.135
0 0.48333333333333334 0.410625 0.3088888888888889 0.1625
4 0.715 0.2409375 0.1922222222222222 0.120625
1 0.2388888888888889 0.8446875 0.20666666666666667 0.138125
4 0.3503125 0.5327777777777778 0.116875 0.22333333333333333
2 0.1359375 0.7744444444444445 0.170625 0.29555555555555557
4 0.7059375 0.25277777777777777 0.104375 0.2788888888888889
4 0.4809375 0.14222222222222222 0.136875 0.26222222222222225
0 0.2603125 0.6922222222222222 0.178125 0.3377777777777778
4 0.091875 0.6911111111111111 0.1525 0.33555555555555555
3 0.8346875 0.5633333333333334 0.113125 0.2866666666666667
1 0.3840625 0.7527777777777778 0.126875 0.25222222222222224
