4 0.6933333333333334 0.0775 0.18 0.1175
3 0.22833333333333333 0.35875 0.22777777777777777 0.1775
4 0.5183333333333333 0.70625 0.22111111111111112 0.11875
3 0.3461111111111111 0.6053125 0.2677777777777778 0.168125
0 0.12375 0.5655555555555556 0.115 0.24
1 0.3528125 0.19666666666666666 0.098125 0.18666666666666668
0 0.8434375 0.7605555555555555 0.129375 0.2877777777777778
1 0.85625 0.21666666666666667 0.16125 0.2911111111111111
2 0.3571875 0.5783333333333334 0.149375 0.27
4 0.60375 0.5538888888888889 0.115 0.24333333333333335
0 0.7309375 0.3566666666666667 0.125625 0.22
2 0.849375 0.19666666666666666 0.1175 0.27111111111111114
4 0.47375 0.7122222222222222 0.10875 0.21777777777777776
4 0.37125 0.26944444444444443 0.145 0.23444444444444446
0 0.7371875 0.6838888888888889 0.161875 0.31222222222222223
0 0.61375 0.6 0.1675 0.33111111111111113
4 0.338125 0.7472222222222222 0.1275 0.2411111111111111
1 0.8509375 0.18888888888888888 0.130625 0.2777777777777778
