3 0.4122222222222222 0.8475 0.19777777777777777 0.12125
4 0.6572222222222223 0.586875 0.2877777777777778 0.1775
2 0.54 0.2940625 0.25333333333333335 0.168125
2 0.5327777777777778 0.8396875 0.20777777777777778 0.125625
4 0.3938888888888889 0.628125 0.2611111111111111 0.175
1 0.2388888888888889 0.1596875 0.2822222222222222 0.181875
1 0.7027777777777777 0.364375 0.21444444444444444 0.12
1 0.8390625 0.2588888888888889 0.118125 0.22444444444444445
3 0.5803125 0.735 0.166875 0.22111111111111112
3 0.4209375 0.4038888888888889 0.130625 0.27666666666666667
2 0.1 0.7205555555555555 0.10875 0.22777777777777777
4 0.876875 0.31666666666666665 0.175 0.30666666666666664
4 0.495 0.455 0.155 0.2877777777777778
1 0.3125 0.5538888888888889 0.1625 0.19
4 0.8571875 0.26944444444444443 0.164375 0.3211111111111111
1 0.6221875 0.7355555555555555 0.174375 0.24
0 0.0996875 0.21166666666666667 0.158125 0.21
0 0.5953125 0.3811111111111111 0.146875 0.2777777777777778
4 0.0715625 0.16444444444444445 0.120625 0.21555555555555556
3 0.1975 0.7294444444444445 0.1175 0.22777777777777777
1 0.34375 0.6077777777777778 0.155 0.35777777777777775
0 0.4728125 0.2861111111111111 0.156875 0.27444444444444444
3 0.838125 0.47 0.12125 0.2688888888888889
