1 0.64625 0.22555555555555556 0.12125 0.27111111111111114
2 0.4425 0.5866666666666667 0.0925 0.19333333333333333
2 0.27 0.48944444444444446 0.12625 0.26555555555555554
3 0.843125 0.7288888888888889 0.13625 0.2088888888888889
0 0.0996875 0.3377777777777778 0.164375 0.2288888888888889
1 0.6465625 0.14833333333333334 0.109375 0.23444444444444446
0 0.8403125 0.2833333333333333 0.131875 0.21777777777777776
1 0.494375 0.73 0.17 0.24666666666666667
4 0.4921875 0.41833333333333333 0.168125 0.2966666666666667
0 0.7240625 0.24055555555555555 0.134375 0.2788888888888889
2 0.73875 0.7611111111111111 0.16375 0.3
2 0.3615625 0.46111111111111114 0.134375 0.22444444444444445
1 0.0875 0.2544444444444444 0.13375 0.20666666666666667
3 0.3125 0.6016666666666667 0.0775 0.16333333333333333
0 0.7321875 0.54 0.158125 0.22444444444444445
4 0.2178125 0.7094444444444444 0.141875 0.1922222222222222
4 0.585625 0.3561111111111111 0.1175 0.22555555555555556
2 0.88125 0.495 0.2025 0.3188888888888889
1 0.8478125 0.2738888888888889 0.133125 0.27
0 0.69625 0.3472222222222222 0.1125 0.22555555555555556
4 0.1278125 0.6611111111111111 0.104375 0.2733333333333333
1 0.2865625 0.58 0.140625 0.30444444444444446
1 0.5065625 0.6422222222222222 0.171875 0.2866666666666667
0 0.1359375 0.7183333333333334 0.144375 0.24555555555555555
2 0.24375 0.525 0.1225 0.24555555555555555
0 0.3725 0.455 0.14125 0.29888888888888887
4 0.6065625 0.13722222222222222 0.133125 0.24333333333333335
