0 0.403125 0.5966666666666667 0.09 0.21333333333333335
2 0.6990625 0.17055555555555554 0.123125 0.30777777777777776
4 0.1553125 0.7455555555555555 0.153125 0.2733333333333333
0 0.3946875 0.1761111111111111 0.194375 0.3011111111111111
0 0.7538888888888889 0.4559375 0.2588888888888889 0.094375
1 0.3055555555555556 0.673125 0.26 0.15
2 0.19722222222222222 0.885 0.3411111111111111 0.195
3 0.6838888888888889 0.595 0.16555555555555557 0.13625
1 0.5122222222222222 0.353125 0.22 0.15375
0 0.853125 0.26 0.13 0.25333333333333335
0 0.193125 0.5677777777777778 0.1225 0.22
0 0.610625 0.36944444444444446 0.17 0.31
3 0.3328125 0.36277777777777775 0.140625 0.22555555555555556
3 0.0765625 0.2872222222222222 0.151875 0.2544444444444444
1 0.8628125 0.5822222222222222 0.150625 0.30666666666666664
4 0.7084375 0.44222222222222224 0.104375 0.20444444444444446
2 0.20375 0.6477777777777778 0.145 0.2577777777777778
0 0.589375 0.7188888888888889 0.12875 0.22
0 0.470625 0.22722222222222221 0.15375 0.31222222222222223
4 0.5903125 0.20277777777777778 0.109375 0.18333333333333332
4 0.236875 0.47888888888888886 0.1425 0.24666666666666667
1 0.1040625 0.63 0.123125 0.2222222222222222
1 0.860625 0.4127777777777778 0.15625 0.27666666666666667
