2 0.0946875 0.7461111111111111 0.141875 0.25222222222222224
3 0.61 0.5872222222222222 0.1525 0.2611111111111111
4 0.4890625 0.3194444444444444 0.165625 0.21666666666666667
4 0.74125 0.6572222222222223 0.16 0.2388888888888889
0 0.3525 0.37277777777777776 0.1475 0.15888888888888889
0 0.6053125 0.14944444444444444 0.149375 0.2877777777777778
1 0.3440625 0.7494444444444445 0.139375 0.3055555555555556
4 0.2128125 0.2561111111111111 0.129375 0.24555555555555555
4 0.105 0.5716666666666667 0.16875 0.24555555555555555
0 0.8403125 0.4911111111111111 0.103125 0.24222222222222223
4 0.6084375 0.7261111111111112 0.151875 0.2388888888888889
4 0.7525 0.3844444444444444 0.18375 0.34444444444444444
4 0.3690625 0.5661111111111111 0.158125 0.2633333333333333
3 0.860625 0.5138888888888888 0.14375 0.3322222222222222
0 0.4959375 0.3972222222222222 0.163125 0.2722222222222222
0 0.623125 0.6966666666666667 0.1675 0.3511111111111111
2 0.241875 0.7538888888888889 0.15375 0.29
2 0.734375 0.21944444444444444 0.14125 0.2633333333333333
3 0.0825 0.30333333333333334 0.08375 0.2577777777777778
4 0.3561111111111111 0.353125 0.25222222222222224 0.155
2 0.6666666666666666 0.0859375 0.2822222222222222 0.130625
1 0.1638888888888889 0.8734375 0.2611111111111111 0.174375
0 0.31833333333333336 0.58 0.21888888888888888 0.1075
2 0.5405555555555556 0.8415625 0.2544444444444444 0.131875
1 0.26611111111111113 0.49875 0.3188888888888889 0.195
3 0.7677777777777778 0.730625 0.29777777777777775 0.16
2 0.4127777777777778 0.3415625 0.20333333333333334 0.129375
