4 0.5433333333333333 0.869375 0.28444444444444444 0.16375
3 0.3522222222222222 0.29 0.29333333333333333 0.15625
3 0.7533333333333333 0.4440625 0.31333333333333335 0.176875
1 0.4444444444444444 0.589375 0.2822222222222222 0.18
2 0.6472222222222223 0.725625 0.2966666666666667 0.165
4 0.3421875 0.7477777777777778 0.121875 0.2644444444444444
4 0.84125 0.2861111111111111 0.105 0.12333333333333334
3 0.596875 0.5244444444444445 0.12375 0.2088888888888889
0 0.08375 0.15944444444444444 0.1125 0.2611111111111111
3 0.5775 0.23777777777777778 0.0975 0.24222222222222223
4 0.465625 0.5211111111111111 0.12 0.2222222222222222
3 0.728125 0.6705555555555556 0.1525 0.32555555555555554
4 0.21125 0.41944444444444445 0.10375 0.21444444444444444
3 0.45166666666666666 0.55125 0.15666666666666668 0.14
0 0.6022222222222222 0.413125 0.2288888888888889 0.15625
3 0.475625 0.41388888888888886 0.13 0.1988888888888889
0 0.859375 0.17722222222222223 0.16625 0.3233333333333333
1 0.2925 0.5938888888888889 0.12875 0.2588888888888889
2 0.3146875 0.31055555555555553 0.123125 0.23444444444444446
4 0.68375 0.49277777777777776 0.16125 0.30777777777777776
2 0.5015625 0.6283333333333333 0.146875 0.2877777777777778
4 0.84125 0.19555555555555557 0.1325 0.19333333333333333
2 0.67375 0.7394444444444445 0.10625 0.22333333333333333
0 0.0584375 0.6338888888888888 0.110625 0.22555555555555556
3 0.5246875 0.435 0.116875 0.25
