2 0.5283333333333333 0.1221875 0.3433333333333333 0.189375
2 0.7394444444444445 0.20875 0.22333333333333333 0.11375
0 0.2644444444444444 0.6153125 0.35555555555555557 0.180625
3 0.358125 0.18333333333333332 0.13375 0.2644444444444444
2 0.855 0.5516666666666666 0.15 0.27444444444444444
4 0.6928125 0.35944444444444446 0.128125 0.2677777777777778
4 0.3971875 0.6366666666666667 0.139375 0.25555555555555554
4 0.8625 0.62 0.14125 0.2311111111111111
1 0.23875 0.5205555555555555 0.135 0.2588888888888889
1 0.8415625 0.6122222222222222 0.115625 0.24888888888888888
1 0.64125 0.4588888888888889 0.0975 0.22
0 0.085 0.7388888888888889 0.13125 0.22444444444444445
3 0.1359375 0.7183333333333334 0.119375 0.18555555555555556
4 0.3728125 0.37222222222222223 0.121875 0.24
3 0.85875 0.18777777777777777 0.14875 0.24222222222222223
4 0.3233333333333333 0.8565625 0.2577777777777778 0.155625
3 0.7244444444444444 0.109375 0.21555555555555556 0.13125
