0 0.5896875 0.4666666666666667 0.128125 0.22
3 0.20125 0.21833333333333332 0.12 0.20333333333333334
2 0.084375 0.2866666666666667 0.14125 0.18
1 0.4778125 0.5316666666666666 0.160625 0.19
1 0.84375 0.6444444444444445 0.12375 0.25555555555555554
1 0.8496875 0.755 0.128125 0.29888888888888887
4 0.63875 0.10944444444444444 0.07375 0.20333333333333334
4 0.1275 0.5788888888888889 0.15125 0.24666666666666667
1 0.509375 0.43944444444444447 0.18125 0.26555555555555554
0 0.403125 0.6194444444444445 0.14875 0.23222222222222222
4 0.21625 0.7433333333333333 0.0725 0.24
4 0.6411111111111111 0.091875 0.26222222222222225 0.1525
1 0.30722222222222223 0.67875 0.15 0.0875
2 0.4461111111111111 0.853125 0.24333333333333335 0.12625
3 0.305625 0.21 0.15 0.2688888888888889
0 0.1196875 0.6022222222222222 0.144375 0.25333333333333335
0 0.8371875 0.45444444444444443 0.111875 0.22444444444444445
2 0.485 0.3238888888888889 0.14125 0.23
1 0.8684375 0.78 0.179375 0.3288888888888889
4 0.1396875 0.44666666666666666 0.124375 0.30444444444444446
4 0.61875 0.2761111111111111 0.1475 0.2833333333333333
2 0.3753125 0.5433333333333333 0.128125 0.17777777777777778
0 0.2559375 0.5822222222222222 0.169375 0.31777777777777777
2 0.8478125 0.3566666666666667 0.145625 0.24888888888888888
4 0.081875 0.7127777777777777 0.1225 0.19666666666666666
1 0.3903125 0.4711111111111111 0.136875 0.2866666666666667
0 0.5325 0.6283333333333333 0.11875 0.21888888888888888
