4 0.545625 0.6183333333333333 0.11125 0.18777777777777777
1 0.119375 0.32944444444444443 0.1075 0.22333333333333333
4 0.6933333333333334 0.5828125 0.18222222222222223 0.128125
4 0.1527777777777778 0.86375 0.29444444444444445 0.1775
3 0.32722222222222225 0.3340625 0.24555555555555555 0.143125
4 0.5622222222222222 0.09625 0.31777777777777777 0.17875
3 0.37 0.3621875 0.19111111111111112 0.156875
0 0.855625 0.7333333333333333 0.14375 0.24
1 0.340625 0.5494444444444444 0.1525 0.26555555555555554
1 0.5884375 0.355 0.129375 0.27
2 0.3572222222222222 0.3221875 0.2788888888888889 0.188125
4 0.6255555555555555 0.484375 0.29555555555555557 0.14
1 0.656875 0.4961111111111111 0.1375 0.30333333333333334
4 0.0825 0.615 0.1025 0.27666666666666667
1 0.84125 0.3438888888888889 0.135 0.26555555555555554
0 0.2878125 0.735 0.141875 0.25
4 0.4221875 0.6872222222222222 0.126875 0.17666666666666667
4 0.2934375 0.2511111111111111 0.155625 0.2777777777777778
1 0.7009375 0.48833333333333334 0.111875 0.17
