1 0.399375 0.4461111111111111 0.175 0.30333333333333334
2 0.6544444444444445 0.56625 0.2822222222222222 0.15875
4 0.4361111111111111 0.7234375 0.27666666666666667 0.176875
1 0.5438888888888889 0.41875 0.27666666666666667 0.15875
0 0.2872222222222222 0.241875 0.19444444444444445 0.10125
3 0.8409375 0.6838888888888889 0.118125 0.15444444444444444
0 0.6090625 0.36 0.144375 0.24666666666666667
1 0.5740625 0.15166666666666667 0.096875 0.19
1 0.8553125 0.6488888888888888 0.155625 0.30666666666666664
3 0.4040625 0.43222222222222223 0.128125 0.2822222222222222
4 0.2534375 0.3088888888888889 0.118125 0.24
3 0.5434375 0.7127777777777777 0.115625 0.22777777777777777
3 0.3753125 0.6477777777777778 0.115625 0.27111111111111114
4 0.5365625 0.5588888888888889 0.133125 0.3244444444444444
3 0.701875 0.30666666666666664 0.15875 0.2822222222222222
0 0.0675 0.3927777777777778 0.10875 0.22333333333333333
4 0.82625 0.7283333333333334 0.1025 0.2011111111111111
0 0.6422222222222222 0.87875 0.3111111111111111 0.17875
3 0.7705555555555555 0.653125 0.3055555555555556 0.115
0 0.3572222222222222 0.4884375 0.26555555555555554 0.171875
