2 0.834375 0.15777777777777777 0.11625 0.25555555555555554
3 0.12875 0.5644444444444444 0.18 0.26666666666666666
0 0.85625 0.1638888888888889 0.1425 0.23444444444444446
4 0.35875 0.755 0.1425 0.2611111111111111
4 0.401875 0.515 0.17125 0.2588888888888889
0 0.225 0.37 0.1275 0.20222222222222222
1 0.5371875 0.6138888888888889 0.131875 0.22555555555555556
0 0.500625 0.3844444444444444 0.15375 0.27555555555555555
3 0.3540625 0.6477777777777778 0.105625 0.25333333333333335
3 0.8484375 0.475 0.114375 0.2722222222222222
1 0.7234375 0.5277777777777778 0.109375 0.19555555555555557
4 0.8321875 0.19277777777777777 0.100625 0.22333333333333333
3 0.585625 0.6033333333333334 0.1725 0.2
4 0.414375 0.29055555555555557 0.11125 0.20777777777777778
3 0.299375 0.5422222222222223 0.16375 0.28888888888888886
0 0.2644444444444444 0.6665625 0.27111111111111114 0.151875
1 0.5316666666666666 0.855 0.3188888888888889 0.1425
