4 0.681875 0.6305555555555555 0.11125 0.26555555555555554
4 0.5553125 0.7522222222222222 0.151875 0.26666666666666666
4 0.4 0.1622222222222222 0.135 0.2911111111111111
0 0.0778125 0.48444444444444446 0.078125 0.21333333333333335
0 0.41833333333333333 0.2709375 0.2833333333333333 0.158125
4 0.135 0.561875 0.14777777777777779 0.14
4 0.47833333333333333 0.69625 0.18777777777777777 0.10875
4 0.2783333333333333 0.3946875 0.21888888888888888 0.105625
0 0.7216666666666667 0.8653125 0.24333333333333335 0.146875
3 0.4975 0.7683333333333333 0.16 0.33
4 0.3025 0.35444444444444445 0.125 0.21333333333333335
2 0.125625 0.48055555555555557 0.12625 0.22777777777777777
4 0.8628125 0.6055555555555555 0.179375 0.24222222222222223
3 0.6259375 0.67 0.160625 0.29555555555555557
4 0.4978125 0.415 0.139375 0.27444444444444444
4 0.1534375 0.33166666666666667 0.156875 0.27
2 0.835625 0.39555555555555555 0.11375 0.28444444444444444
3 0.5840625 0.5827777777777777 0.126875 0.28555555555555556
4 0.26875 0.5994444444444444 0.095 0.2477777777777778
1 0.659375 0.3711111111111111 0.13375 0.31555555555555553
0 0.845625 0.7355555555555555 0.13375 0.25555555555555554
0 0.6215625 0.7161111111111111 0.164375 0.2388888888888889
3 0.8425 0.42833333333333334 0.10625 0.17
2 0.373125 0.5205555555555555 0.16625 0.18555555555555556
