2 0.6246875 0.25666666666666665 0.160625 0.29777777777777775
0 0.3775 0.5805555555555556 0.1375 0.25666666666666665
1 0.8490625 0.7794444444444445 0.138125 0.30777777777777776
0 0.5275 0.47833333333333333 0.12125 0.1988888888888889
3 0.8484375 0.7527777777777778 0.145625 0.2922222222222222
1 0.3796875 0.6122222222222222 0.134375 0.24
3 0.054375 0.13944444444444445 0.10125 0.20333333333333334
4 0.5921875 0.33444444444444443 0.109375 0.15777777777777777
4 0.1253125 0.17166666666666666 0.148125 0.1988888888888889
0 0.214375 0.6766666666666666 0.16625 0.3
2 0.8596875 0.34055555555555556 0.141875 0.2411111111111111
0 0.5628125 0.7311111111111112 0.074375 0.20222222222222222
3 0.0734375 0.14944444444444444 0.146875 0.2677777777777778
0 0.7175 0.23166666666666666 0.12125 0.22777777777777777
1 0.3478125 0.4622222222222222 0.170625 0.28
4 0.46125 0.5483333333333333 0.13375 0.2477777777777778
2 0.6427777777777778 0.3534375 0.22555555555555556 0.119375
0 0.3794444444444444 0.8409375 0.24333333333333335 0.134375
4 0.3528125 0.4766666666666667 0.143125 0.25333333333333335
1 0.4609375 0.5361111111111111 0.111875 0.20777777777777778
0 0.245625 0.7755555555555556 0.17625 0.35555555555555557
0 0.0834375 0.38 0.099375 0.22444444444444445
4 0.1028125 0.5677777777777778 0.135625 0.24888888888888888
0 0.608125 0.4261111111111111 0.14125 0.2833333333333333
0 0.8703125 0.2777777777777778 0.161875 0.3022222222222222
