4 0.35388888888888886 0.5909375 0.25 0.125625
0 0.77 0.4746875 0.2866666666666667 0.145625
0 0.135 0.7253125 0.20777777777777778 0.143125
0 0.2222222222222222 0.2134375 0.18444444444444444 0.126875
4 0.693125 0.20444444444444446 0.14 0.26666666666666666
3 0.231875 0.45055555555555554 0.12375 0.3188888888888889
2 0.3846875 0.5116666666666667 0.126875 0.21888888888888888
1 0.85375 0.2972222222222222 0.15875 0.23222222222222222
4 0.6875 0.4711111111111111 0.16625 0.2777777777777778
3 0.839375 0.14444444444444443 0.11125 0.20444444444444446
0 0.146875 0.7733333333333333 0.16 0.3022222222222222
4 0.58 0.113125 0.30444444444444446 0.1475
1 0.3477777777777778 0.835 0.18888888888888888 0.125
4 0.7566666666666667 0.621875 0.3088888888888889 0.1875
3 0.3040625 0.5311111111111111 0.084375 0.2088888888888889
0 0.5853125 0.7461111111111111 0.124375 0.2411111111111111
2 0.8696875 0.39444444444444443 0.170625 0.3333333333333333
2 0.3775 0.5788888888888889 0.14125 0.28888888888888886
4 0.625625 0.7416666666666667 0.1725 0.23444444444444446
0 0.1065625 0.5338888888888889 0.119375 0.21888888888888888
0 0.49875 0.6861111111111111 0.165 0.3233333333333333
3 0.7428125 0.14055555555555554 0.160625 0.23
0 0.2396875 0.45444444444444443 0.139375 0.26
