0 0.469375 0.2911111111111111 0.13625 0.18444444444444444
0 0.73125 0.2922222222222222 0.1525 0.35333333333333333
2 0.3575 0.615 0.16625 0.3322222222222222
1 0.8525 0.42944444444444446 0.14 0.29444444444444445
1 0.840625 0.7494444444444445 0.12 0.24555555555555555
0 0.60625 0.43722222222222223 0.13875 0.27444444444444444
1 0.8578125 0.57 0.156875 0.3
3 0.5459375 0.47888888888888886 0.150625 0.3088888888888889
2 0.1175 0.6666666666666666 0.20375 0.30666666666666664
0 0.8303125 0.5188888888888888 0.111875 0.2
4 0.3825 0.25722222222222224 0.1275 0.2411111111111111
1 0.5911111111111111 0.4775 0.22666666666666666 0.17
4 0.7033333333333334 0.8446875 0.19777777777777777 0.139375
1 0.23666666666666666 0.25625 0.27111111111111114 0.11
4 0.2966666666666667 0.6453125 0.14 0.123125
4 0.47944444444444445 0.673125 0.2966666666666667 0.16625
0 0.16111111111111112 0.0921875 0.2 0.120625
0 0.7138888888888889 0.475 0.22333333333333333 0.1425
0 0.12444444444444444 0.8534375 0.19555555555555557 0.123125
0 0.75 0.10875 0.2511111111111111 0.15125
