1 0.8571875 0.4683333333333333 0.136875 0.23
0 0.6659375 0.33166666666666667 0.138125 0.22333333333333333
3 0.836875 0.7044444444444444 0.1225 0.18666666666666668
1 0.1025 0.3422222222222222 0.09 0.23333333333333334
0 0.4184375 0.6772222222222222 0.148125 0.32555555555555554
0 0.259375 0.5316666666666666 0.1175 0.22777777777777777
2 0.6915625 0.41388888888888886 0.119375 0.18333333333333332
1 0.376875 0.7311111111111112 0.15125 0.24222222222222223
1 0.12375 0.36333333333333334 0.12125 0.2688888888888889
0 0.869375 0.21444444444444444 0.18125 0.3511111111111111
2 0.3711111111111111 0.5025 0.26222222222222225 0.17
1 0.18611111111111112 0.2371875 0.25666666666666665 0.114375
3 0.60375 0.3238888888888889 0.1475 0.20333333333333334
4 0.091875 0.5783333333333334 0.10125 0.3188888888888889
0 0.0871875 0.4116666666666667 0.174375 0.3211111111111111
2 0.39 0.6505555555555556 0.1525 0.3055555555555556
0 0.485 0.5838888888888889 0.12375 0.24333333333333335
1 0.31625 0.315 0.15125 0.2811111111111111
4 0.6659375 0.4488888888888889 0.121875 0.26
1 0.85375 0.7383333333333333 0.1325 0.2633333333333333
