0 0.729375 0.2677777777777778 0.13875 0.25555555555555554
2 0.1534375 0.6483333333333333 0.175625 0.2877777777777778
1 0.3665625 0.3427777777777778 0.126875 0.22333333333333333
0 0.4846875 0.4444444444444444 0.124375 0.24444444444444444
4 0.84625 0.7444444444444445 0.13375 0.29777777777777775
3 0.6333333333333333 0.60625 0.21555555555555556 0.15125
3 0.4444444444444444 0.4765625 0.23777777777777778 0.144375
0 0.19333333333333333 0.116875 0.3377777777777778 0.1825
1 0.775 0.8778125 0.2966666666666667 0.188125
0 0.24 0.718125 0.2311111111111111 0.1225
4 0.3661111111111111 0.2446875 0.2833333333333333 0.185625
4 0.581875 0.2683333333333333 0.1225 0.27444444444444444
0 0.3371875 0.7405555555555555 0.136875 0.2722222222222222
0 0.0834375 0.42444444444444446 0.131875 0.27111111111111114
4 0.811875 0.5527777777777778 0.07875 0.21222222222222223
3 0.844375 0.4677777777777778 0.12375 0.20444444444444446
4 0.2709375 0.6122222222222222 0.128125 0.2644444444444444
3 0.36875 0.35444444444444445 0.1175 0.2911111111111111
3 0.614375 0.17777777777777778 0.1425 0.3288888888888889
0 0.455 0.43333333333333335 0.1275 0.24
4 0.8653125 0.2966666666666667 0.171875 0.2577777777777778
1 0.6334375 0.5638888888888889 0.096875 0.21
0 0.4825 0.25222222222222224 0.1075 0.22
0 0.1653125 0.5816666666666667 0.190625 0.3211111111111111
4 0.2471875 0.7416666666666667 0.115625 0.2677777777777778
0 0.6140625 0.3838888888888889 0.130625 0.2966666666666667
