0 0.724375 0.24888888888888888 0.125 0.22444444444444445
4 0.8578125 0.2011111111111111 0.151875 0.31555555555555553
0 0.248125 0.6444444444444445 0.1325 0.26666666666666666
0 0.5738888888888889 0.3909375 0.3055555555555556 0.189375
1 0.3638888888888889 0.12875 0.2833333333333333 0.1525
1 0.14 0.60875 0.23333333333333334 0.1375
3 0.7455555555555555 0.845625 0.2511111111111111 0.12375
0 0.699375 0.6516666666666666 0.17875 0.3388888888888889
4 0.12375 0.46444444444444444 0.11125 0.22444444444444445
1 0.7305555555555555 0.8475 0.23222222222222222 0.14875
3 0.5444444444444444 0.61125 0.18222222222222223 0.15625
4 0.2688888888888889 0.38125 0.27555555555555555 0.17625
3 0.581875 0.7255555555555555 0.10875 0.2088888888888889
4 0.31 0.3438888888888889 0.0875 0.1988888888888889
3 0.7328125 0.45555555555555555 0.149375 0.23333333333333334
1 0.41 0.4975 0.26 0.15375
4 0.22722222222222221 0.1378125 0.23666666666666666 0.165625
1 0.5811111111111111 0.855 0.26 0.13625
0 0.7844444444444445 0.7515625 0.32222222222222224 0.174375
3 0.3211111111111111 0.380625 0.25333333333333335 0.16375
0 0.7275 0.18888888888888888 0.14 0.2288888888888889
3 0.831875 0.36944444444444446 0.10375 0.22555555555555556
2 0.46375 0.455 0.10125 0.21444444444444444
1 0.234375 0.7311111111111112 0.1325 0.21777777777777776
0 0.3578125 0.6138888888888889 0.134375 0.16777777777777778
0 0.6075 0.31 0.145 0.28888888888888886
