3 0.1259375 0.32222222222222224 0.179375 0.2222222222222222
3 0.3725 0.5172222222222222 0.0825 0.21
2 0.546875 0.2388888888888889 0.13625 0.25555555555555554
0 0.6959375 0.6605555555555556 0.139375 0.29444444444444445
4 0.4553125 0.5783333333333334 0.114375 0.21222222222222223
1 0.8378125 0.295 0.109375 0.22111111111111112
4 0.663125 0.45666666666666667 0.145 0.25555555555555554
1 0.5355555555555556 0.08125 0.23333333333333334 0.15125
4 0.10166666666666667 0.3253125 0.14777777777777779 0.116875
2 0.18166666666666667 0.5665625 0.2833333333333333 0.169375
3 0.3894444444444444 0.86375 0.2411111111111111 0.17125
4 0.7794444444444445 0.13625 0.33 0.195
2 0.6538888888888889 0.71625 0.31 0.1725
4 0.2746875 0.785 0.185625 0.31
2 0.7115625 0.38666666666666666 0.158125 0.29777777777777775
2 0.606875 0.36333333333333334 0.20625 0.2688888888888889
3 0.8571875 0.755 0.136875 0.27444444444444444
1 0.46875 0.3616666666666667 0.15125 0.33444444444444443
1 0.6896875 0.39222222222222225 0.078125 0.22444444444444445
4 0.1884375 0.7255555555555555 0.105625 0.2088888888888889
0 0.3578125 0.5211111111111111 0.186875 0.3111111111111111
