0 0.3765625 0.24555555555555555 0.158125 0.29777777777777775
2 0.1153125 0.7405555555555555 0.121875 0.25222222222222224
0 0.1234375 0.7733333333333333 0.180625 0.31555555555555553
3 0.320625 0.545 0.11125 0.25
4 0.8490625 0.14222222222222222 0.121875 0.24888888888888888
3 0.583125 0.7522222222222222 0.11375 0.26222222222222225
1 0.3815625 0.19444444444444445 0.160625 0.2911111111111111
3 0.6340625 0.40055555555555555 0.184375 0.3277777777777778
0 0.5377777777777778 0.72625 0.17333333333333334 0.13375
4 0.4272222222222222 0.486875 0.31 0.16875
1 0.39875 0.6594444444444445 0.15125 0.2922222222222222
0 0.7078125 0.755 0.146875 0.2588888888888889
3 0.049375 0.29 0.075 0.22666666666666666
4 0.560625 0.20166666666666666 0.16375 0.2722222222222222
0 0.6871875 0.355 0.186875 0.3477777777777778
4 0.510625 0.205 0.2 0.33666666666666667
1 0.861875 0.7727777777777778 0.17 0.31666666666666665
3 0.1265625 0.43 0.164375 0.2088888888888889
