0 0.7528125 0.4061111111111111 0.188125 0.2633333333333333
4 0.8565625 0.31166666666666665 0.133125 0.23444444444444446
2 0.3396875 0.7311111111111112 0.146875 0.27111111111111114
0 0.4778125 0.2544444444444444 0.160625 0.28
3 0.145 0.8275 0.2788888888888889 0.105
0 0.35388888888888886 0.141875 0.2811111111111111 0.1475
0 0.5444444444444444 0.363125 0.24666666666666667 0.11875
2 0.36777777777777776 0.6178125 0.27111111111111114 0.165625
4 0.6827777777777778 0.86 0.15888888888888889 0.14375
4 0.3503125 0.6966666666666667 0.090625 0.18222222222222223
3 0.720625 0.4988888888888889 0.12625 0.16
1 0.605 0.4527777777777778 0.13 0.2544444444444444
2 0.5034375 0.3038888888888889 0.161875 0.33
0 0.130625 0.6238888888888889 0.12 0.22333333333333333
4 0.308125 0.765 0.16625 0.2788888888888889
1 0.499375 0.39055555555555554 0.17875 0.31
2 0.2315625 0.7555555555555555 0.126875 0.2866666666666667
2 0.379375 0.625 0.11875 0.2411111111111111
0 0.8465625 0.20944444444444443 0.141875 0.26555555555555554
0 0.558125 0.46555555555555556 0.1725 0.3511111111111111
4 0.8634375 0.6683333333333333 0.159375 0.2922222222222222
3 0.3840625 0.5783333333333334 0.140625 0.2811111111111111
4 0.7403125 0.2388888888888889 0.148125 0.2733333333333333
