2 0.8840625 0.7761111111111111 0.190625 0.3411111111111111
1 0.1275 0.30777777777777776 0.12625 0.29333333333333333
2 0.698125 0.15666666666666668 0.10875 0.2111111111111111
0 0.406875 0.6 0.10625 0.2111111111111111
3 0.83875 0.7233333333333334 0.1275 0.18666666666666668
4 0.11625 0.5622222222222222 0.1425 0.25555555555555554
1 0.355 0.16055555555555556 0.13375 0.23222222222222222
3 0.065 0.23777777777777778 0.09625 0.26222222222222225
4 0.84875 0.6027777777777777 0.15125 0.31222222222222223
0 0.4077777777777778 0.09375 0.21777777777777776 0.1375
0 0.2727777777777778 0.343125 0.2677777777777778 0.1375
4 0.7544444444444445 0.5978125 0.26666666666666666 0.146875
1 0.6238888888888889 0.20875 0.21 0.14625
3 0.5438888888888889 0.7046875 0.2544444444444444 0.108125
2 0.7488888888888889 0.071875 0.25333333333333335 0.13
4 0.29944444444444446 0.4659375 0.17666666666666667 0.145625
3 0.8534375 0.7383333333333333 0.154375 0.2788888888888889
3 0.22625 0.5194444444444445 0.10375 0.22111111111111112
4 0.386875 0.425 0.12375 0.22111111111111112
0 0.1159375 0.395 0.183125 0.35
1 0.5475 0.6511111111111111 0.145 0.29555555555555557
4 0.445625 0.1288888888888889 0.1125 0.20222222222222222
0 0.0696875 0.325 0.139375 0.30333333333333334
4 0.6409375 0.41055555555555556 0.113125 0.1811111111111111
1 0.8290625 0.58 0.099375 0.22666666666666666
1 0.2553125 0.6966666666666667 0.121875 0.16666666666666666
