3 0.6096875 0.7611111111111111 0.116875 0.29777777777777775
4 0.8578125 0.3983333333333333 0.131875 0.22555555555555556
3 0.145 0.5016666666666667 0.14 0.2788888888888889
0 0.3215625 0.23555555555555555 0.136875 0.25333333333333335
3 0.28 0.2909375 0.2088888888888889 0.125625
0 0.15555555555555556 0.4996875 0.2511111111111111 0.176875
4 0.5622222222222222 0.651875 0.18666666666666668 0.11625
0 0.74 0.8459375 0.24888888888888888 0.138125
0 0.295 0.659375 0.25222222222222224 0.13125
2 0.4272222222222222 0.12125 0.22111111111111112 0.1325
3 0.155 0.3090625 0.26555555555555554 0.149375
0 0.7083333333333334 0.834375 0.1922222222222222 0.12125
3 0.5811111111111111 0.4903125 0.23333333333333334 0.151875
4 0.46625 0.43555555555555553 0.15375 0.2777777777777778
3 0.8515625 0.7577777777777778 0.148125 0.2866666666666667
4 0.20625 0.6644444444444444 0.15125 0.26
3 0.0859375 0.09333333333333334 0.109375 0.14888888888888888
1 0.4865625 0.6683333333333333 0.163125 0.2811111111111111
0 0.84375 0.7483333333333333 0.12875 0.23666666666666666
2 0.235 0.36777777777777776 0.15875 0.2911111111111111
2 0.3572222222222222 0.37 0.31444444444444447 0.1775
4 0.3605555555555556 0.7153125 0.15888888888888889 0.105625
4 0.2511111111111111 0.21375 0.2644444444444444 0.11875
1 0.5911111111111111 0.61625 0.29555555555555557 0.16125
