0 0.511875 0.21777777777777776 0.17625 0.3377777777777778
4 0.611875 0.23333333333333334 0.14625 0.3111111111111111
4 0.25625 0.73 0.09125 0.24222222222222223
3 0.134375 0.43 0.12875 0.32666666666666666
2 0.4525 0.18555555555555556 0.2025 0.2911111111111111
4 0.690625 0.26666666666666666 0.11625 0.22666666666666666
3 0.5578125 0.49333333333333335 0.131875 0.22444444444444445
4 0.715625 0.1688888888888889 0.1225 0.18222222222222223
4 0.843125 0.7505555555555555 0.13 0.2588888888888889
1 0.1103125 0.6388888888888888 0.143125 0.21777777777777776
0 0.60125 0.2966666666666667 0.14 0.2577777777777778
4 0.49375 0.6033333333333334 0.17125 0.32666666666666666
3 0.1265625 0.435 0.123125 0.26555555555555554
4 0.32611111111111113 0.5778125 0.2011111111111111 0.115625
4 0.20055555555555554 0.0840625 0.32555555555555554 0.168125
4 0.7021875 0.48388888888888887 0.109375 0.21
2 0.30375 0.6394444444444445 0.17125 0.3011111111111111
0 0.568125 0.2788888888888889 0.1275 0.24
