2 0.8415625 0.3472222222222222 0.136875 0.2588888888888889
4 0.469375 0.7466666666666667 0.16 0.3022222222222222
0 0.0975 0.4955555555555556 0.1825 0.30444444444444446
0 0.669375 0.2538888888888889 0.17625 0.3233333333333333
4 0.5515625 0.2461111111111111 0.151875 0.3011111111111111
0 0.25875 0.6416666666666667 0.16875 0.29
3 0.3721875 0.42277777777777775 0.094375 0.2544444444444444
0 0.87 0.3516666666666667 0.18625 0.31222222222222223
0 0.4859375 0.6544444444444445 0.160625 0.3377777777777778
3 0.8496875 0.5144444444444445 0.121875 0.30444444444444446
4 0.286875 0.7355555555555555 0.14625 0.2511111111111111
4 0.068125 0.2311111111111111 0.09125 0.2311111111111111
4 0.510625 0.29888888888888887 0.175 0.2644444444444444
1 0.8509375 0.6061111111111112 0.153125 0.3011111111111111
3 0.1325 0.7077777777777777 0.12125 0.21555555555555556
4 0.6138888888888889 0.1565625 0.33 0.169375
0 0.6983333333333334 0.8146875 0.1411111111111111 0.076875
4 0.3609375 0.25333333333333335 0.116875 0.22444444444444445
4 0.72375 0.4305555555555556 0.11625 0.21
0 0.875625 0.6783333333333333 0.1775 0.33666666666666667
4 0.2496875 0.36277777777777775 0.136875 0.2588888888888889
1 0.1259375 0.5627777777777778 0.130625 0.29
2 0.0696875 0.7338888888888889 0.130625 0.2388888888888889
