2 0.20777777777777778 0.8346875 0.21555555555555556 0.096875
3 0.7188888888888889 0.134375 0.24222222222222223 0.1275
3 0.3516666666666667 0.615625 0.17222222222222222 0.13625
3 0.3284375 0.7955555555555556 0.164375 0.33111111111111113
4 0.8359375 0.30666666666666664 0.121875 0.2866666666666667
3 0.1453125 0.135 0.150625 0.2544444444444444
1 0.64 0.405 0.0825 0.17222222222222222
3 0.8659375 0.2738888888888889 0.158125 0.22333333333333333
1 0.3678125 0.7322222222222222 0.106875 0.20444444444444446
0 0.241875 0.4305555555555556 0.17 0.30333333333333334
1 0.05 0.15333333333333332 0.1 0.21555555555555556
4 0.8665625 0.23277777777777778 0.149375 0.25666666666666665
1 0.389375 0.7527777777777778 0.15875 0.3011111111111111
1 0.735 0.5511111111111111 0.1375 0.23333333333333334
3 0.848125 0.18222222222222223 0.1175 0.22666666666666666
3 0.62875 0.47333333333333333 0.17 0.26
3 0.3490625 0.645 0.100625 0.2388888888888889
4 0.1296875 0.3844444444444444 0.151875 0.26666666666666666
0 0.2628125 0.7866666666666666 0.173125 0.3377777777777778
0 0.30833333333333335 0.0890625 0.21 0.129375
3 0.45 0.586875 0.1622222222222222 0.1025
2 0.40944444444444444 0.7378125 0.24555555555555555 0.148125
0 0.389375 0.41444444444444445 0.145 0.24
