4 0.40166666666666667 0.4603125 0.18333333333333332 0.104375
2 0.7683333333333333 0.623125 0.2966666666666667 0.18125
3 0.5205555555555555 0.7075 0.21444444444444444 0.1
4 0.8340625 0.5305555555555556 0.119375 0.22111111111111112
1 0.3646875 0.1288888888888889 0.116875 0.21777777777777776
3 0.59625 0.7344444444444445 0.1125 0.2288888888888889
0 0.27625 0.6716666666666666 0.16875 0.32555555555555554
4 0.10375 0.6972222222222222 0.1175 0.19
0 0.55375 0.2588888888888889 0.13375 0.24444444444444444
1 0.85625 0.4711111111111111 0.14875 0.29777777777777775
0 0.5571875 0.6566666666666666 0.138125 0.29777777777777775
4 0.8490625 0.2872222222222222 0.121875 0.25222222222222224
1 0.701875 0.1738888888888889 0.1275 0.2544444444444444
3 0.6015625 0.39 0.130625 0.2777777777777778
4 0.6384375 0.5822222222222222 0.109375 0.22444444444444445
1 0.2540625 0.44333333333333336 0.105625 0.21777777777777776
4 0.8428125 0.20444444444444446 0.135625 0.2822222222222222
3 0.0721875 0.7272222222222222 0.124375 0.2411111111111111
3 0.4471875 0.3016666666666667 0.109375 0.20555555555555555
0 0.1546875 0.41833333333333333 0.151875 0.30333333333333334
4 0.855625 0.5244444444444445 0.15 0.2777777777777778
4 0.40625 0.7388888888888889 0.09375 0.2288888888888889
4 0.724375 0.6544444444444445 0.16875 0.3
0 0.3065625 0.31222222222222223 0.175625 0.3288888888888889
