3 0.33875 0.46111111111111114 0.1325 0.2577777777777778
1 0.0646875 0.7077777777777777 0.095625 0.21777777777777776
4 0.850625 0.5283333333333333 0.1325 0.21444444444444444
3 0.21125 0.6688888888888889 0.13375 0.31777777777777777
1 0.5821875 0.26166666666666666 0.108125 0.21444444444444444
1 0.4871875 0.185 0.173125 0.23666666666666666
0 0.1478125 0.7577777777777778 0.161875 0.32222222222222224
2 0.4677777777777778 0.0990625 0.31777777777777777 0.164375
0 0.6133333333333333 0.385 0.22666666666666666 0.1175
4 0.7103125 0.3211111111111111 0.163125 0.32
3 0.5459375 0.19277777777777777 0.145625 0.2877777777777778
1 0.3721875 0.48833333333333334 0.109375 0.20333333333333334
0 0.23875 0.6338888888888888 0.15375 0.27
0 0.079375 0.4022222222222222 0.145 0.2577777777777778
2 0.60375 0.19555555555555557 0.1675 0.3
4 0.5566666666666666 0.368125 0.25333333333333335 0.14
3 0.15 0.85125 0.20444444444444446 0.14625
4 0.3372222222222222 0.0959375 0.19666666666666666 0.074375
0 0.333125 0.24444444444444444 0.1125 0.2088888888888889
0 0.88375 0.18777777777777777 0.1875 0.2911111111111111
1 0.7159375 0.6383333333333333 0.109375 0.21444444444444444
0 0.079375 0.5472222222222223 0.1175 0.22777777777777777
1 0.23625 0.4955555555555556 0.175 0.32
1 0.6196875 0.39611111111111114 0.173125 0.31666666666666665
