1 0.1321875 0.18444444444444444 0.133125 0.26666666666666666
1 0.853125 0.28555555555555556 0.12625 0.2511111111111111
1 0.4128125 0.39 0.115625 0.24222222222222223
0 0.1475 0.20333333333333334 0.165 0.34
0 0.4709375 0.29333333333333333 0.090625 0.22444444444444445
4 0.65875 0.5638888888888889 0.105 0.17222222222222222
3 0.110625 0.7133333333333334 0.12375 0.17333333333333334
3 0.8409375 0.12277777777777778 0.120625 0.21222222222222223
1 0.3590625 0.3844444444444444 0.133125 0.3288888888888889
0 0.6240625 0.5833333333333334 0.175625 0.32
3 0.331875 0.35888888888888887 0.13 0.2644444444444444
4 0.2096875 0.5538888888888889 0.144375 0.2677777777777778
4 0.7175 0.7305555555555555 0.12625 0.23444444444444446
3 0.3771875 0.42 0.136875 0.30444444444444446
0 0.084375 0.7416666666666667 0.135 0.2611111111111111
4 0.851875 0.18888888888888888 0.1425 0.22
0 0.6283333333333333 0.8415625 0.2677777777777778 0.119375
1 0.1111111111111111 0.120625 0.1622222222222222 0.09875
3 0.7327777777777778 0.721875 0.24333333333333335 0.165
4 0.36777777777777776 0.2703125 0.2111111111111111 0.114375
4 0.4761111111111111 0.4184375 0.19666666666666666 0.126875
