2 0.8675 0.1711111111111111 0.16 0.33555555555555555
2 0.118125 0.36444444444444446 0.10875 0.2222222222222222
0 0.7190625 0.6533333333333333 0.153125 0.3
0 0.309375 0.25 0.1575 0.3333333333333333
0 0.1175 0.4772222222222222 0.13875 0.2722222222222222
1 0.860625 0.6222222222222222 0.1625 0.30444444444444446
4 0.35 0.20277777777777778 0.13875 0.2877777777777778
2 0.2396875 0.675 0.165625 0.2922222222222222
2 0.5896875 0.7422222222222222 0.124375 0.23777777777777778
0 0.4646875 0.3638888888888889 0.121875 0.23444444444444446
3 0.076875 0.5577777777777778 0.08625 0.24666666666666667
2 0.8540625 0.3861111111111111 0.140625 0.2477777777777778
0 0.63625 0.5833333333333334 0.18625 0.28444444444444444
4 0.129375 0.7516666666666667 0.1325 0.2611111111111111
0 0.36 0.2561111111111111 0.18125 0.34555555555555556
4 0.6159375 0.5833333333333334 0.175625 0.28888888888888886
0 0.864375 0.7905555555555556 0.155 0.34555555555555556
4 0.868125 0.5916666666666667 0.17 0.26555555555555554
1 0.3078125 0.7605555555555555 0.178125 0.33
2 0.133125 0.43722222222222223 0.20375 0.22777777777777777
3 0.6559375 0.16944444444444445 0.121875 0.23444444444444446
4 0.7572222222222222 0.3209375 0.26555555555555554 0.154375
3 0.3516666666666667 0.519375 0.18777777777777777 0.18875
