3 0.3655555555555556 0.260625 0.18888888888888888 0.11375
1 0.47833333333333333 0.6921875 0.19666666666666666 0.118125
3 0.16277777777777777 0.13125 0.21444444444444444 0.14
0 0.3005555555555556 0.4196875 0.27444444444444444 0.145625
1 0.7305555555555555 0.8534375 0.2677777777777778 0.154375
1 0.3659375 0.19666666666666666 0.130625 0.20222222222222222
0 0.62875 0.5716666666666667 0.1825 0.2722222222222222
4 0.1453125 0.7461111111111111 0.163125 0.2788888888888889
3 0.843125 0.4077777777777778 0.1375 0.28444444444444444
4 0.6005555555555555 0.1403125 0.2833333333333333 0.135625
3 0.3378125 0.33444444444444443 0.120625 0.3022222222222222
3 0.84125 0.3983333333333333 0.12 0.26555555555555554
0 0.2115625 0.5427777777777778 0.119375 0.22555555555555556
2 0.5778125 0.20722222222222222 0.096875 0.21222222222222223
0 0.8815625 0.2577777777777778 0.179375 0.28888888888888886
4 0.328125 0.7027777777777777 0.125 0.19
1 0.605625 0.3894444444444444 0.15375 0.22333333333333333
0 0.0834375 0.5911111111111111 0.161875 0.29777777777777775
0 0.6334375 0.4255555555555556 0.163125 0.32666666666666666
1 0.1384375 0.7222222222222222 0.119375 0.24444444444444444
4 0.259375 0.21833333333333332 0.125 0.2477777777777778
2 0.848125 0.5338888888888889 0.11875 0.20555555555555555
0 0.4921875 0.4638888888888889 0.116875 0.23444444444444446
