4 0.22944444444444445 0.85875 0.2588888888888889 0.13625
1 0.2872222222222222 0.605625 0.17444444444444446 0.12625
4 0.6083333333333333 0.1240625 0.21888888888888888 0.155625
4 0.085 0.361875 0.16777777777777778 0.135
4 0.7477777777777778 0.2440625 0.29777777777777775 0.148125
0 0.41333333333333333 0.728125 0.22666666666666666 0.12375
0 0.48833333333333334 0.4903125 0.17888888888888888 0.144375
4 0.75 0.6078125 0.2688888888888889 0.148125
4 0.72125 0.7666666666666667 0.175 0.30666666666666664
4 0.546875 0.48277777777777775 0.1175 0.18333333333333332
1 0.1309375 0.37555555555555553 0.158125 0.18888888888888888
4 0.416875 0.6433333333333333 0.14875 0.2822222222222222
1 0.1365625 0.7733333333333333 0.169375 0.28888888888888886
1 0.4340625 0.6261111111111111 0.175625 0.22555555555555556
3 0.551875 0.205 0.1175 0.3055555555555556
4 0.86375 0.2927777777777778 0.15125 0.25222222222222224
0 0.264375 0.5372222222222223 0.13125 0.2788888888888889
3 0.2966666666666667 0.856875 0.18 0.13875
4 0.7572222222222222 0.1690625 0.2877777777777778 0.189375
3 0.4888888888888889 0.364375 0.15777777777777777 0.105
0 0.10388888888888889 0.610625 0.2011111111111111 0.1225
3 0.2209375 0.66 0.101875 0.26666666666666666
4 0.5921875 0.4722222222222222 0.118125 0.21333333333333335
4 0.1109375 0.41833333333333333 0.123125 0.2677777777777778
0 0.8415625 0.7455555555555555 0.116875 0.23555555555555555
4 0.119375 0.21777777777777776 0.1625 0.31555555555555553
