1 0.4984375 0.7794444444444445 0.149375 0.3433333333333333
3 0.130625 0.625 0.115 0.20777777777777778
4 0.389375 0.3244444444444444 0.165 0.3
1 0.26 0.4488888888888889 0.14 0.20222222222222222
0 0.1075 0.5255555555555556 0.1275 0.19333333333333333
4 0.8475 0.22 0.13625 0.28444444444444444
4 0.365 0.7438888888888889 0.1525 0.2788888888888889
4 0.6075 0.37333333333333335 0.1475 0.24
0 0.24125 0.37722222222222224 0.1475 0.29888888888888887
0 0.0875 0.27666666666666667 0.145 0.28444444444444444
4 0.373125 0.7244444444444444 0.10625 0.24222222222222223
2 0.52 0.84125 0.23555555555555555 0.13375
4 0.3746875 0.26166666666666666 0.134375 0.2611111111111111
2 0.3590625 0.3527777777777778 0.124375 0.20555555555555555
4 0.851875 0.7461111111111111 0.15 0.2588888888888889
1 0.23 0.086875 0.22 0.155
1 0.335 0.84625 0.1922222222222222 0.1175
1 0.47888888888888886 0.463125 0.24 0.13
3 0.5911111111111111 0.281875 0.22666666666666666 0.15625
4 0.6894444444444444 0.65 0.18333333333333332 0.115
