4 0.279375 0.5711111111111111 0.1075 0.21777777777777776
3 0.4909375 0.33666666666666667 0.165625 0.30444444444444446
3 0.835 0.7422222222222222 0.12375 0.2822222222222222
3 0.110625 0.45555555555555555 0.135 0.2644444444444444
4 0.5505555555555556 0.3628125 0.25 0.146875
4 0.20055555555555554 0.8565625 0.23 0.143125
0 0.6555555555555556 0.583125 0.11777777777777777 0.0925
3 0.4875 0.7722222222222223 0.16125 0.28444444444444444
4 0.0934375 0.4411111111111111 0.113125 0.18666666666666668
4 0.67 0.22277777777777777 0.15625 0.31222222222222223
3 0.84375 0.6272222222222222 0.13375 0.27666666666666667
3 0.68625 0.2611111111111111 0.12625 0.2733333333333333
1 0.3890625 0.6066666666666667 0.138125 0.20222222222222222
0 0.223125 0.31777777777777777 0.11 0.19777777777777777
0 0.5434375 0.5594444444444444 0.144375 0.29888888888888887
4 0.136875 0.6988888888888889 0.125 0.16666666666666666
0 0.2984375 0.6583333333333333 0.165625 0.33
2 0.5640625 0.25 0.129375 0.24
3 0.7025 0.4583333333333333 0.1225 0.17222222222222222
4 0.4284375 0.39611111111111114 0.141875 0.29
3 0.11444444444444445 0.37875 0.2288888888888889 0.13625
4 0.7877777777777778 0.8584375 0.33111111111111113 0.135625
4 0.34833333333333333 0.134375 0.2833333333333333 0.1275
3 0.22277777777777777 0.5434375 0.21444444444444444 0.128125
4 0.6633333333333333 0.8478125 0.31333333333333335 0.125625
4 0.4038888888888889 0.700625 0.18555555555555556 0.1375
