4 0.1340625 0.7438888888888889 0.145625 0.24333333333333335
4 0.611875 0.3 0.13875 0.1688888888888889
1 0.8546875 0.185 0.143125 0.3433333333333333
4 0.17055555555555554 0.2759375 0.14777777777777779 0.130625
2 0.4127777777777778 0.5396875 0.20777777777777778 0.090625
0 0.5244444444444445 0.1278125 0.21777777777777776 0.116875
0 0.1171875 0.43777777777777777 0.116875 0.2222222222222222
4 0.5753125 0.2911111111111111 0.160625 0.31777777777777777
2 0.8515625 0.6233333333333333 0.130625 0.20444444444444446
4 0.4040625 0.535 0.109375 0.22333333333333333
0 0.2788888888888889 0.8690625 0.31777777777777777 0.189375
1 0.33444444444444443 0.1484375 0.22666666666666666 0.165625
4 0.7272222222222222 0.5478125 0.19666666666666666 0.114375
1 0.4978125 0.22055555555555556 0.150625 0.28555555555555556
3 0.309375 0.4872222222222222 0.13375 0.2877777777777778
2 0.67875 0.3477777777777778 0.15375 0.27555555555555555
3 0.8475 0.5727777777777778 0.13125 0.19444444444444445
1 0.059375 0.2966666666666667 0.11125 0.21777777777777776
0 0.1896875 0.21555555555555556 0.115625 0.21777777777777776
4 0.8428125 0.49944444444444447 0.138125 0.2966666666666667
0 0.571875 0.7083333333333334 0.11 0.22555555555555556
4 0.5555555555555556 0.13375 0.16 0.13125
3 0.7355555555555555 0.49375 0.24888888888888888 0.14125
