0 0.1096875 0.7505555555555555 0.155625 0.2788888888888889
4 0.2959375 0.6138888888888889 0.154375 0.29
0 0.6440625 0.15777777777777777 0.103125 0.22444444444444445
0 0.7053125 0.1461111111111111 0.145625 0.1988888888888889
4 0.0884375 0.5161111111111111 0.149375 0.2588888888888889
3 0.86125 0.42833333333333334 0.1475 0.31
3 0.47555555555555556 0.1384375 0.29555555555555557 0.128125
0 0.5705555555555556 0.4875 0.19 0.12625
1 0.828125 0.4288888888888889 0.10875 0.22444444444444445
1 0.0984375 0.2838888888888889 0.179375 0.3188888888888889
1 0.6715625 0.6227777777777778 0.101875 0.22555555555555556
0 0.376875 0.33611111111111114 0.125 0.23222222222222222
4 0.5390625 0.5344444444444445 0.143125 0.24222222222222223
0 0.243125 0.75 0.16375 0.2866666666666667
2 0.86375 0.45555555555555555 0.15875 0.2733333333333333
4 0.6596875 0.5627777777777778 0.116875 0.19666666666666666
3 0.1340625 0.7144444444444444 0.160625 0.2088888888888889
2 0.4996875 0.30722222222222223 0.161875 0.2677777777777778
0 0.17777777777777778 0.6434375 0.25555555555555554 0.113125
3 0.7488888888888889 0.8628125 0.23777777777777778 0.168125
4 0.2783333333333333 0.0690625 0.16777777777777778 0.114375
4 0.4040625 0.6194444444444445 0.104375 0.2411111111111111
0 0.1253125 0.3988888888888889 0.121875 0.23333333333333334
3 0.8509375 0.6766666666666666 0.133125 0.13777777777777778
3 0.259375 0.30277777777777776 0.1025 0.25666666666666665
