4 0.6275 0.7622222222222222 0.16875 0.3022222222222222
4 0.844375 0.12222222222222222 0.11875 0.22
0 0.3803125 0.3472222222222222 0.158125 0.2722222222222222
4 0.1328125 0.6088888888888889 0.138125 0.24222222222222223
4 0.3340625 0.23222222222222222 0.179375 0.2688888888888889
3 0.65875 0.73 0.10375 0.2222222222222222
1 0.4971875 0.47 0.143125 0.22444444444444445
1 0.65 0.7344444444444445 0.125 0.2511111111111111
2 0.2384375 0.39555555555555555 0.073125 0.16444444444444445
3 0.08125 0.5527777777777778 0.14375 0.18333333333333332
3 0.55 0.5028125 0.21777777777777776 0.190625
0 0.22166666666666668 0.36 0.23222222222222222 0.15875
4 0.6227777777777778 0.22875 0.19444444444444445 0.14875
4 0.3188888888888889 0.7340625 0.26 0.148125
0 0.5094444444444445 0.87 0.30333333333333334 0.16625
3 0.40555555555555556 0.091875 0.2644444444444444 0.1275
4 0.4721875 0.35333333333333333 0.158125 0.26222222222222225
3 0.850625 0.7383333333333333 0.14875 0.2722222222222222
4 0.083125 0.6194444444444445 0.14625 0.2877777777777778
4 0.4483333333333333 0.85875 0.23444444444444446 0.16625
1 0.32055555555555554 0.3284375 0.27 0.174375
4 0.6188888888888889 0.6790625 0.28444444444444444 0.163125
