3 0.6978125 0.4477777777777778 0.136875 0.26666666666666666
0 0.2575 0.7622222222222222 0.16375 0.2822222222222222
2 0.545 0.6261111111111111 0.13375 0.21444444444444444
4 0.07833333333333334 0.5415625 0.14777777777777779 0.131875
4 0.5172222222222222 0.7121875 0.2877777777777778 0.170625
0 0.38166666666666665 0.860625 0.2633333333333333 0.165
3 0.5728125 0.16555555555555557 0.105625 0.1511111111111111
3 0.08 0.4072222222222222 0.1275 0.2788888888888889
2 0.4596875 0.53 0.118125 0.23555555555555555
0 0.8453125 0.7172222222222222 0.141875 0.23666666666666666
3 0.326875 0.6333333333333333 0.10125 0.25555555555555554
1 0.12875 0.36277777777777775 0.2025 0.27444444444444444
3 0.6984375 0.15166666666666667 0.098125 0.22555555555555556
4 0.589375 0.24944444444444444 0.12875 0.23444444444444446
0 0.1134375 0.41055555555555556 0.130625 0.1922222222222222
4 0.3934375 0.57 0.196875 0.30666666666666664
4 0.7571875 0.7844444444444445 0.181875 0.3288888888888889
4 0.8403125 0.11722222222222223 0.100625 0.21444444444444444
2 0.4038888888888889 0.568125 0.21 0.14125
0 0.120625 0.6277777777777778 0.19875 0.32666666666666666
2 0.2946875 0.3322222222222222 0.163125 0.29333333333333333
3 0.6653125 0.15777777777777777 0.134375 0.2222222222222222
