2 0.1325 0.7911111111111111 0.16875 0.36
3 0.460625 0.2611111111111111 0.08625 0.24666666666666667
2 0.3003125 0.4538888888888889 0.135625 0.15888888888888889
3 0.4221875 0.4061111111111111 0.125625 0.2811111111111111
4 0.54875 0.6094444444444445 0.095 0.21888888888888888
2 0.128125 0.25333333333333335 0.10375 0.2088888888888889
4 0.2815625 0.5122222222222222 0.126875 0.23555555555555555
4 0.4221875 0.39611111111111114 0.123125 0.21666666666666667
3 0.8415625 0.625 0.108125 0.25
2 0.7221875 0.3477777777777778 0.154375 0.33111111111111113
4 0.0575 0.15388888888888888 0.095 0.2477777777777778
0 0.7666666666666667 0.60375 0.3022222222222222 0.1725
4 0.19444444444444445 0.354375 0.2288888888888889 0.19
4 0.84625 0.7322222222222222 0.1225 0.26222222222222225
1 0.3659375 0.39611111111111114 0.149375 0.21666666666666667
0 0.11375 0.5472222222222223 0.13875 0.20555555555555555
0 0.21166666666666667 0.06875 0.22777777777777777 0.125
