3 0.8259375 0.7561111111111111 0.096875 0.2544444444444444
4 0.68875 0.6688888888888889 0.1275 0.28
0 0.3575 0.4338888888888889 0.13375 0.21666666666666667
3 0.4934375 0.3883333333333333 0.156875 0.31222222222222223
3 0.830625 0.7144444444444444 0.0825 0.21777777777777776
2 0.1315625 0.5755555555555556 0.180625 0.31333333333333335
4 0.2809375 0.7111111111111111 0.104375 0.2222222222222222
0 0.11125 0.19444444444444445 0.12875 0.24222222222222223
1 0.475625 0.30666666666666664 0.13 0.20444444444444446
4 0.09375 0.14166666666666666 0.1225 0.23666666666666666
1 0.36625 0.7688888888888888 0.16375 0.32666666666666666
0 0.8696875 0.6227777777777778 0.161875 0.23
0 0.5909375 0.425 0.109375 0.22111111111111112
2 0.7378125 0.25166666666666665 0.150625 0.2633333333333333
3 0.4796875 0.5422222222222223 0.138125 0.26222222222222225
3 0.8375 0.5344444444444445 0.12125 0.32666666666666666
4 0.12875 0.595 0.195 0.20777777777777778
1 0.2346875 0.12611111111111112 0.109375 0.23222222222222222
2 0.15 0.61 0.17 0.3022222222222222
1 0.8709375 0.27555555555555555 0.161875 0.2777777777777778
3 0.621875 0.7355555555555555 0.1475 0.2288888888888889
2 0.8571875 0.3788888888888889 0.144375 0.32222222222222224
2 0.74 0.2683333333333333 0.155 0.29444444444444445
0 0.23875 0.5372222222222223 0.13125 0.25
2 0.3809375 0.485 0.170625 0.3388888888888889
4 0.47625 0.6844444444444444 0.11625 0.15555555555555556
