4 0.52 0.5559375 0.2777777777777778 0.161875
2 0.37277777777777776 0.705625 0.21666666666666667 0.14875
2 0.29333333333333333 0.09375 0.2911111111111111 0.17625
3 0.13444444444444445 0.25375 0.20666666666666667 0.18375
3 0.85125 0.43833333333333335 0.1275 0.25666666666666665
2 0.316875 0.14777777777777779 0.17625 0.2866666666666667
4 0.686875 0.7655555555555555 0.17125 0.3
4 0.3278125 0.7294444444444445 0.080625 0.20333333333333334
1 0.8375 0.575 0.12625 0.22333333333333333
1 0.101875 0.26666666666666666 0.115 0.26
3 0.6003125 0.4266666666666667 0.139375 0.25333333333333335
3 0.699375 0.42277777777777775 0.11125 0.30333333333333334
3 0.44625 0.6305555555555555 0.17 0.25666666666666665
3 0.2846875 0.25666666666666665 0.129375 0.20222222222222222
4 0.33944444444444444 0.6103125 0.17222222222222222 0.131875
1 0.5016666666666667 0.133125 0.31222222222222223 0.15
1 0.23333333333333334 0.873125 0.33111111111111113 0.17125
0 0.5611111111111111 0.7384375 0.24444444444444444 0.145625
0 0.6777777777777778 0.393125 0.29333333333333333 0.18375
4 0.3925 0.5272222222222223 0.13875 0.2588888888888889
0 0.841875 0.4027777777777778 0.12625 0.23666666666666666
3 0.24 0.6588888888888889 0.1375 0.29555555555555557
0 0.5428125 0.7605555555555555 0.135625 0.27
1 0.706875 0.305 0.16 0.2677777777777778
4 0.12 0.14277777777777778 0.1175 0.1988888888888889
2 0.5546875 0.7461111111111111 0.130625 0.23222222222222222
3 0.41625 0.28833333333333333 0.13875 0.25666666666666665
1 0.7090625 0.3983333333333333 0.153125 0.2411111111111111
4 0.255 0.505 0.1025 0.22111111111111112
3 0.8596875 0.605 0.168125 0.18555555555555556
