4 0.665625 0.6388888888888888 0.1325 0.2733333333333333
4 0.111875 0.36 0.10125 0.21777777777777776
3 0.33444444444444443 0.08375 0.24444444444444444 0.12875
1 0.7105555555555556 0.26125 0.21666666666666667 0.1075
1 0.51 0.860625 0.33555555555555555 0.17625
1 0.1922222222222222 0.474375 0.22 0.1575
0 0.3415625 0.2511111111111111 0.131875 0.28444444444444444
1 0.4796875 0.38666666666666666 0.174375 0.31333333333333335
4 0.075 0.7783333333333333 0.13375 0.31444444444444447
1 0.26125 0.22 0.1225 0.24
0 0.66875 0.6511111111111111 0.1675 0.32222222222222224
0 0.5875 0.695 0.12375 0.19444444444444445
4 0.850625 0.31444444444444447 0.1375 0.14444444444444443
0 0.0821875 0.5527777777777778 0.135625 0.26555555555555554
3 0.7071875 0.38722222222222225 0.135625 0.19666666666666666
0 0.09875 0.5944444444444444 0.12125 0.16
3 0.54625 0.7005555555555556 0.115 0.14555555555555555
4 0.2609375 0.3005555555555556 0.145625 0.25
