4 0.4578125 0.43944444444444447 0.110625 0.20555555555555555
1 0.8634375 0.19722222222222222 0.155625 0.2477777777777778
4 0.093125 0.7372222222222222 0.14625 0.27444444444444444
2 0.6878125 0.36666666666666664 0.188125 0.3244444444444444
4 0.361875 0.4172222222222222 0.10625 0.2588888888888889
4 0.6065625 0.23 0.116875 0.19777777777777777
4 0.879375 0.7677777777777778 0.18375 0.3288888888888889
4 0.3038888888888889 0.1190625 0.17666666666666667 0.109375
0 0.2966666666666667 0.1021875 0.22444444444444445 0.099375
0 0.5011111111111111 0.8428125 0.19111111111111112 0.120625
1 0.7566666666666667 0.4125 0.2577777777777778 0.13625
4 0.44055555555555553 0.715625 0.29 0.15875
3 0.5066666666666667 0.4725 0.19111111111111112 0.135
2 0.4266666666666667 0.8571875 0.2288888888888889 0.134375
3 0.18555555555555556 0.33375 0.14444444444444443 0.115
0 0.6216666666666667 0.7146875 0.22333333333333333 0.106875
4 0.7138888888888889 0.224375 0.20777777777777778 0.1525
3 0.27444444444444444 0.08125 0.12444444444444444 0.1225
4 0.879375 0.27944444444444444 0.17875 0.3433333333333333
4 0.381875 0.5683333333333334 0.14 0.25222222222222224
1 0.6128125 0.53 0.159375 0.23555555555555555
0 0.8459375 0.3422222222222222 0.121875 0.2311111111111111
