4 0.5233333333333333 0.5971875 0.18444444444444444 0.108125
1 0.345 0.379375 0.17666666666666667 0.1525
2 0.86 0.6561111111111111 0.1575 0.3322222222222222
3 0.5 0.27166666666666667 0.17375 0.30333333333333334
4 0.1096875 0.7544444444444445 0.129375 0.2822222222222222
2 0.095 0.22555555555555556 0.1025 0.23555555555555555
3 0.5978125 0.4166666666666667 0.123125 0.28444444444444444
3 0.3396875 0.6877777777777778 0.099375 0.16
3 0.5516666666666666 0.3821875 0.27444444444444444 0.153125
0 0.295 0.5090625 0.3277777777777778 0.171875
0 0.3638888888888889 0.855625 0.27666666666666667 0.15875
0 0.311875 0.31777777777777777 0.155 0.31333333333333335
3 0.485625 0.6027777777777777 0.1425 0.27444444444444444
0 0.276875 0.19722222222222222 0.12625 0.2588888888888889
0 0.5575 0.5072222222222222 0.1175 0.22777777777777777
4 0.8540625 0.3972222222222222 0.140625 0.22555555555555556
3 0.4278125 0.7372222222222222 0.143125 0.25222222222222224
