3 0.8371875 0.5677777777777778 0.119375 0.29555555555555557
1 0.579375 0.4061111111111111 0.10375 0.22111111111111112
1 0.319375 0.22055555555555556 0.10625 0.1811111111111111
3 0.4577777777777778 0.4521875 0.1622222222222222 0.123125
1 0.7972222222222223 0.675625 0.3433333333333333 0.18
1 0.37777777777777777 0.060625 0.2511111111111111 0.12125
3 0.8465625 0.3827777777777778 0.123125 0.30777777777777776
0 0.1490625 0.69 0.161875 0.35777777777777775
1 0.71625 0.2833333333333333 0.15 0.29555555555555557
1 0.4872222222222222 0.4828125 0.25666666666666665 0.160625
4 0.34555555555555556 0.2946875 0.2288888888888889 0.159375
0 0.7138888888888889 0.0965625 0.1988888888888889 0.136875
1 0.5915625 0.19055555555555556 0.130625 0.2411111111111111
4 0.090625 0.6877777777777778 0.11625 0.17333333333333334
0 0.44722222222222224 0.7446875 0.25666666666666665 0.168125
1 0.3333333333333333 0.8453125 0.21555555555555556 0.130625
1 0.5044444444444445 0.603125 0.18666666666666668 0.12375
