1 0.6128125 0.555 0.128125 0.23666666666666666
3 0.371875 0.7238888888888889 0.1175 0.19666666666666666
4 0.8471875 0.3711111111111111 0.124375 0.24666666666666667
0 0.7309375 0.7438888888888889 0.141875 0.24333333333333335
4 0.378125 0.6472222222222223 0.145 0.21444444444444444
3 0.8253125 0.4711111111111111 0.094375 0.18888888888888888
4 0.143125 0.18055555555555555 0.15 0.30333333333333334
4 0.3665625 0.7477777777777778 0.114375 0.28444444444444444
0 0.3621875 0.7616666666666667 0.151875 0.29444444444444445
3 0.5928125 0.23222222222222222 0.116875 0.26
3 0.3178125 0.7288888888888889 0.104375 0.24444444444444444
3 0.8403125 0.5494444444444444 0.103125 0.22555555555555556
0 0.0790625 0.24388888888888888 0.149375 0.29
2 0.5596875 0.6855555555555556 0.155625 0.36666666666666664
2 0.1359375 0.6633333333333333 0.176875 0.30666666666666664
3 0.70875 0.35055555555555556 0.11 0.2611111111111111
4 0.605625 0.5511111111111111 0.14625 0.27555555555555555
2 0.3815625 0.2927777777777778 0.183125 0.3388888888888889
0 0.861875 0.7672222222222222 0.17375 0.3188888888888889
