2 0.4125 0.3511111111111111 0.14125 0.24666666666666667
3 0.5596875 0.5711111111111111 0.146875 0.30666666666666664
1 0.686875 0.6238888888888889 0.1125 0.22111111111111112
3 0.1253125 0.4572222222222222 0.144375 0.2677777777777778
4 0.5477777777777778 0.1696875 0.31555555555555553 0.186875
0 0.145 0.2778125 0.17666666666666667 0.121875
2 0.5994444444444444 0.415 0.19666666666666666 0.11375
2 0.7711111111111111 0.86375 0.31777777777777777 0.165
4 0.36277777777777775 0.356875 0.2877777777777778 0.16875
0 0.17166666666666666 0.61 0.31222222222222223 0.17375
4 0.2334375 0.54 0.126875 0.29555555555555557
4 0.5396875 0.7511111111111111 0.134375 0.27111111111111114
3 0.6621875 0.615 0.076875 0.22333333333333333
2 0.8384375 0.40944444444444444 0.126875 0.2588888888888889
4 0.20333333333333334 0.063125 0.17333333333333334 0.1125
4 0.5666666666666667 0.325 0.2311111111111111 0.11625
4 0.7616666666666667 0.860625 0.28555555555555556 0.14625
1 0.3861111111111111 0.594375 0.20555555555555555 0.135
1 0.1128125 0.2461111111111111 0.188125 0.3411111111111111
1 0.8503125 0.5688888888888889 0.144375 0.28
3 0.3125 0.3605555555555556 0.08125 0.21666666666666667
3 0.658125 0.17444444444444446 0.11625 0.32222222222222224
3 0.1328125 0.7522222222222222 0.188125 0.2866666666666667
