4 0.25666666666666665 0.694375 0.2222222222222222 0.1275
1 0.16444444444444445 0.0928125 0.2688888888888889 0.144375
1 0.3705555555555556 0.55 0.21888888888888888 0.14375
4 0.7083333333333334 0.6865625 0.21222222222222223 0.148125
1 0.36944444444444446 0.330625 0.30333333333333334 0.15375
1 0.4494444444444444 0.1478125 0.20777777777777778 0.146875
3 0.5816666666666667 0.4821875 0.21666666666666667 0.098125
0 0.11125 0.3611111111111111 0.0975 0.2088888888888889
0 0.3940625 0.5877777777777777 0.180625 0.29555555555555557
1 0.851875 0.17944444444444443 0.13125 0.21222222222222223
2 0.6778125 0.5288888888888889 0.168125 0.31555555555555553
4 0.2975 0.2861111111111111 0.16125 0.31222222222222223
3 0.843125 0.6 0.12125 0.21777777777777776
4 0.105 0.23125 0.18777777777777777 0.14375
3 0.7055555555555556 0.39 0.18 0.145
1 0.34625 0.6083333333333333 0.16625 0.34555555555555556
1 0.835 0.7127777777777777 0.0975 0.19
0 0.066875 0.165 0.13 0.18555555555555556
2 0.593125 0.4111111111111111 0.1375 0.31555555555555553
3 0.47375 0.5977777777777777 0.11625 0.26666666666666666
0 0.8309375 0.4261111111111111 0.109375 0.22333333333333333
