4 0.6765625 0.31833333333333336 0.143125 0.2833333333333333
0 0.5078125 0.7605555555555555 0.161875 0.2811111111111111
4 0.1428125 0.15944444444444444 0.144375 0.2611111111111111
3 0.328125 0.6144444444444445 0.15875 0.28444444444444444
4 0.7215625 0.7477777777777778 0.150625 0.28
0 0.354375 0.5938888888888889 0.1825 0.33666666666666667
0 0.865 0.49777777777777776 0.18125 0.32666666666666666
0 0.2059375 0.6466666666666666 0.140625 0.26
3 0.6009375 0.7505555555555555 0.145625 0.2922222222222222
3 0.86375 0.5944444444444444 0.16875 0.35555555555555557
0 0.0996875 0.18055555555555555 0.146875 0.2788888888888889
4 0.6959375 0.3011111111111111 0.120625 0.21333333333333335
1 0.1065625 0.7183333333333334 0.099375 0.2411111111111111
4 0.2665625 0.4216666666666667 0.130625 0.25222222222222224
3 0.4059375 0.165 0.119375 0.1411111111111111
3 0.548125 0.6127777777777778 0.115 0.23222222222222222
3 0.2984375 0.5644444444444444 0.105625 0.18888888888888888
0 0.6634375 0.7211111111111111 0.121875 0.24444444444444444
0 0.5078125 0.22444444444444445 0.166875 0.2822222222222222
3 0.1196875 0.4533333333333333 0.104375 0.22444444444444445
3 0.35 0.7166666666666667 0.1175 0.23777777777777778
2 0.6128125 0.3738888888888889 0.150625 0.2811111111111111
3 0.8503125 0.5683333333333334 0.133125 0.3055555555555556
0 0.1315625 0.19111111111111112 0.171875 0.28
0 0.4722222222222222 0.3334375 0.30444444444444446 0.158125
