0 0.3527777777777778 0.3646875 0.2922222222222222 0.189375
2 0.4861111111111111 0.071875 0.16777777777777778 0.1125
2 0.86875 0.21666666666666667 0.16625 0.27555555555555555
3 0.083125 0.30944444444444447 0.1125 0.2788888888888889
0 0.3359375 0.4711111111111111 0.113125 0.23333333333333334
3 0.466875 0.77 0.12125 0.28
2 0.616875 0.42944444444444446 0.16875 0.33444444444444443
1 0.8525 0.7555555555555555 0.1225 0.26
3 0.2134375 0.24 0.105625 0.15333333333333332
4 0.7 0.6283333333333333 0.13375 0.23666666666666666
4 0.0896875 0.4211111111111111 0.173125 0.28444444444444444
1 0.05875 0.7327777777777778 0.1075 0.25666666666666665
2 0.68375 0.4066666666666667 0.1275 0.24222222222222223
2 0.3909375 0.2477777777777778 0.156875 0.3466666666666667
2 0.2584375 0.3005555555555556 0.199375 0.2411111111111111
2 0.551875 0.6522222222222223 0.17125 0.3088888888888889
1 0.8175 0.5283333333333333 0.07875 0.20555555555555555
2 0.1059375 0.335 0.119375 0.18777777777777777
0 0.3753125 0.2088888888888889 0.170625 0.30444444444444446
4 0.6028125 0.7505555555555555 0.138125 0.2811111111111111
4 0.5840625 0.665 0.181875 0.29888888888888887
3 0.38055555555555554 0.1140625 0.31222222222222223 0.115625
