1 0.5855555555555556 0.429375 0.21555555555555556 0.13625
4 0.33 0.851875 0.17555555555555555 0.13
1 0.12055555555555555 0.1375 0.22555555555555556 0.12
4 0.47888888888888886 0.699375 0.23777777777777778 0.10875
4 0.84375 0.2288888888888889 0.11 0.22444444444444445
1 0.595625 0.5305555555555556 0.1175 0.22111111111111112
3 0.2409375 0.3516666666666667 0.164375 0.2677777777777778
4 0.7159375 0.33666666666666667 0.118125 0.21777777777777776
1 0.3484375 0.15388888888888888 0.123125 0.24555555555555555
0 0.8521875 0.6722222222222223 0.143125 0.3
3 0.22875 0.7422222222222222 0.13125 0.24222222222222223
4 0.5915625 0.5366666666666666 0.115625 0.22444444444444445
3 0.66 0.165 0.11875 0.31222222222222223
3 0.840625 0.7827777777777778 0.1225 0.3277777777777778
0 0.296875 0.5727777777777778 0.1075 0.21444444444444444
0 0.4861111111111111 0.6259375 0.29444444444444445 0.178125
4 0.38333333333333336 0.1134375 0.2644444444444444 0.123125
1 0.5494444444444444 0.373125 0.2477777777777778 0.1575
4 0.18722222222222223 0.843125 0.21888888888888888 0.12625
4 0.62 0.2478125 0.21555555555555556 0.149375
1 0.31055555555555553 0.510625 0.2922222222222222 0.19
0 0.369375 0.17888888888888888 0.14 0.26666666666666666
0 0.1346875 0.3844444444444444 0.153125 0.3022222222222222
1 0.42388888888888887 0.1378125 0.30333333333333334 0.148125
4 0.20944444444444443 0.35375 0.22777777777777777 0.10125
