1 0.24625 0.4622222222222222 0.14375 0.3
3 0.0775 0.31222222222222223 0.10625 0.20222222222222222
0 0.7477777777777778 0.6975 0.29555555555555557 0.1975
4 0.2683333333333333 0.1565625 0.27666666666666667 0.190625
0 0.7109375 0.7722222222222223 0.155625 0.33111111111111113
1 0.8371875 0.4038888888888889 0.124375 0.18555555555555556
4 0.2671875 0.22777777777777777 0.118125 0.22444444444444445
2 0.4309375 0.49944444444444447 0.161875 0.17888888888888888
2 0.5677777777777778 0.3778125 0.2511111111111111 0.154375
1 0.745 0.1475 0.23666666666666666 0.1725
1 0.839375 0.43777777777777777 0.13375 0.2511111111111111
4 0.6327777777777778 0.469375 0.19666666666666666 0.1325
3 0.5611111111111111 0.7025 0.22444444444444445 0.10125
2 0.5277777777777778 0.3578125 0.33111111111111113 0.158125
4 0.2021875 0.7088888888888889 0.109375 0.17555555555555555
0 0.4590625 0.4772222222222222 0.115625 0.23222222222222222
4 0.5775 0.36 0.1 0.1711111111111111
