3 0.1428125 0.7333333333333333 0.143125 0.23555555555555555
4 0.32125 0.4672222222222222 0.1425 0.28555555555555556
3 0.6734375 0.18666666666666668 0.131875 0.30666666666666664
4 0.855 0.26666666666666666 0.13625 0.17555555555555555
2 0.4971875 0.6077777777777778 0.136875 0.27555555555555555
3 0.5711111111111111 0.855 0.18 0.13875
4 0.36944444444444446 0.29625 0.31 0.16125
1 0.20166666666666666 0.6665625 0.2411111111111111 0.141875
0 0.27875 0.6461111111111111 0.14375 0.25666666666666665
4 0.5828125 0.22277777777777777 0.174375 0.25666666666666665
1 0.85375 0.3244444444444444 0.13875 0.24888888888888888
3 0.1271875 0.7572222222222222 0.128125 0.26555555555555554
0 0.7040625 0.5316666666666666 0.128125 0.2388888888888889
4 0.7538888888888889 0.27 0.2788888888888889 0.17125
4 0.13722222222222222 0.8559375 0.2588888888888889 0.156875
4 0.2611111111111111 0.40875 0.2644444444444444 0.1525
3 0.3861111111111111 0.11375 0.2722222222222222 0.155
1 0.4444444444444444 0.5384375 0.14666666666666667 0.115625
0 0.14125 0.35055555555555556 0.12375 0.23
0 0.685625 0.6288888888888889 0.17 0.29333333333333333
1 0.365 0.23833333333333334 0.13375 0.2611111111111111
2 0.1215625 0.37555555555555553 0.134375 0.19555555555555557
