0 0.6071875 0.5205555555555555 0.143125 0.22777777777777777
0 0.3540625 0.145 0.130625 0.25222222222222224
0 0.12 0.7666666666666667 0.15625 0.33111111111111113
4 0.3328125 0.29 0.116875 0.30666666666666664
0 0.7328125 0.33055555555555555 0.148125 0.23
2 0.485625 0.4627777777777778 0.16625 0.33666666666666667
3 0.85625 0.6027777777777777 0.13875 0.3011111111111111
2 0.2059375 0.7272222222222222 0.119375 0.23222222222222222
2 0.35 0.4890625 0.21333333333333335 0.131875
3 0.4688888888888889 0.2690625 0.26 0.166875
4 0.6516666666666666 0.3696875 0.24333333333333335 0.130625
3 0.12222222222222222 0.601875 0.14 0.12
4 0.7040625 0.7844444444444445 0.159375 0.3088888888888889
1 0.0784375 0.5222222222222223 0.111875 0.22444444444444445
1 0.3925 0.6688888888888889 0.13875 0.29777777777777775
1 0.8328125 0.29833333333333334 0.115625 0.21666666666666667
4 0.238125 0.1711111111111111 0.13125 0.18222222222222223
4 0.6109375 0.5422222222222223 0.190625 0.3466666666666667
0 0.71875 0.4088888888888889 0.15 0.23777777777777778
4 0.335 0.7688888888888888 0.1525 0.32222222222222224
1 0.4646875 0.3527777777777778 0.154375 0.28555555555555556
4 0.83625 0.27 0.1275 0.2777777777777778
0 0.25277777777777777 0.406875 0.30777777777777776 0.1925
4 0.7283333333333334 0.6196875 0.25222222222222224 0.145625
4 0.42833333333333334 0.859375 0.3233333333333333 0.15125
3 0.3103125 0.415 0.078125 0.20777777777777778
4 0.741875 0.15444444444444444 0.16375 0.2644444444444444
4 0.8440625 0.35 0.108125 0.27111111111111114
2 0.48625 0.6094444444444445 0.17 0.21
