2 0.860625 0.6661111111111111 0.16625 0.30333333333333334
0 0.5828125 0.13055555555555556 0.129375 0.21
4 0.4559375 0.7272222222222222 0.134375 0.22777777777777777
0 0.078125 0.3638888888888889 0.155 0.28555555555555556
0 0.2059375 0.46166666666666667 0.151875 0.28555555555555556
4 0.473125 0.17055555555555554 0.125 0.1922222222222222
4 0.1046875 0.6238888888888889 0.143125 0.2722222222222222
3 0.8484375 0.45055555555555554 0.120625 0.2011111111111111
4 0.295 0.3416666666666667 0.14625 0.2588888888888889
1 0.845625 0.5877777777777777 0.1125 0.22
4 0.1509375 0.7494444444444445 0.146875 0.24555555555555555
3 0.1459375 0.6138888888888889 0.141875 0.17222222222222222
4 0.275 0.32944444444444443 0.11625 0.20333333333333334
4 0.40875 0.22833333333333333 0.09875 0.1988888888888889
1 0.71875 0.4672222222222222 0.15 0.2788888888888889
0 0.6109375 0.7194444444444444 0.124375 0.19
0 0.2715625 0.6927777777777778 0.190625 0.3211111111111111
4 0.833125 0.5805555555555556 0.12 0.27666666666666667
3 0.710625 0.705 0.11375 0.16333333333333333
4 0.344375 0.19333333333333333 0.0975 0.22444444444444445
4 0.113125 0.46944444444444444 0.1125 0.23444444444444446
4 0.5875 0.3661111111111111 0.10625 0.21
4 0.4255555555555556 0.6221875 0.31555555555555553 0.156875
