4 0.1527777777777778 0.865625 0.26555555555555554 0.16125
4 0.8005555555555556 0.6125 0.3477777777777778 0.1725
0 0.5816666666666667 0.084375 0.31444444444444447 0.15125
2 0.46166666666666667 0.0665625 0.22333333333333333 0.106875
4 0.7122222222222222 0.465625 0.19777777777777777 0.12625
4 0.61 0.36944444444444446 0.16125 0.29888888888888887
1 0.33625 0.5372222222222223 0.12125 0.25222222222222224
0 0.853125 0.15833333333333333 0.14 0.25666666666666665
1 0.294375 0.4177777777777778 0.09375 0.23555555555555555
2 0.6796875 0.7088888888888889 0.149375 0.22444444444444445
2 0.356875 0.2827777777777778 0.12375 0.14333333333333334
2 0.5778125 0.09777777777777778 0.088125 0.17555555555555555
4 0.1346875 0.7411111111111112 0.155625 0.25555555555555554
2 0.23375 0.5238888888888888 0.11375 0.21444444444444444
2 0.12875 0.38333333333333336 0.20125 0.35555555555555557
0 0.6903125 0.7577777777777778 0.131875 0.26
4 0.556875 0.4538888888888889 0.16375 0.28555555555555556
