3 0.27111111111111114 0.5903125 0.14222222222222222 0.119375
1 0.39 0.239375 0.21555555555555556 0.1475
3 0.7338888888888889 0.5009375 0.24555555555555555 0.184375
4 0.49166666666666664 0.3565625 0.2544444444444444 0.138125
1 0.6494444444444445 0.858125 0.2411111111111111 0.16875
4 0.6296875 0.5194444444444445 0.193125 0.33444444444444443
3 0.2015625 0.6316666666666667 0.111875 0.21444444444444444
4 0.84 0.55 0.09625 0.2222222222222222
3 0.8446875 0.5844444444444444 0.134375 0.25555555555555554
1 0.07375 0.7038888888888889 0.1025 0.21666666666666667
2 0.8253125 0.5388888888888889 0.099375 0.24888888888888888
0 0.36625 0.14055555555555554 0.13625 0.2388888888888889
0 0.6075 0.7505555555555555 0.14125 0.2788888888888889
0 0.736875 0.4872222222222222 0.14375 0.2922222222222222
0 0.8746875 0.19611111111111112 0.171875 0.2611111111111111
1 0.363125 0.755 0.13875 0.27666666666666667
0 0.115 0.35055555555555556 0.13625 0.20333333333333334
0 0.4753125 0.6427777777777778 0.115625 0.23666666666666666
4 0.22375 0.28 0.1075 0.24666666666666667
4 0.3771875 0.6711111111111111 0.171875 0.2866666666666667
3 0.6040625 0.38666666666666666 0.129375 0.2577777777777778
0 0.116875 0.7483333333333333 0.1475 0.2611111111111111
1 0.231875 0.5705555555555556 0.13 0.26555555555555554
3 0.755 0.20722222222222222 0.18375 0.2588888888888889
4 0.69875 0.31666666666666665 0.12125 0.2511111111111111
3 0.8453125 0.5544444444444444 0.130625 0.28888888888888886
4 0.5828125 0.4583333333333333 0.171875 0.31666666666666665
1 0.1421875 0.6544444444444445 0.138125 0.27111111111111114
