1 0.42 0.2966666666666667 0.12375 0.2511111111111111
1 0.7040625 0.2727777777777778 0.125625 0.2633333333333333
4 0.3775 0.44055555555555553 0.07125 0.22111111111111112
0 0.129375 0.5933333333333334 0.1725 0.33555555555555555
4 0.560625 0.7505555555555555 0.1375 0.27
2 0.244375 0.3322222222222222 0.10375 0.19333333333333333
4 0.2609375 0.2011111111111111 0.095625 0.26
4 0.8459375 0.31722222222222224 0.133125 0.21888888888888888
3 0.09625 0.6461111111111111 0.1425 0.3277777777777778
2 0.4903125 0.5027777777777778 0.176875 0.31444444444444447
4 0.3225 0.3561111111111111 0.10375 0.25222222222222224
4 0.8603125 0.7433333333333333 0.149375 0.26666666666666666
3 0.7477777777777778 0.61 0.3022222222222222 0.1825
3 0.22722222222222221 0.825625 0.21 0.1025
1 0.2859375 0.3933333333333333 0.166875 0.3022222222222222
2 0.0909375 0.49777777777777776 0.158125 0.27111111111111114
0 0.84125 0.72 0.13125 0.23555555555555555
3 0.54 0.7644444444444445 0.13 0.29333333333333333
0 0.4090625 0.2011111111111111 0.180625 0.3422222222222222
0 0.0853125 0.30444444444444446 0.158125 0.31555555555555553
4 0.6840625 0.5055555555555555 0.105625 0.24666666666666667
