3 0.611875 0.45666666666666667 0.17125 0.25555555555555554
0 0.230625 0.7544444444444445 0.15375 0.3111111111111111
0 0.7346875 0.6644444444444444 0.168125 0.3111111111111111
4 0.0675 0.25055555555555553 0.075 0.20333333333333334
1 0.0940625 0.7238888888888889 0.123125 0.23444444444444446
4 0.4759375 0.5166666666666667 0.138125 0.31333333333333335
4 0.636875 0.355 0.085 0.23666666666666666
3 0.2840625 0.21222222222222223 0.129375 0.19555555555555557
0 0.7377777777777778 0.5890625 0.22444444444444445 0.118125
0 0.6288888888888889 0.469375 0.19111111111111112 0.125
0 0.47555555555555556 0.730625 0.2511111111111111 0.155
0 0.2375 0.3438888888888889 0.16625 0.2788888888888889
3 0.1084375 0.7411111111111112 0.161875 0.2644444444444444
4 0.86125 0.5377777777777778 0.14 0.26222222222222225
4 0.600625 0.39555555555555555 0.14125 0.2688888888888889
2 0.2165625 0.19944444444444445 0.131875 0.2388888888888889
4 0.4740625 0.7516666666666667 0.140625 0.2544444444444444
4 0.8565625 0.2811111111111111 0.146875 0.2222222222222222
0 0.08 0.5405555555555556 0.11125 0.19666666666666666
4 0.3159375 0.64 0.078125 0.21333333333333335
1 0.0984375 0.7133333333333334 0.138125 0.21777777777777776
4 0.7165625 0.6661111111111111 0.170625 0.3322222222222222
4 0.378125 0.30277777777777776 0.09625 0.23222222222222222
3 0.2490625 0.16 0.093125 0.21555555555555556
0 0.7103125 0.285 0.138125 0.2477777777777778
4 0.416875 0.5461111111111111 0.13625 0.3322222222222222
1 0.85875 0.3861111111111111 0.1425 0.23222222222222222
4 0.575 0.6277777777777778 0.16 0.2777777777777778
