4 0.2965625 0.6 0.110625 0.2311111111111111
0 0.4903125 0.485 0.134375 0.27666666666666667
0 0.8759375 0.7883333333333333 0.176875 0.3322222222222222
0 0.6721875 0.635 0.165625 0.31
3 0.263125 0.21222222222222223 0.08375 0.22666666666666666
3 0.8528125 0.3416666666666667 0.158125 0.23222222222222222
4 0.088125 0.7 0.10125 0.18444444444444444
0 0.4890625 0.5044444444444445 0.166875 0.3022222222222222
1 0.7221875 0.22833333333333333 0.168125 0.21666666666666667
4 0.836875 0.3522222222222222 0.1025 0.2688888888888889
0 0.564375 0.5572222222222222 0.1475 0.2877777777777778
4 0.435 0.46444444444444444 0.18375 0.29777777777777775
3 0.8584375 0.21055555555555555 0.171875 0.3233333333333333
3 0.5478125 0.6705555555555556 0.145625 0.3188888888888889
4 0.3771875 0.5038888888888889 0.101875 0.21666666666666667
4 0.0809375 0.2783333333333333 0.103125 0.22777777777777777
4 0.1478125 0.5677777777777778 0.138125 0.22666666666666666
0 0.3396875 0.43555555555555553 0.173125 0.24444444444444444
3 0.486875 0.2816666666666667 0.11875 0.21888888888888888
1 0.20722222222222222 0.32125 0.2833333333333333 0.15
0 0.47444444444444445 0.84875 0.2866666666666667 0.1225
2 0.66 0.4122222222222222 0.12625 0.16666666666666666
0 0.3159375 0.3138888888888889 0.140625 0.26555555555555554
