4 0.2965625 0.43777777777777777 0.140625 0.19111111111111112
1 0.0834375 0.1661111111111111 0.079375 0.19666666666666666
3 0.4621875 0.34055555555555556 0.106875 0.2722222222222222
1 0.0909375 0.3472222222222222 0.133125 0.2677777777777778
4 0.4421875 0.7244444444444444 0.079375 0.19111111111111112
4 0.8603125 0.7638888888888888 0.153125 0.3211111111111111
4 0.6128125 0.2388888888888889 0.135625 0.22
4 0.343125 0.7155555555555555 0.08375 0.2222222222222222
0 0.8290625 0.3861111111111111 0.080625 0.1988888888888889
4 0.88 0.5861111111111111 0.1775 0.3322222222222222
2 0.3321875 0.2411111111111111 0.111875 0.23333333333333334
3 0.448125 0.345 0.08625 0.24333333333333335
4 0.1934375 0.11722222222222223 0.091875 0.1811111111111111
4 0.718125 0.7311111111111112 0.11125 0.22666666666666666
4 0.0859375 0.6694444444444444 0.133125 0.3011111111111111
0 0.4084375 0.6711111111111111 0.169375 0.3111111111111111
4 0.245 0.24222222222222223 0.15375 0.3022222222222222
1 0.5565625 0.5505555555555556 0.153125 0.2833333333333333
