3 0.5415625 0.6544444444444445 0.114375 0.29777777777777775
1 0.72 0.4905555555555556 0.17 0.3388888888888889
4 0.1271875 0.40055555555555555 0.186875 0.3433333333333333
3 0.856875 0.49166666666666664 0.1425 0.15666666666666668
4 0.0721875 0.4111111111111111 0.138125 0.29555555555555557
3 0.540625 0.7561111111111111 0.1375 0.2722222222222222
4 0.38 0.14222222222222222 0.12875 0.2311111111111111
1 0.851875 0.2911111111111111 0.135 0.29333333333333333
0 0.20222222222222222 0.480625 0.3377777777777778 0.165
3 0.3561111111111111 0.7359375 0.2677777777777778 0.169375
4 0.33944444444444444 0.08625 0.2588888888888889 0.1525
4 0.42944444444444446 0.68625 0.23 0.13
0 0.3671875 0.6127777777777778 0.190625 0.33666666666666667
0 0.8484375 0.25333333333333335 0.128125 0.24222222222222223
4 0.61 0.7472222222222222 0.16375 0.2922222222222222
2 0.1084375 0.4627777777777778 0.185625 0.35
0 0.5071875 0.6927777777777778 0.158125 0.33444444444444443
0 0.1175 0.14 0.10625 0.19777777777777777
0 0.094375 0.75 0.17375 0.29555555555555557
4 0.5846875 0.3477777777777778 0.133125 0.23777777777777778
3 0.4484375 0.5927777777777777 0.115625 0.16777777777777778
4 0.2040625 0.4444444444444444 0.138125 0.24444444444444444
