3 0.2121875 0.5694444444444444 0.121875 0.24555555555555555
1 0.3703125 0.5416666666666666 0.184375 0.3433333333333333
4 0.0896875 0.23444444444444446 0.130625 0.18888888888888888
4 0.593125 0.72 0.1225 0.23777777777777778
1 0.8590625 0.1922222222222222 0.135625 0.25333333333333335
1 0.07625 0.41833333333333333 0.125 0.2833333333333333
4 0.231875 0.6233333333333333 0.12625 0.2688888888888889
1 0.3821875 0.7111111111111111 0.115625 0.2311111111111111
0 0.640625 0.5911111111111111 0.10375 0.22
0 0.2859375 0.3438888888888889 0.156875 0.22777777777777777
4 0.8728125 0.76 0.186875 0.30444444444444446
1 0.0840625 0.33055555555555555 0.138125 0.27666666666666667
0 0.3740625 0.3972222222222222 0.110625 0.20777777777777778
4 0.53625 0.6155555555555555 0.13125 0.24
4 0.840625 0.20166666666666666 0.13125 0.21888888888888888
4 0.6878125 0.5188888888888888 0.130625 0.24888888888888888
1 0.734375 0.4988888888888889 0.15125 0.29333333333333333
1 0.6234375 0.7944444444444444 0.179375 0.34444444444444444
0 0.159375 0.7788888888888889 0.19875 0.34
3 0.6553125 0.3605555555555556 0.093125 0.27
0 0.3840625 0.2627777777777778 0.111875 0.19666666666666666
2 0.8796875 0.6511111111111111 0.201875 0.31333333333333335
1 0.5446875 0.54 0.133125 0.3111111111111111
0 0.109375 0.42388888888888887 0.1625 0.29888888888888887
0 0.2634375 0.22833333333333333 0.170625 0.3477777777777778
