1 0.661875 0.4633333333333333 0.12125 0.28
3 0.2959375 0.15166666666666667 0.136875 0.2544444444444444
4 0.85625 0.47555555555555556 0.1375 0.22444444444444445
0 0.69625 0.36277777777777775 0.1225 0.2388888888888889
1 0.0678125 0.23222222222222222 0.085625 0.21777777777777776
3 0.8275 0.5216666666666666 0.09 0.23222222222222222
4 0.3696875 0.17166666666666666 0.149375 0.2966666666666667
1 0.470625 0.6538888888888889 0.145 0.29888888888888887
0 0.72 0.30944444444444447 0.13125 0.2011111111111111
3 0.61375 0.7744444444444445 0.175 0.3422222222222222
4 0.198125 0.4261111111111111 0.1125 0.23666666666666666
0 0.13125 0.5872222222222222 0.15 0.27666666666666667
0 0.1259375 0.6238888888888889 0.119375 0.23222222222222222
1 0.2496875 0.7405555555555555 0.128125 0.2811111111111111
0 0.6225 0.7455555555555555 0.16875 0.28888888888888886
4 0.364375 0.5522222222222222 0.12875 0.24
