4 0.2725 0.25222222222222224 0.14875 0.17333333333333334
3 0.7084375 0.5044444444444445 0.146875 0.21777777777777776
0 0.5553125 0.6183333333333333 0.131875 0.21444444444444444
0 0.1109375 0.17277777777777778 0.115625 0.24333333333333335
4 0.5978125 0.7144444444444444 0.114375 0.18
4 0.3728125 0.3661111111111111 0.134375 0.24333333333333335
1 0.1440625 0.18888888888888888 0.146875 0.2688888888888889
2 0.47 0.481875 0.23555555555555555 0.12875
4 0.31333333333333335 0.7459375 0.2511111111111111 0.174375
4 0.6255555555555555 0.610625 0.22 0.145
0 0.7055555555555556 0.8496875 0.21555555555555556 0.139375
0 0.23555555555555555 0.5934375 0.20222222222222222 0.125625
1 0.4116666666666667 0.3609375 0.23444444444444446 0.173125
4 0.49666666666666665 0.0996875 0.24222222222222223 0.163125
0 0.5855555555555556 0.2284375 0.26 0.164375
1 0.7166666666666667 0.705 0.2 0.0925
3 0.7133333333333334 0.666875 0.2222222222222222 0.15375
4 0.485 0.1134375 0.25222222222222224 0.141875
4 0.32555555555555554 0.2840625 0.17777777777777778 0.118125
3 0.5694444444444444 0.4775 0.17888888888888888 0.14
3 0.22333333333333333 0.8475 0.21555555555555556 0.14875
2 0.14333333333333334 0.3440625 0.2511111111111111 0.146875
1 0.7305555555555555 0.5925 0.23444444444444446 0.1275
2 0.56125 0.6327777777777778 0.1525 0.29
1 0.1340625 0.3011111111111111 0.191875 0.26666666666666666
