4 0.34375 0.7761111111111111 0.15375 0.3055555555555556
0 0.07625 0.13777777777777778 0.1425 0.2288888888888889
3 0.8721875 0.36944444444444446 0.169375 0.3277777777777778
0 0.6284375 0.5655555555555556 0.180625 0.32
3 0.094375 0.6244444444444445 0.10875 0.23777777777777778
1 0.4825 0.39944444444444444 0.1375 0.18777777777777777
1 0.25125 0.1622222222222222 0.17375 0.3111111111111111
0 0.8640625 0.6288888888888889 0.160625 0.3
3 0.076875 0.3338888888888889 0.11625 0.2611111111111111
0 0.4709375 0.4666666666666667 0.139375 0.2511111111111111
4 0.2921875 0.48833333333333334 0.164375 0.2877777777777778
4 0.4796875 0.3655555555555556 0.164375 0.32666666666666666
4 0.643125 0.165 0.11625 0.21
3 0.0725 0.6033333333333334 0.1 0.23333333333333334
4 0.7077777777777777 0.715 0.19555555555555557 0.12375
1 0.6311111111111111 0.24125 0.2 0.14125
1 0.4633333333333333 0.596875 0.17777777777777778 0.12875
0 0.5666666666666667 0.365625 0.2288888888888889 0.14875
4 0.4438888888888889 0.14125 0.2966666666666667 0.1825
4 0.405 0.4033333333333333 0.16375 0.28
0 0.22625 0.14166666666666666 0.11625 0.23666666666666666
4 0.54 0.5161111111111111 0.12375 0.26555555555555554
4 0.870625 0.21833333333333332 0.1625 0.3233333333333333
4 0.28125 0.7527777777777778 0.1025 0.26555555555555554
