1 0.8378125 0.46166666666666667 0.128125 0.23666666666666666
0 0.7140625 0.575 0.135625 0.29444444444444445
4 0.6040625 0.6833333333333333 0.170625 0.3422222222222222
1 0.0803125 0.2644444444444444 0.136875 0.31555555555555553
3 0.220625 0.2961111111111111 0.1125 0.17888888888888888
2 0.3865625 0.6494444444444445 0.138125 0.28555555555555556
4 0.825625 0.7216666666666667 0.0975 0.22777777777777777
3 0.13 0.5794444444444444 0.14875 0.26555555555555554
2 0.6034375 0.7461111111111111 0.140625 0.2611111111111111
3 0.118125 0.4061111111111111 0.1425 0.27
4 0.240625 0.6466666666666666 0.145 0.24666666666666667
4 0.4684375 0.2338888888888889 0.115625 0.2611111111111111
0 0.13 0.37166666666666665 0.1275 0.22333333333333333
1 0.286875 0.7338888888888889 0.15875 0.2677777777777778
0 0.860625 0.7238888888888889 0.1475 0.2544444444444444
3 0.6159375 0.41888888888888887 0.151875 0.32
0 0.359375 0.19166666666666668 0.13125 0.20333333333333334
1 0.7344444444444445 0.2640625 0.24 0.114375
4 0.6522222222222223 0.8746875 0.32 0.173125
2 0.4861111111111111 0.71 0.23222222222222222 0.135
1 0.3933333333333333 0.58875 0.2911111111111111 0.1825
0 0.10777777777777778 0.4115625 0.2088888888888889 0.119375
