1 0.1361111111111111 0.836875 0.19 0.11625
2 0.6138888888888889 0.5534375 0.23 0.124375
3 0.4922222222222222 0.4253125 0.21555555555555556 0.155625
0 0.7394444444444445 0.7225 0.25222222222222224 0.175
1 0.3571875 0.5566666666666666 0.113125 0.24222222222222223
4 0.6040625 0.795 0.131875 0.33444444444444443
4 0.2790625 0.4527777777777778 0.130625 0.18333333333333332
1 0.085 0.33166666666666667 0.11875 0.20555555555555555
4 0.8528125 0.22833333333333333 0.145625 0.2611111111111111
3 0.6609375 0.7916666666666666 0.139375 0.3322222222222222
4 0.83 0.7311111111111112 0.09875 0.2111111111111111
0 0.5903125 0.5822222222222222 0.131875 0.2777777777777778
4 0.6296875 0.78 0.184375 0.3111111111111111
0 0.104375 0.2011111111111111 0.11375 0.20444444444444446
1 0.689375 0.445 0.1225 0.2411111111111111
1 0.388125 0.5561111111111111 0.1475 0.2611111111111111
4 0.2309375 0.6494444444444445 0.138125 0.2922222222222222
3 0.711875 0.7794444444444445 0.16375 0.29888888888888887
0 0.5559375 0.1688888888888889 0.164375 0.33555555555555555
0 0.3909375 0.2627777777777778 0.145625 0.2722222222222222
