4 0.3409375 0.6994444444444444 0.108125 0.1988888888888889
3 0.6040625 0.12777777777777777 0.143125 0.24
0 0.84125 0.52 0.12625 0.23555555555555555
2 0.605625 0.4066666666666667 0.15 0.3022222222222222
0 0.8546875 0.18777777777777777 0.131875 0.23555555555555555
4 0.0784375 0.5688888888888889 0.128125 0.25555555555555554
1 0.20444444444444446 0.715 0.27111111111111114 0.1525
0 0.27055555555555555 0.3915625 0.18555555555555556 0.094375
4 0.8471875 0.37 0.111875 0.27111111111111114
1 0.2575 0.7411111111111112 0.13375 0.2222222222222222
1 0.8559375 0.64 0.138125 0.28888888888888886
4 0.4790625 0.5811111111111111 0.158125 0.3288888888888889
0 0.3615625 0.3616666666666667 0.183125 0.25222222222222224
2 0.864375 0.6316666666666667 0.14875 0.25
4 0.713125 0.235 0.10625 0.17888888888888888
3 0.598125 0.46444444444444444 0.13625 0.27555555555555555
4 0.8759375 0.185 0.181875 0.3211111111111111
2 0.0675 0.22666666666666666 0.13 0.20444444444444446
