0 0.4521875 0.7405555555555555 0.114375 0.23
0 0.7421875 0.7133333333333334 0.185625 0.3422222222222222
3 0.0671875 0.45944444444444443 0.106875 0.16777777777777778
1 0.840625 0.3188888888888889 0.1275 0.22
4 0.2003125 0.2638888888888889 0.119375 0.27666666666666667
0 0.5722222222222222 0.349375 0.2644444444444444 0.15125
3 0.3009375 0.5788888888888889 0.144375 0.20666666666666667
4 0.868125 0.3438888888888889 0.1575 0.2833333333333333
4 0.4684375 0.16111111111111112 0.105625 0.19111111111111112
4 0.6696875 0.4288888888888889 0.134375 0.18
0 0.3753125 0.5083333333333333 0.123125 0.23666666666666666
0 0.085625 0.2388888888888889 0.16125 0.33555555555555555
0 0.6178125 0.23666666666666666 0.148125 0.23333333333333334
2 0.1165625 0.6138888888888889 0.126875 0.32555555555555554
1 0.134375 0.12666666666666668 0.11875 0.2111111111111111
4 0.6659375 0.26555555555555554 0.129375 0.19777777777777777
1 0.519375 0.4716666666666667 0.1875 0.3188888888888889
4 0.7516666666666667 0.87 0.2788888888888889 0.1675
3 0.6277777777777778 0.2640625 0.2288888888888889 0.149375
3 0.4288888888888889 0.6190625 0.22666666666666666 0.143125
