4 0.5353125 0.22666666666666666 0.106875 0.15555555555555556
4 0.2315625 0.3794444444444444 0.106875 0.23
0 0.1115625 0.7633333333333333 0.170625 0.30666666666666664
3 0.401875 0.46166666666666667 0.14375 0.16555555555555557
3 0.079375 0.555 0.11125 0.22777777777777777
4 0.485625 0.2633333333333333 0.17375 0.31555555555555553
4 0.355625 0.7555555555555555 0.16375 0.29333333333333333
3 0.5775 0.5105555555555555 0.1075 0.30777777777777776
2 0.73625 0.36 0.175 0.3422222222222222
1 0.40444444444444444 0.381875 0.21555555555555556 0.15875
1 0.7727777777777778 0.621875 0.31222222222222223 0.16
4 0.5466666666666666 0.1340625 0.18 0.141875
4 0.31277777777777777 0.258125 0.25666666666666665 0.16625
0 0.1827777777777778 0.0915625 0.20333333333333334 0.138125
3 0.5772222222222222 0.5359375 0.16555555555555557 0.110625
4 0.4888888888888889 0.8509375 0.19555555555555557 0.129375
4 0.6683333333333333 0.691875 0.1411111111111111 0.1175
3 0.39444444444444443 0.3990625 0.21333333333333335 0.143125
3 0.67625 0.3611111111111111 0.1 0.21777777777777776
1 0.8684375 0.8005555555555556 0.173125 0.34555555555555556
4 0.53125 0.24333333333333335 0.12125 0.23333333333333334
1 0.3984375 0.6522222222222223 0.165625 0.3
4 0.223125 0.4905555555555556 0.12625 0.22777777777777777
2 0.88875 0.43777777777777777 0.2075 0.33555555555555555
0 0.61625 0.2338888888888889 0.17125 0.27666666666666667
4 0.3684375 0.765 0.183125 0.29
3 0.47 0.6688888888888889 0.13375 0.32666666666666666
4 0.8446875 0.24944444444444444 0.124375 0.21
4 0.7084375 0.7283333333333334 0.105625 0.2633333333333333
3 0.0646875 0.3561111111111111 0.081875 0.24333333333333335
