3 0.8215625 0.7305555555555555 0.091875 0.24333333333333335
2 0.5959375 0.5588888888888889 0.146875 0.27555555555555555
3 0.105625 0.285 0.17875 0.2877777777777778
4 0.7078125 0.7372222222222222 0.126875 0.2633333333333333
1 0.4303125 0.6072222222222222 0.154375 0.2411111111111111
1 0.563125 0.155 0.12875 0.2877777777777778
1 0.4411111111111111 0.5559375 0.2822222222222222 0.160625
4 0.6205555555555555 0.22625 0.21888888888888888 0.11125
3 0.5483333333333333 0.408125 0.28555555555555556 0.17
4 0.18055555555555555 0.6940625 0.1811111111111111 0.131875
4 0.7205555555555555 0.07 0.20777777777777778 0.10375
4 0.31833333333333336 0.58875 0.2011111111111111 0.115
4 0.7611111111111111 0.351875 0.2644444444444444 0.14375
1 0.59375 0.7066666666666667 0.15375 0.32666666666666666
4 0.716875 0.3283333333333333 0.14375 0.23666666666666666
3 0.435 0.8496875 0.23 0.149375
0 0.35888888888888887 0.68625 0.26666666666666666 0.12625
3 0.5155555555555555 0.2553125 0.20444444444444446 0.173125
2 0.7538888888888889 0.0896875 0.30333333333333334 0.144375
0 0.23666666666666666 0.5328125 0.2088888888888889 0.121875
0 0.0978125 0.31166666666666665 0.125625 0.25222222222222224
4 0.356875 0.6672222222222223 0.14625 0.29888888888888887
0 0.718125 0.21611111111111111 0.12125 0.22555555555555556
0 0.2396875 0.5772222222222222 0.160625 0.28555555555555556
1 0.4628125 0.39555555555555555 0.108125 0.25333333333333335
4 0.63125 0.7466666666666667 0.19625 0.2911111111111111
