2 0.8584375 0.5822222222222222 0.153125 0.2911111111111111
0 0.5946875 0.23055555555555557 0.129375 0.2788888888888889
2 0.12625 0.7777777777777778 0.1975 0.33555555555555555
4 0.3546875 0.41055555555555556 0.151875 0.29444444444444445
4 0.094375 0.1438888888888889 0.14 0.2833333333333333
0 0.860625 0.7944444444444444 0.175 0.3466666666666667
3 0.590625 0.57 0.135 0.3111111111111111
4 0.2740625 0.48333333333333334 0.153125 0.2644444444444444
4 0.0821875 0.3811111111111111 0.155625 0.31333333333333335
2 0.4703125 0.615 0.158125 0.27666666666666667
3 0.5361111111111111 0.1275 0.22555555555555556 0.1525
3 0.3333333333333333 0.84875 0.22 0.14625
2 0.66 0.7446875 0.28888888888888886 0.193125
0 0.18777777777777777 0.366875 0.30444444444444446 0.2
0 0.5577777777777778 0.8453125 0.27555555555555555 0.139375
3 0.21611111111111111 0.085 0.17 0.14375
2 0.39555555555555555 0.839375 0.22 0.12875
4 0.635 0.5596875 0.2588888888888889 0.146875
1 0.3184375 0.7811111111111111 0.149375 0.31777777777777777
4 0.513125 0.23833333333333334 0.175 0.2477777777777778
3 0.6640625 0.4538888888888889 0.113125 0.17222222222222222
0 0.1575 0.38333333333333336 0.19 0.28444444444444444
