1 0.4915625 0.4716666666666667 0.146875 0.21
3 0.83375 0.36666666666666664 0.10875 0.24444444444444444
0 0.144375 0.6616666666666666 0.17375 0.3477777777777778
4 0.6825 0.2788888888888889 0.1675 0.3111111111111111
4 0.283125 0.4077777777777778 0.13 0.24222222222222223
3 0.12625 0.6438888888888888 0.0975 0.2677777777777778
1 0.835625 0.7505555555555555 0.11 0.25666666666666665
0 0.415 0.4559375 0.13 0.119375
0 0.5916666666666667 0.2703125 0.23444444444444446 0.133125
1 0.6521875 0.6077777777777778 0.110625 0.24666666666666667
0 0.135 0.7777777777777778 0.19 0.32222222222222224
3 0.305 0.4905555555555556 0.15875 0.27666666666666667
1 0.82625 0.2011111111111111 0.0875 0.22444444444444445
1 0.47833333333333333 0.258125 0.15666666666666668 0.16375
0 0.6144444444444445 0.53625 0.2222222222222222 0.1075
0 0.34 0.4278125 0.2911111111111111 0.196875
4 0.20555555555555555 0.7115625 0.22666666666666666 0.151875
4 0.86125 0.5755555555555556 0.16 0.3422222222222222
3 0.25125 0.6261111111111111 0.16 0.21888888888888888
3 0.37125 0.7288888888888889 0.095 0.19777777777777777
1 0.720625 0.3566666666666667 0.18375 0.35333333333333333
4 0.615 0.57 0.14625 0.28
0 0.1153125 0.7266666666666667 0.118125 0.2311111111111111
4 0.8775 0.4111111111111111 0.185 0.3244444444444444
4 0.3671875 0.2127777777777778 0.136875 0.2877777777777778
