0 0.2921875 0.7544444444444445 0.141875 0.27555555555555555
1 0.1171875 0.6411111111111111 0.161875 0.29333333333333333
3 0.8715625 0.5477777777777778 0.188125 0.3488888888888889
1 0.65125 0.2477777777777778 0.11875 0.23333333333333334
2 0.4688888888888889 0.19125 0.21333333333333335 0.10625
4 0.6038888888888889 0.473125 0.3055555555555556 0.1575
0 0.35388888888888886 0.8659375 0.3388888888888889 0.175625
2 0.3877777777777778 0.3421875 0.2288888888888889 0.151875
4 0.6228125 0.36333333333333334 0.171875 0.30666666666666664
1 0.115 0.16555555555555557 0.14375 0.29777777777777775
4 0.85 0.5116666666666667 0.1325 0.21444444444444444
0 0.616875 0.3188888888888889 0.19 0.31333333333333335
0 0.455625 0.20777777777777778 0.12625 0.2644444444444444
0 0.8571875 0.6461111111111111 0.151875 0.27444444444444444
4 0.3384375 0.48944444444444446 0.150625 0.30777777777777776
4 0.1996875 0.5327777777777778 0.131875 0.22111111111111112
1 0.4622222222222222 0.1396875 0.24222222222222223 0.154375
1 0.376875 0.5155555555555555 0.09 0.24444444444444444
1 0.5646875 0.4011111111111111 0.166875 0.2222222222222222
4 0.23125 0.7027777777777777 0.0975 0.20777777777777778
0 0.849375 0.32222222222222224 0.13875 0.2688888888888889
3 0.873125 0.3338888888888889 0.1925 0.19
4 0.6040625 0.1688888888888889 0.169375 0.24222222222222223
2 0.355625 0.7805555555555556 0.18625 0.31444444444444447
