2 0.1565625 0.7783333333333333 0.164375 0.2966666666666667
4 0.503125 0.6611111111111111 0.1575 0.31555555555555553
4 0.319375 0.3522222222222222 0.14 0.20444444444444446
3 0.6534375 0.5005555555555555 0.108125 0.2477777777777778
2 0.8284375 0.23944444444444443 0.108125 0.23222222222222222
1 0.4583333333333333 0.6478125 0.19 0.114375
4 0.2588888888888889 0.8709375 0.31777777777777777 0.179375
4 0.7311111111111112 0.4634375 0.2088888888888889 0.125625
4 0.5733333333333334 0.6103125 0.24222222222222223 0.146875
4 0.77 0.375625 0.3 0.175
0 0.5921875 0.7822222222222223 0.138125 0.31333333333333335
1 0.1065625 0.42333333333333334 0.175625 0.26666666666666666
4 0.7484375 0.5161111111111111 0.176875 0.2966666666666667
4 0.2128125 0.6233333333333333 0.109375 0.17333333333333334
1 0.4790625 0.3333333333333333 0.139375 0.2688888888888889
