1 0.32944444444444443 0.831875 0.21222222222222223 0.10125
2 0.7411111111111112 0.33625 0.22444444444444445 0.1275
1 0.22611111111111112 0.4575 0.20777777777777778 0.11625
2 0.1988888888888889 0.239375 0.35555555555555557 0.18875
4 0.408125 0.44666666666666666 0.14875 0.28444444444444444
4 0.249375 0.5411111111111111 0.12625 0.2777777777777778
4 0.8484375 0.7338888888888889 0.145625 0.2722222222222222
1 0.26166666666666666 0.4890625 0.17 0.126875
1 0.7333333333333333 0.3278125 0.2733333333333333 0.153125
3 0.4072222222222222 0.1453125 0.1811111111111111 0.135625
1 0.620625 0.5616666666666666 0.1625 0.32555555555555554
4 0.343125 0.3088888888888889 0.10875 0.21777777777777776
1 0.5727777777777778 0.630625 0.31222222222222223 0.1825
1 0.655 0.5816666666666667 0.11875 0.20333333333333334
4 0.11125 0.1688888888888889 0.12625 0.2311111111111111
4 0.2875 0.7311111111111112 0.11375 0.21555555555555556
2 0.480625 0.3233333333333333 0.135 0.25555555555555554
4 0.6825 0.6327777777777778 0.09875 0.27
4 0.5403125 0.7255555555555555 0.120625 0.26
3 0.21625 0.42055555555555557 0.08375 0.23222222222222222
3 0.07875 0.5188888888888888 0.11375 0.23555555555555555
