3 0.8453125 0.725 0.108125 0.23222222222222222
3 0.0934375 0.6816666666666666 0.158125 0.3411111111111111
2 0.5625 0.4577777777777778 0.165 0.2822222222222222
3 0.4125 0.5483333333333333 0.175 0.2677777777777778
2 0.3840625 0.33055555555555555 0.189375 0.2477777777777778
1 0.609375 0.22722222222222221 0.1425 0.2411111111111111
0 0.101875 0.51 0.1225 0.2088888888888889
4 0.4778125 0.6244444444444445 0.128125 0.23777777777777778
4 0.2196875 0.07555555555555556 0.109375 0.13555555555555557
0 0.6325 0.5905555555555555 0.16125 0.28555555555555556
4 0.3796875 0.47555555555555556 0.129375 0.23333333333333334
1 0.2475 0.7355555555555555 0.1025 0.2222222222222222
4 0.6475 0.5472222222222223 0.115 0.18555555555555556
3 0.0978125 0.7544444444444445 0.159375 0.3
3 0.289375 0.12666666666666668 0.16125 0.24444444444444444
1 0.5177777777777778 0.1246875 0.23777777777777778 0.161875
4 0.37166666666666665 0.5571875 0.16555555555555557 0.134375
0 0.6527777777777778 0.87375 0.2877777777777778 0.1725
1 0.2922222222222222 0.404375 0.22666666666666666 0.12625
0 0.6159375 0.18555555555555556 0.156875 0.2
2 0.6415625 0.3055555555555556 0.095625 0.21555555555555556
0 0.8546875 0.64 0.159375 0.3111111111111111
