0 0.3153125 0.19333333333333333 0.143125 0.2688888888888889
4 0.66375 0.5783333333333334 0.13125 0.20333333333333334
0 0.480625 0.31055555555555553 0.11875 0.22555555555555556
3 0.4021875 0.4633333333333333 0.166875 0.3511111111111111
3 0.5271875 0.3005555555555556 0.110625 0.23
2 0.7184375 0.24722222222222223 0.185625 0.3277777777777778
1 0.08125 0.6527777777777778 0.13875 0.3188888888888889
2 0.8440625 0.5383333333333333 0.129375 0.29444444444444445
0 0.4790625 0.3888888888888889 0.131875 0.2911111111111111
1 0.1071875 0.7077777777777777 0.106875 0.2222222222222222
1 0.7194444444444444 0.71375 0.21444444444444444 0.1475
1 0.17 0.2465625 0.20666666666666667 0.109375
3 0.4311111111111111 0.4128125 0.29333333333333333 0.143125
3 0.535 0.595 0.09375 0.21
4 0.830625 0.49333333333333335 0.0925 0.2222222222222222
4 0.6978125 0.28444444444444444 0.123125 0.23555555555555555
0 0.1203125 0.77 0.150625 0.34444444444444444
0 0.25333333333333335 0.854375 0.24444444444444444 0.15125
2 0.6127777777777778 0.601875 0.31 0.1475
3 0.42833333333333334 0.100625 0.2677777777777778 0.1475
0 0.0615625 0.4988888888888889 0.120625 0.24
3 0.5309375 0.17222222222222222 0.133125 0.24
