4 0.5233333333333333 0.33125 0.20222222222222222 0.1325
4 0.7488888888888889 0.60375 0.2911111111111111 0.16
0 0.15444444444444444 0.841875 0.18444444444444444 0.11875
3 0.8271875 0.7427777777777778 0.104375 0.2588888888888889
0 0.616875 0.7405555555555555 0.1575 0.28555555555555556
0 0.84125 0.3888888888888889 0.13375 0.21333333333333335
0 0.5603125 0.4622222222222222 0.148125 0.29555555555555557
3 0.119375 0.5177777777777778 0.1225 0.20444444444444446
0 0.8478125 0.6533333333333333 0.150625 0.2733333333333333
3 0.4075 0.3372222222222222 0.1275 0.2477777777777778
3 0.29625 0.7494444444444445 0.19125 0.2611111111111111
4 0.6959375 0.10666666666666667 0.121875 0.21333333333333335
0 0.8434375 0.4866666666666667 0.121875 0.23777777777777778
3 0.564375 0.355 0.15375 0.21888888888888888
0 0.4925 0.35055555555555556 0.18 0.26555555555555554
3 0.838125 0.6527777777777778 0.11375 0.24333333333333335
2 0.5984375 0.2833333333333333 0.139375 0.2866666666666667
3 0.096875 0.5572222222222222 0.085 0.25222222222222224
3 0.61125 0.7772222222222223 0.14875 0.29444444444444445
1 0.3615625 0.3516666666666667 0.131875 0.23666666666666666
