2 0.325 0.3534375 0.22777777777777777 0.129375
3 0.5377777777777778 0.8525 0.16666666666666666 0.145
1 0.21666666666666667 0.22 0.17333333333333334 0.10875
1 0.6355555555555555 0.0896875 0.2 0.093125
3 0.4711111111111111 0.601875 0.19555555555555557 0.135
2 0.67 0.354375 0.29777777777777775 0.1425
2 0.49944444444444447 0.1296875 0.28555555555555556 0.191875
4 0.37666666666666665 0.8478125 0.20444444444444446 0.130625
4 0.5977777777777777 0.2384375 0.31777777777777777 0.160625
0 0.6890625 0.7722222222222223 0.159375 0.31777777777777777
4 0.4846875 0.1622222222222222 0.104375 0.2288888888888889
1 0.2565625 0.745 0.086875 0.25222222222222224
1 0.54625 0.6144444444444445 0.095 0.2222222222222222
3 0.8440625 0.5372222222222223 0.118125 0.2966666666666667
1 0.2725 0.21666666666666667 0.13125 0.1711111111111111
4 0.71875 0.7622222222222222 0.165 0.29333333333333333
2 0.555625 0.49722222222222223 0.125 0.2477777777777778
3 0.8359375 0.6066666666666667 0.111875 0.22444444444444445
1 0.2771875 0.6955555555555556 0.086875 0.17333333333333334
0 0.108125 0.7444444444444445 0.14 0.24222222222222223
