3 0.678125 0.3688888888888889 0.14875 0.2822222222222222
2 0.486875 0.7405555555555555 0.11625 0.22555555555555556
0 0.870625 0.40055555555555555 0.1625 0.2877777777777778
2 0.355625 0.1922222222222222 0.1575 0.22444444444444445
4 0.6021875 0.7466666666666667 0.138125 0.27111111111111114
4 0.6975 0.39055555555555554 0.14625 0.19444444444444445
1 0.086875 0.3522222222222222 0.17125 0.32666666666666666
4 0.389375 0.6294444444444445 0.15375 0.2544444444444444
4 0.5359375 0.22833333333333333 0.134375 0.2877777777777778
1 0.205625 0.7222222222222222 0.0975 0.2288888888888889
1 0.845 0.3288888888888889 0.12875 0.28
2 0.6459375 0.7011111111111111 0.104375 0.2088888888888889
0 0.109375 0.5944444444444444 0.1525 0.2688888888888889
0 0.6422222222222222 0.6871875 0.3333333333333333 0.188125
4 0.19444444444444445 0.2790625 0.2777777777777778 0.129375
3 0.46055555555555555 0.4909375 0.25 0.174375
1 0.7 0.6490625 0.19111111111111112 0.124375
0 0.17888888888888888 0.8396875 0.2111111111111111 0.115625
