2 0.7278125 0.26722222222222225 0.140625 0.26555555555555554
1 0.3646875 0.5327777777777778 0.150625 0.2411111111111111
1 0.224375 0.34444444444444444 0.11625 0.23555555555555555
3 0.0946875 0.6022222222222222 0.101875 0.19555555555555557
1 0.49625 0.14 0.1425 0.2222222222222222
4 0.3071875 0.5605555555555556 0.115625 0.19666666666666666
4 0.8428125 0.31555555555555553 0.131875 0.28444444444444444
1 0.5627777777777778 0.2546875 0.23222222222222222 0.178125
3 0.6583333333333333 0.1040625 0.25 0.119375
1 0.215 0.38875 0.2611111111111111 0.16
4 0.7055555555555556 0.8684375 0.19111111111111112 0.168125
3 0.55 0.6215625 0.2311111111111111 0.150625
3 0.3228125 0.23055555555555557 0.078125 0.22555555555555556
4 0.8590625 0.4761111111111111 0.138125 0.22777777777777777
2 0.611875 0.40444444444444444 0.15 0.24888888888888888
4 0.10125 0.7488888888888889 0.14125 0.28444444444444444
4 0.5928125 0.185 0.099375 0.21222222222222223
0 0.10375 0.5627777777777778 0.10125 0.26555555555555554
3 0.3815625 0.4111111111111111 0.166875 0.31333333333333335
2 0.5716666666666667 0.4921875 0.22111111111111112 0.136875
0 0.45944444444444443 0.13375 0.29 0.15375
0 0.14166666666666666 0.676875 0.2411111111111111 0.13875
