3 0.3846875 0.18833333333333332 0.179375 0.19666666666666666
4 0.115625 0.7294444444444445 0.12375 0.23222222222222222
2 0.5940625 0.7711111111111111 0.128125 0.2911111111111111
2 0.0946875 0.3327777777777778 0.134375 0.22333333333333333
4 0.7171875 0.5177777777777778 0.123125 0.2688888888888889
0 0.4825 0.31277777777777777 0.15625 0.3433333333333333
0 0.6211111111111111 0.2628125 0.2222222222222222 0.126875
3 0.7105555555555556 0.699375 0.21222222222222223 0.13125
0 0.375 0.8709375 0.2966666666666667 0.184375
2 0.221875 0.3883333333333333 0.135 0.2788888888888889
4 0.73 0.485 0.16125 0.2877777777777778
2 0.473125 0.6344444444444445 0.1425 0.21777777777777776
2 0.874375 0.22777777777777777 0.2025 0.3244444444444444
4 0.083125 0.7411111111111112 0.105 0.24666666666666667
0 0.600625 0.585 0.15 0.30333333333333334
3 0.5303125 0.53 0.095625 0.23555555555555555
1 0.6859375 0.2288888888888889 0.116875 0.18222222222222223
4 0.25375 0.6183333333333333 0.12375 0.23
4 0.4065625 0.31277777777777777 0.139375 0.16777777777777778
4 0.1278125 0.6933333333333334 0.109375 0.19555555555555557
1 0.3559375 0.3472222222222222 0.111875 0.21444444444444444
