0 0.3115625 0.46944444444444444 0.123125 0.22111111111111112
0 0.67875 0.3327777777777778 0.1375 0.1988888888888889
2 0.52125 0.6433333333333333 0.1825 0.31777777777777777
0 0.1359375 0.225 0.131875 0.23444444444444446
4 0.378125 0.41833333333333333 0.13125 0.2611111111111111
0 0.616875 0.245 0.13125 0.2388888888888889
0 0.2540625 0.6605555555555556 0.121875 0.2588888888888889
0 0.68625 0.5022222222222222 0.16 0.33111111111111113
0 0.493125 0.7016666666666667 0.1325 0.17
3 0.0671875 0.24055555555555555 0.119375 0.2722222222222222
0 0.3525 0.4088888888888889 0.1675 0.2822222222222222
3 0.865625 0.5672222222222222 0.1475 0.2722222222222222
4 0.16166666666666665 0.844375 0.21222222222222223 0.13
0 0.6438888888888888 0.739375 0.24555555555555555 0.15625
2 0.7105555555555556 0.281875 0.1922222222222222 0.1825
4 0.3333333333333333 0.606875 0.18444444444444444 0.12625
2 0.1340625 0.78 0.148125 0.32222222222222224
1 0.3915625 0.49833333333333335 0.078125 0.2544444444444444
1 0.8575 0.15944444444444444 0.1325 0.3188888888888889
1 0.70875 0.24 0.1275 0.23333333333333334
1 0.2921875 0.6611111111111111 0.171875 0.3333333333333333
4 0.7266666666666667 0.3403125 0.21333333333333335 0.124375
