4 0.6066666666666667 0.88 0.29555555555555557 0.17875
4 0.31555555555555553 0.4675 0.29333333333333333 0.13625
4 0.0903125 0.26944444444444443 0.179375 0.29444444444444445
3 0.835625 0.44722222222222224 0.095 0.15444444444444444
3 0.711875 0.5877777777777777 0.11 0.27111111111111114
0 0.4553125 0.31166666666666665 0.121875 0.21444444444444444
4 0.19625 0.4072222222222222 0.12875 0.2411111111111111
2 0.2603125 0.6688888888888889 0.160625 0.32
2 0.366875 0.34833333333333333 0.12875 0.2588888888888889
4 0.13625 0.5711111111111111 0.15625 0.31777777777777777
4 0.35 0.15722222222222224 0.1575 0.2722222222222222
4 0.8521875 0.33166666666666667 0.133125 0.23222222222222222
1 0.745625 0.6388888888888888 0.1775 0.26222222222222225
0 0.096875 0.7505555555555555 0.165 0.29
3 0.58125 0.21 0.10625 0.18444444444444444
4 0.85375 0.5216666666666666 0.13625 0.27666666666666667
3 0.3975 0.15722222222222224 0.12125 0.24333333333333335
4 0.2671875 0.2911111111111111 0.159375 0.28
4 0.6971875 0.37277777777777776 0.123125 0.21222222222222223
3 0.54375 0.7705555555555555 0.115 0.31
1 0.0990625 0.16555555555555557 0.170625 0.27111111111111114
0 0.35375 0.5805555555555556 0.16375 0.3011111111111111
0 0.8878125 0.3811111111111111 0.196875 0.3022222222222222
1 0.5925 0.7511111111111111 0.12375 0.24222222222222223
4 0.72 0.8678125 0.23777777777777778 0.159375
1 0.2111111111111111 0.60875 0.2222222222222222 0.135
2 0.37222222222222223 0.36625 0.2111111111111111 0.1425
