0 0.7315625 0.48055555555555557 0.141875 0.2677777777777778
0 0.3565625 0.59 0.163125 0.3022222222222222
3 0.2278125 0.30944444444444447 0.163125 0.2922222222222222
4 0.0953125 0.38555555555555554 0.154375 0.26
0 0.843125 0.6427777777777778 0.1075 0.22555555555555556
1 0.4528125 0.18888888888888888 0.098125 0.23333333333333334
0 0.8778125 0.6966666666666667 0.183125 0.31777777777777777
0 0.25625 0.6277777777777778 0.19375 0.34444444444444444
4 0.339375 0.7305555555555555 0.10875 0.22111111111111112
4 0.721875 0.4722222222222222 0.1225 0.19777777777777777
4 0.0765625 0.31444444444444447 0.084375 0.2111111111111111
1 0.1465625 0.3138888888888889 0.169375 0.24555555555555555
3 0.72125 0.6805555555555556 0.11875 0.1322222222222222
4 0.635 0.27 0.18625 0.32666666666666666
3 0.27125 0.6927777777777778 0.17875 0.3277777777777778
1 0.3703125 0.4816666666666667 0.136875 0.24333333333333335
4 0.8634375 0.4122222222222222 0.161875 0.2733333333333333
2 0.24375 0.5583333333333333 0.165 0.3011111111111111
4 0.3628125 0.1638888888888889 0.091875 0.17888888888888888
0 0.695 0.7605555555555555 0.13375 0.2611111111111111
0 0.8725 0.31666666666666665 0.1775 0.26222222222222225
0 0.53625 0.41444444444444445 0.1275 0.23555555555555555
4 0.5490625 0.4038888888888889 0.149375 0.26555555555555554
4 0.235625 0.7616666666666667 0.135 0.3233333333333333
0 0.8575 0.6188888888888889 0.1525 0.2577777777777778
4 0.0728125 0.15444444444444444 0.115625 0.20222222222222222
4 0.384375 0.2388888888888889 0.12625 0.15333333333333332
4 0.7084375 0.5433333333333333 0.161875 0.3244444444444444
3 0.8259375 0.2688888888888889 0.085625 0.24888888888888888
4 0.4709375 0.4305555555555556 0.119375 0.1988888888888889
4 0.759375 0.5944444444444444 0.20125 0.34
1 0.1265625 0.3622222222222222 0.174375 0.24888888888888888
0 0.23375 0.6483333333333333 0.14125 0.2611111111111111
0 0.5896875 0.5383333333333333 0.139375 0.1811111111111111
4 0.8490625 0.7738888888888888 0.149375 0.29888888888888887
3 0.3471875 0.4127777777777778 0.163125 0.2833333333333333
3 0.084375 0.1988888888888889 0.14625 0.2088888888888889
