2 0.126875 0.40555555555555556 0.1225 0.21333333333333335
3 0.5653125 0.3411111111111111 0.136875 0.29555555555555557
3 0.2940625 0.5738888888888889 0.169375 0.3388888888888889
4 0.421875 0.6366666666666667 0.1375 0.25333333333333335
4 0.71 0.7588888888888888 0.13875 0.28444444444444444
0 0.2240625 0.32 0.129375 0.2311111111111111
0 0.7334375 0.5638888888888889 0.153125 0.32555555555555554
1 0.0990625 0.11166666666666666 0.128125 0.20777777777777778
0 0.8615625 0.4661111111111111 0.159375 0.3277777777777778
0 0.5646875 0.6888888888888889 0.064375 0.18222222222222223
1 0.4665625 0.21611111111111111 0.116875 0.22111111111111112
2 0.338125 0.6172222222222222 0.10875 0.23666666666666666
4 0.36444444444444446 0.4940625 0.2644444444444444 0.174375
4 0.6355555555555555 0.2184375 0.24 0.121875
0 0.46944444444444444 0.1178125 0.28555555555555556 0.169375
2 0.28555555555555556 0.719375 0.29555555555555557 0.12625
4 0.6444444444444445 0.615625 0.21333333333333335 0.1575
0 0.5916666666666667 0.73625 0.27666666666666667 0.1625
1 0.23444444444444446 0.3753125 0.23555555555555555 0.149375
0 0.4022222222222222 0.56875 0.25555555555555554 0.1425
4 0.7177777777777777 0.706875 0.2111111111111111 0.13625
0 0.5227777777777778 0.8728125 0.2722222222222222 0.184375
2 0.30777777777777776 0.30625 0.2911111111111111 0.18375
1 0.20166666666666666 0.4453125 0.30333333333333334 0.179375
4 0.4353125 0.6577777777777778 0.164375 0.3288888888888889
1 0.6915625 0.4811111111111111 0.118125 0.2088888888888889
0 0.5540625 0.15388888888888888 0.121875 0.2544444444444444
4 0.8446875 0.7344444444444445 0.144375 0.24888888888888888
0 0.33125 0.7672222222222222 0.165 0.2788888888888889
2 0.8796875 0.5022222222222222 0.178125 0.33111111111111113
4 0.68 0.6116666666666667 0.14 0.2588888888888889
3 0.12375 0.18333333333333332 0.11125 0.2733333333333333
