3 0.6961111111111111 0.145625 0.18555555555555556 0.155
0 0.17222222222222222 0.854375 0.24666666666666667 0.1425
0 0.85875 0.3883333333333333 0.14375 0.25666666666666665
4 0.248125 0.17444444444444446 0.1625 0.28
0 0.0746875 0.5138888888888888 0.125625 0.2833333333333333
0 0.7071875 0.6377777777777778 0.150625 0.30444444444444446
0 0.38875 0.27 0.13375 0.24666666666666667
4 0.22625 0.37166666666666665 0.1275 0.27666666666666667
1 0.065625 0.24333333333333335 0.11125 0.20444444444444446
4 0.7090625 0.4288888888888889 0.178125 0.20666666666666667
4 0.7155555555555555 0.59 0.19111111111111112 0.1225
4 0.56625 0.5861111111111111 0.17 0.32555555555555554
4 0.270625 0.7811111111111111 0.16875 0.32
4 0.7194444444444444 0.1353125 0.18555555555555556 0.138125
0 0.12444444444444444 0.368125 0.15333333333333332 0.12125
3 0.5205555555555555 0.8575 0.17444444444444446 0.13375
1 0.866875 0.6055555555555555 0.15625 0.26222222222222225
