2 0.350625 0.39222222222222225 0.1325 0.24
1 0.6140625 0.2588888888888889 0.160625 0.31333333333333335
1 0.070625 0.7083333333333334 0.07125 0.19
2 0.4259375 0.32611111111111113 0.129375 0.23444444444444446
4 0.8678125 0.46944444444444444 0.151875 0.3277777777777778
4 0.580625 0.7444444444444445 0.15125 0.29777777777777775
4 0.278125 0.6261111111111111 0.12 0.2544444444444444
0 0.724375 0.5516666666666666 0.1525 0.29888888888888887
2 0.1565625 0.26666666666666666 0.163125 0.30666666666666664
3 0.70875 0.7422222222222222 0.16 0.24888888888888888
3 0.39375 0.4033333333333333 0.1325 0.27555555555555555
0 0.5371875 0.49166666666666664 0.118125 0.21666666666666667
3 0.8571875 0.5488888888888889 0.136875 0.24444444444444444
4 0.6246875 0.7333333333333333 0.148125 0.26222222222222225
2 0.40375 0.22666666666666666 0.1825 0.3
3 0.1903125 0.3488888888888889 0.109375 0.2777777777777778
4 0.585625 0.4 0.13125 0.21333333333333335
2 0.8678125 0.7961111111111111 0.181875 0.3411111111111111
1 0.3346875 0.6927777777777778 0.141875 0.3011111111111111
3 0.0675 0.24166666666666667 0.12 0.22777777777777777
4 0.6311111111111111 0.3328125 0.24666666666666667 0.135625
0 0.5516666666666666 0.61125 0.2611111111111111 0.17
4 0.3883333333333333 0.089375 0.2811111111111111 0.17125
0 0.22555555555555556 0.8828125 0.3022222222222222 0.190625
0 0.0959375 0.4905555555555556 0.124375 0.23444444444444446
4 0.4665625 0.73 0.119375 0.20666666666666667
1 0.7403125 0.4288888888888889 0.169375 0.28
1 0.348125 0.27166666666666667 0.13125 0.30333333333333334
3 0.6040625 0.585 0.145625 0.2544444444444444
