4 0.06875 0.14944444444444444 0.11375 0.2833333333333333
2 0.343125 0.7527777777777778 0.15125 0.2877777777777778
4 0.11888888888888889 0.475 0.17777777777777778 0.1275
1 0.30944444444444447 0.3140625 0.27 0.174375
4 0.7511111111111111 0.874375 0.28444444444444444 0.1875
3 0.4266666666666667 0.1125 0.21555555555555556 0.14
1 0.6853125 0.33666666666666667 0.104375 0.2577777777777778
1 0.265 0.44722222222222224 0.12125 0.2811111111111111
4 0.429375 0.6033333333333334 0.16375 0.2
0 0.704375 0.7433333333333333 0.13875 0.23333333333333334
1 0.8484375 0.5355555555555556 0.144375 0.24222222222222223
3 0.421875 0.41333333333333333 0.13625 0.2111111111111111
0 0.5846875 0.36333333333333334 0.180625 0.32222222222222224
3 0.2953125 0.23555555555555555 0.143125 0.2777777777777778
2 0.4875 0.3705555555555556 0.155 0.2966666666666667
4 0.09625 0.46055555555555555 0.11625 0.22555555555555556
4 0.6859375 0.14166666666666666 0.110625 0.2722222222222222
2 0.064375 0.36 0.1075 0.22666666666666666
0 0.2446875 0.54 0.158125 0.3466666666666667
3 0.8628125 0.6055555555555555 0.153125 0.23555555555555555
0 0.5403125 0.2511111111111111 0.129375 0.2511111111111111
3 0.36625 0.7066666666666667 0.09125 0.19555555555555557
4 0.27666666666666667 0.8721875 0.2822222222222222 0.178125
4 0.4888888888888889 0.091875 0.13555555555555557 0.135
1 0.4688888888888889 0.2503125 0.2866666666666667 0.149375
1 0.38055555555555554 0.409375 0.3011111111111111 0.16375
