0 0.1384375 0.31055555555555553 0.135625 0.23666666666666666
0 0.4859375 0.5894444444444444 0.115625 0.24333333333333335
4 0.32375 0.4761111111111111 0.14875 0.2922222222222222
3 0.17666666666666667 0.869375 0.2733333333333333 0.16375
1 0.28555555555555556 0.651875 0.20444444444444446 0.12
0 0.6083333333333333 0.09 0.2722222222222222 0.16875
1 0.3396875 0.7983333333333333 0.173125 0.3388888888888889
3 0.13375 0.23222222222222222 0.1175 0.21777777777777776
2 0.5178125 0.515 0.171875 0.2788888888888889
1 0.6971875 0.6316666666666667 0.173125 0.2588888888888889
4 0.6515625 0.19777777777777777 0.110625 0.22
4 0.848125 0.5011111111111111 0.14875 0.3111111111111111
4 0.4840625 0.5961111111111111 0.130625 0.24333333333333335
0 0.25625 0.31555555555555553 0.1175 0.24666666666666667
3 0.690625 0.20666666666666667 0.10625 0.23777777777777778
2 0.57125 0.665 0.16125 0.31444444444444447
3 0.670625 0.3233333333333333 0.14625 0.3111111111111111
0 0.843125 0.13944444444444445 0.135 0.23666666666666666
3 0.2984375 0.7161111111111111 0.111875 0.21444444444444444
0 0.135 0.42277777777777775 0.14 0.21666666666666667
2 0.4984375 0.61 0.156875 0.29777777777777775
1 0.44 0.119375 0.24888888888888888 0.14375
1 0.6605555555555556 0.698125 0.3011111111111111 0.11625
1 0.5527777777777778 0.574375 0.2788888888888889 0.165
