0 0.609375 0.7444444444444445 0.14625 0.28
2 0.8565625 0.3088888888888889 0.166875 0.28888888888888886
1 0.1015625 0.5988888888888889 0.189375 0.3488888888888889
4 0.198125 0.1811111111111111 0.1275 0.20666666666666667
3 0.3246875 0.445 0.125625 0.21444444444444444
4 0.455625 0.6361111111111111 0.13125 0.25
2 0.3734375 0.575 0.161875 0.30333333333333334
4 0.8396875 0.185 0.121875 0.3233333333333333
2 0.131875 0.35055555555555556 0.16375 0.2544444444444444
3 0.454375 0.32555555555555554 0.10625 0.22666666666666666
2 0.075 0.4438888888888889 0.11125 0.2677777777777778
1 0.725 0.14944444444444444 0.1375 0.26555555555555554
0 0.2328125 0.5816666666666667 0.173125 0.3477777777777778
3 0.339375 0.6788888888888889 0.13125 0.14888888888888888
0 0.5828125 0.6194444444444445 0.108125 0.22777777777777777
3 0.606875 0.2311111111111111 0.13625 0.18222222222222223
4 0.1271875 0.7316666666666667 0.131875 0.23444444444444446
4 0.261875 0.6833333333333333 0.1625 0.3288888888888889
3 0.4875 0.3988888888888889 0.13625 0.3288888888888889
3 0.7140625 0.4688888888888889 0.111875 0.2777777777777778
4 0.37125 0.5633333333333334 0.1425 0.2777777777777778
0 0.3140625 0.5783333333333334 0.146875 0.23666666666666666
3 0.6578125 0.7094444444444444 0.121875 0.21888888888888888
2 0.4990625 0.3194444444444444 0.160625 0.27666666666666667
1 0.314375 0.5361111111111111 0.0975 0.21444444444444444
0 0.5953125 0.4027777777777778 0.150625 0.3011111111111111
1 0.8446875 0.20722222222222222 0.140625 0.2633333333333333
0 0.070625 0.7272222222222222 0.1175 0.2411111111111111
