4 0.5538888888888889 0.5621875 0.2633333333333333 0.160625
1 0.35833333333333334 0.8790625 0.2788888888888889 0.199375
2 0.4672222222222222 0.25625 0.29444444444444445 0.14375
4 0.22777777777777777 0.10875 0.22 0.145
4 0.7561111111111111 0.71875 0.2611111111111111 0.17625
0 0.6634375 0.4766666666666667 0.140625 0.2644444444444444
3 0.0921875 0.35555555555555557 0.121875 0.27555555555555555
4 0.2840625 0.22777777777777777 0.131875 0.27111111111111114
3 0.6228125 0.2577777777777778 0.143125 0.23333333333333334
4 0.165625 0.7583333333333333 0.17875 0.31444444444444447
3 0.4928125 0.3016666666666667 0.120625 0.13666666666666666
0 0.7259375 0.165 0.111875 0.23
4 0.86625 0.4683333333333333 0.155 0.28555555555555556
0 0.2571875 0.5616666666666666 0.124375 0.29
1 0.6965625 0.31833333333333336 0.185625 0.25666666666666665
3 0.243125 0.5138888888888888 0.10375 0.25
4 0.4075 0.15222222222222223 0.13875 0.2222222222222222
3 0.711875 0.7283333333333334 0.16 0.21444444444444444
4 0.8425 0.40166666666666667 0.1275 0.2588888888888889
1 0.274375 0.4083333333333333 0.11625 0.2411111111111111
0 0.1453125 0.6266666666666667 0.141875 0.24
1 0.578125 0.3288888888888889 0.155 0.3
1 0.41625 0.19166666666666668 0.11625 0.24333333333333335
4 0.8453125 0.7255555555555555 0.120625 0.21777777777777776
2 0.50125 0.4272222222222222 0.16 0.33444444444444443
