0 0.3803125 0.5155555555555555 0.158125 0.3088888888888889
1 0.4865625 0.2561111111111111 0.134375 0.2677777777777778
3 0.7284375 0.7688888888888888 0.145625 0.33555555555555555
0 0.2525 0.3283333333333333 0.13875 0.2544444444444444
0 0.8521875 0.6077777777777778 0.156875 0.3333333333333333
3 0.3111111111111111 0.3803125 0.1511111111111111 0.150625
0 0.18444444444444444 0.7575 0.28888888888888886 0.18125
1 0.6266666666666667 0.8659375 0.19333333333333333 0.155625
4 0.5683333333333334 0.625 0.2722222222222222 0.1575
1 0.26611111111111113 0.255 0.25666666666666665 0.14125
4 0.3655555555555556 0.09 0.2111111111111111 0.13625
3 0.16722222222222222 0.8559375 0.2722222222222222 0.138125
4 0.6116666666666667 0.55625 0.24333333333333335 0.15125
4 0.22166666666666668 0.2353125 0.15222222222222223 0.121875
2 0.8525 0.2922222222222222 0.1425 0.25333333333333335
2 0.7196875 0.635 0.181875 0.26555555555555554
2 0.55375 0.21055555555555555 0.155 0.31444444444444447
4 0.235625 0.39222222222222225 0.12875 0.2288888888888889
3 0.0671875 0.5188888888888888 0.096875 0.2577777777777778
4 0.11055555555555556 0.343125 0.21666666666666667 0.15625
2 0.29888888888888887 0.591875 0.18222222222222223 0.13
3 0.689375 0.5094444444444445 0.11 0.22333333333333333
3 0.1296875 0.6494444444444445 0.160625 0.28555555555555556
4 0.410625 0.42055555555555557 0.1375 0.2633333333333333
4 0.846875 0.7427777777777778 0.1325 0.25222222222222224
4 0.540625 0.17666666666666667 0.105 0.2111111111111111
0 0.7134375 0.6433333333333333 0.168125 0.29777777777777775
4 0.234375 0.7027777777777777 0.11 0.21
3 0.089375 0.53 0.11875 0.2777777777777778
