0 0.34444444444444444 0.611875 0.26666666666666666 0.14625
4 0.12611111111111112 0.73875 0.22555555555555556 0.16625
0 0.4177777777777778 0.47 0.21555555555555556 0.095
4 0.225 0.2509375 0.22555555555555556 0.124375
4 0.5638888888888889 0.85625 0.31 0.1675
1 0.5766666666666667 0.36125 0.13777777777777778 0.11125
4 0.34625 0.5038888888888889 0.135 0.21444444444444444
0 0.84375 0.11611111111111111 0.14 0.23
4 0.8525 0.37222222222222223 0.15875 0.30444444444444446
2 0.2353125 0.17888888888888888 0.149375 0.29555555555555557
0 0.475625 0.6216666666666667 0.14 0.23444444444444446
3 0.611875 0.46555555555555556 0.12125 0.20222222222222222
1 0.741875 0.7383333333333333 0.145 0.25666666666666665
2 0.715 0.604375 0.22555555555555556 0.13125
0 0.15166666666666667 0.1403125 0.18777777777777777 0.151875
1 0.12125 0.7566666666666667 0.1825 0.29333333333333333
0 0.85125 0.41 0.1425 0.27111111111111114
2 0.484375 0.25722222222222224 0.15875 0.29888888888888887
1 0.7425 0.5766666666666667 0.175 0.2688888888888889
4 0.586875 0.16111111111111112 0.1225 0.3111111111111111
0 0.0815625 0.5388888888888889 0.126875 0.26666666666666666
