3 0.2115625 0.6294444444444445 0.141875 0.21666666666666667
0 0.335 0.47055555555555556 0.1325 0.23
4 0.590625 0.7216666666666667 0.13125 0.23444444444444446
1 0.0590625 0.37333333333333335 0.091875 0.20222222222222222
0 0.843125 0.5511111111111111 0.12375 0.22666666666666666
3 0.4390625 0.305 0.084375 0.23222222222222222
1 0.7203125 0.24055555555555555 0.134375 0.2677777777777778
2 0.3659375 0.7633333333333333 0.188125 0.29333333333333333
3 0.579375 0.33166666666666667 0.10625 0.2011111111111111
3 0.838125 0.5688888888888889 0.115 0.2911111111111111
2 0.3909375 0.3983333333333333 0.138125 0.26555555555555554
0 0.873125 0.15888888888888889 0.1825 0.26666666666666666
1 0.23 0.23055555555555557 0.1225 0.17
2 0.1075 0.79 0.18375 0.32666666666666666
4 0.4721875 0.7361111111111112 0.103125 0.22111111111111112
3 0.8434375 0.5788888888888889 0.116875 0.17333333333333334
4 0.12375 0.2827777777777778 0.145 0.3211111111111111
1 0.690625 0.7638888888888888 0.18125 0.33
3 0.5255555555555556 0.1471875 0.20666666666666667 0.139375
0 0.7666666666666667 0.88125 0.29555555555555557 0.1975
4 0.10666666666666667 0.6021875 0.15555555555555556 0.109375
2 0.36277777777777775 0.365 0.27444444444444444 0.105
0 0.47944444444444445 0.756875 0.31222222222222223 0.19
1 0.13944444444444445 0.13375 0.19666666666666666 0.125
0 0.2361111111111111 0.83875 0.20333333333333334 0.1175
0 0.34 0.4871875 0.2222222222222222 0.123125
3 0.685 0.609375 0.15666666666666668 0.13125
2 0.6022222222222222 0.365 0.18 0.115
