3 0.845625 0.445 0.1175 0.2633333333333333
4 0.3940625 0.3611111111111111 0.159375 0.29777777777777775
2 0.6011111111111112 0.67125 0.25555555555555554 0.1475
2 0.7494444444444445 0.1171875 0.3011111111111111 0.181875
2 0.27444444444444444 0.875 0.35555555555555557 0.17375
0 0.3611111111111111 0.2853125 0.2777777777777778 0.138125
0 0.47888888888888886 0.4840625 0.26222222222222225 0.154375
3 0.3990625 0.5416666666666666 0.174375 0.2544444444444444
0 0.2271875 0.4255555555555556 0.141875 0.22
0 0.055625 0.2594444444444444 0.10875 0.2811111111111111
0 0.8515625 0.7505555555555555 0.146875 0.27666666666666667
4 0.5309375 0.645 0.128125 0.2633333333333333
1 0.684375 0.3522222222222222 0.12375 0.27111111111111114
0 0.85625 0.415 0.15375 0.31222222222222223
4 0.715 0.6361111111111111 0.12 0.20555555555555555
1 0.2453125 0.7783333333333333 0.175625 0.3055555555555556
3 0.093125 0.5061111111111111 0.12 0.31
4 0.7115625 0.3705555555555556 0.129375 0.22555555555555556
4 0.06625 0.22722222222222221 0.125 0.28555555555555556
0 0.2075 0.49 0.15125 0.2911111111111111
4 0.6034375 0.5588888888888889 0.170625 0.25555555555555554
3 0.5066666666666667 0.2496875 0.23555555555555555 0.126875
3 0.19666666666666666 0.5728125 0.3022222222222222 0.181875
2 0.7377777777777778 0.1175 0.23777777777777778 0.1575
1 0.46444444444444444 0.695 0.19555555555555557 0.10625
4 0.1361111111111111 0.5728125 0.23444444444444446 0.145625
2 0.5805555555555556 0.1275 0.19666666666666666 0.10625
1 0.7722222222222223 0.304375 0.3466666666666667 0.17625
1 0.2827777777777778 0.42875 0.2966666666666667 0.14125
4 0.37777777777777777 0.846875 0.25555555555555554 0.125
