0 0.65 0.0959375 0.2311111111111111 0.141875
0 0.5288888888888889 0.618125 0.31777777777777777 0.17625
1 0.3346875 0.3877777777777778 0.125625 0.2644444444444444
1 0.7315625 0.66 0.150625 0.26222222222222225
0 0.60625 0.32944444444444443 0.15625 0.33
3 0.0725 0.175 0.11375 0.20333333333333334
4 0.2225 0.7744444444444445 0.1575 0.3088888888888889
0 0.0825 0.22944444444444445 0.1625 0.3211111111111111
4 0.205 0.5888888888888889 0.0975 0.18222222222222223
4 0.3825 0.7244444444444444 0.1425 0.23777777777777778
4 0.52625 0.5055555555555555 0.12 0.2311111111111111
1 0.849375 0.4211111111111111 0.145 0.27555555555555555
2 0.669375 0.3794444444444444 0.12875 0.33
4 0.3025 0.17944444444444443 0.1425 0.19666666666666666
0 0.493125 0.49722222222222223 0.15 0.2966666666666667
3 0.7694444444444445 0.880625 0.2966666666666667 0.18875
4 0.26722222222222225 0.10375 0.32555555555555554 0.1775
4 0.4027777777777778 0.3603125 0.25222222222222224 0.176875
1 0.596875 0.5494444444444444 0.1125 0.2477777777777778
3 0.3696875 0.3561111111111111 0.138125 0.21
1 0.8509375 0.29388888888888887 0.140625 0.2611111111111111
0 0.13944444444444445 0.663125 0.22555555555555556 0.10125
4 0.31 0.8684375 0.26666666666666666 0.153125
4 0.4083333333333333 0.309375 0.16111111111111112 0.10875
3 0.7711111111111111 0.1446875 0.2822222222222222 0.136875
