4 0.3128125 0.5172222222222222 0.098125 0.17
2 0.8365625 0.7294444444444445 0.116875 0.23444444444444446
4 0.270625 0.5683333333333334 0.1075 0.16555555555555557
4 0.4822222222222222 0.298125 0.2866666666666667 0.16125
1 0.735 0.87125 0.25222222222222224 0.17625
0 0.36 0.1059375 0.3111111111111111 0.153125
0 0.16944444444444445 0.656875 0.1988888888888889 0.125
0 0.6627777777777778 0.6796875 0.33666666666666667 0.176875
3 0.35777777777777775 0.09375 0.21555555555555556 0.10625
3 0.5440625 0.6344444444444445 0.128125 0.26666666666666666
1 0.7 0.1827777777777778 0.135 0.23666666666666666
0 0.3840625 0.3433333333333333 0.135625 0.18666666666666668
1 0.2215625 0.4777777777777778 0.121875 0.22444444444444445
1 0.5409375 0.6105555555555555 0.138125 0.2588888888888889
0 0.0740625 0.7333333333333333 0.138125 0.2733333333333333
2 0.23722222222222222 0.0696875 0.21444444444444444 0.118125
3 0.4461111111111111 0.355625 0.23222222222222222 0.18
3 0.5644444444444444 0.8603125 0.27111111111111114 0.169375
0 0.16111111111111112 0.5975 0.26 0.15375
0 0.7622222222222222 0.225625 0.26666666666666666 0.175
