1 0.3146875 0.23222222222222222 0.093125 0.18222222222222223
4 0.855625 0.4488888888888889 0.14 0.3
3 0.590625 0.4622222222222222 0.1275 0.1688888888888889
3 0.1909375 0.7433333333333333 0.104375 0.2577777777777778
4 0.1003125 0.6322222222222222 0.180625 0.19333333333333333
4 0.5461111111111111 0.655 0.16111111111111112 0.1075
4 0.7383333333333333 0.095625 0.2833333333333333 0.13
4 0.6621875 0.7222222222222222 0.139375 0.2288888888888889
4 0.4753125 0.3383333333333333 0.129375 0.29888888888888887
4 0.295625 0.19166666666666668 0.13375 0.2833333333333333
1 0.251875 0.16555555555555557 0.09875 0.22666666666666666
4 0.0625 0.7394444444444445 0.10125 0.22777777777777777
0 0.6244444444444445 0.608125 0.22444444444444445 0.145
4 0.1272222222222222 0.7215625 0.23222222222222222 0.128125
3 0.29777777777777775 0.3509375 0.17333333333333334 0.116875
4 0.21666666666666667 0.8478125 0.2111111111111111 0.136875
4 0.830625 0.21055555555555555 0.115 0.16333333333333333
4 0.3503125 0.3438888888888889 0.106875 0.2633333333333333
2 0.610625 0.43666666666666665 0.15125 0.2822222222222222
0 0.135 0.5205555555555555 0.15125 0.2833333333333333
3 0.216875 0.33944444444444444 0.1225 0.30333333333333334
0 0.4675 0.6438888888888888 0.11625 0.21666666666666667
1 0.8671875 0.27444444444444444 0.155625 0.3466666666666667
1 0.7471875 0.4483333333333333 0.169375 0.3477777777777778
1 0.5871875 0.5594444444444444 0.103125 0.22111111111111112
