3 0.5846875 0.5233333333333333 0.089375 0.2288888888888889
2 0.2715625 0.20833333333333334 0.185625 0.3433333333333333
1 0.4884375 0.4572222222222222 0.138125 0.2833333333333333
1 0.8428125 0.6361111111111111 0.124375 0.2677777777777778
0 0.7290625 0.7155555555555555 0.138125 0.24
3 0.47875 0.17777777777777778 0.14375 0.2911111111111111
4 0.8509375 0.3111111111111111 0.155625 0.26222222222222225
1 0.66 0.645 0.14 0.3388888888888889
3 0.6427777777777778 0.251875 0.24333333333333335 0.1675
4 0.5494444444444444 0.8509375 0.22333333333333333 0.151875
2 0.3061111111111111 0.588125 0.23666666666666666 0.1125
0 0.25666666666666665 0.49375 0.30444444444444446 0.16625
0 0.4722222222222222 0.3653125 0.23555555555555555 0.151875
1 0.47888888888888886 0.8675 0.33111111111111113 0.1725
2 0.1661111111111111 0.2696875 0.2833333333333333 0.123125
0 0.29888888888888887 0.095625 0.26 0.15625
0 0.5577777777777778 0.464375 0.2 0.13
4 0.6815625 0.36 0.181875 0.27555555555555555
4 0.83125 0.5872222222222222 0.10875 0.23222222222222222
4 0.1 0.7072222222222222 0.13625 0.22111111111111112
3 0.10625 0.5677777777777778 0.12 0.25555555555555554
0 0.370625 0.26611111111111113 0.1575 0.30333333333333334
4 0.651875 0.615 0.09875 0.23444444444444446
4 0.4825 0.39166666666666666 0.115 0.27666666666666667
4 0.316875 0.7438888888888889 0.13875 0.2477777777777778
