0 0.7340625 0.49666666666666665 0.155625 0.31777777777777777
2 0.49875 0.7938888888888889 0.16 0.3277777777777778
1 0.24125 0.5466666666666666 0.12 0.22444444444444445
1 0.5878125 0.3422222222222222 0.100625 0.20444444444444446
2 0.135 0.17944444444444443 0.145 0.2677777777777778
2 0.7222222222222222 0.866875 0.23555555555555555 0.1625
3 0.48833333333333334 0.689375 0.21222222222222223 0.1125
4 0.73 0.3521875 0.2311111111111111 0.126875
3 0.27625 0.4444444444444444 0.07375 0.2
3 0.690625 0.7433333333333333 0.18 0.2577777777777778
0 0.8553125 0.43166666666666664 0.148125 0.2922222222222222
0 0.3875 0.2777777777777778 0.1625 0.30444444444444446
0 0.625625 0.5244444444444445 0.16375 0.31555555555555553
0 0.155625 0.7544444444444445 0.17375 0.29333333333333333
3 0.5015625 0.5433333333333333 0.153125 0.19333333333333333
0 0.4494444444444444 0.8509375 0.2544444444444444 0.148125
4 0.76 0.5628125 0.2688888888888889 0.176875
2 0.3838888888888889 0.718125 0.32555555555555554 0.185
4 0.591875 0.545 0.12375 0.2544444444444444
1 0.855625 0.35777777777777775 0.1275 0.27111111111111114
4 0.1890625 0.25666666666666665 0.104375 0.2644444444444444
2 0.7234375 0.6222222222222222 0.125625 0.21333333333333335
0 0.4721875 0.76 0.146875 0.29333333333333333
1 0.33125 0.14944444444444444 0.12625 0.24555555555555555
