3 0.6815625 0.36666666666666664 0.155625 0.3022222222222222
2 0.861875 0.2238888888888889 0.14875 0.27666666666666667
4 0.1634375 0.45 0.171875 0.31777777777777777
3 0.8471875 0.7411111111111112 0.128125 0.24222222222222223
1 0.489375 0.6516666666666666 0.11875 0.22777777777777777
3 0.2384375 0.4727777777777778 0.086875 0.1988888888888889
3 0.7303125 0.5805555555555556 0.130625 0.25
0 0.3865625 0.2594444444444444 0.148125 0.26555555555555554
1 0.16111111111111112 0.2484375 0.25555555555555554 0.133125
3 0.22833333333333333 0.4075 0.15444444444444444 0.14625
3 0.62 0.7146875 0.2311111111111111 0.150625
4 0.6940625 0.19166666666666668 0.123125 0.29444444444444445
0 0.8403125 0.17888888888888888 0.126875 0.24444444444444444
0 0.1378125 0.7255555555555555 0.125625 0.22
3 0.475625 0.5377777777777778 0.13625 0.2
4 0.0890625 0.6538888888888889 0.114375 0.2544444444444444
1 0.59 0.3838888888888889 0.11375 0.24555555555555555
0 0.736875 0.24166666666666667 0.1575 0.31444444444444447
3 0.6077777777777778 0.295 0.22666666666666666 0.175
0 0.5083333333333333 0.7134375 0.23666666666666666 0.156875
2 0.7133333333333334 0.12875 0.22666666666666666 0.1275
