4 0.4825 0.46555555555555556 0.105 0.22666666666666666
0 0.3234375 0.7705555555555555 0.148125 0.31666666666666665
4 0.08875 0.5044444444444445 0.13 0.30666666666666664
0 0.6603125 0.16444444444444445 0.128125 0.17555555555555555
2 0.8909375 0.6527777777777778 0.206875 0.3277777777777778
1 0.475 0.74 0.13875 0.22666666666666666
0 0.3196875 0.7172222222222222 0.151875 0.24333333333333335
1 0.1590625 0.285 0.165625 0.3233333333333333
2 0.5590625 0.44666666666666666 0.118125 0.1711111111111111
0 0.2915625 0.14333333333333334 0.148125 0.2777777777777778
3 0.415 0.39666666666666667 0.1125 0.3088888888888889
3 0.1190625 0.445 0.124375 0.29444444444444445
2 0.86 0.6027777777777777 0.145 0.28555555555555556
1 0.2796875 0.47333333333333333 0.151875 0.2644444444444444
4 0.6659375 0.21944444444444444 0.156875 0.29888888888888887
0 0.4896875 0.365 0.188125 0.3188888888888889
4 0.8603125 0.6205555555555555 0.161875 0.2877777777777778
3 0.4709375 0.24888888888888888 0.116875 0.2511111111111111
4 0.2696875 0.5855555555555556 0.084375 0.20444444444444446
