4 0.5125 0.5238888888888888 0.18 0.33
1 0.683125 0.6522222222222223 0.16625 0.33111111111111113
4 0.3159375 0.22111111111111112 0.141875 0.23777777777777778
1 0.5455555555555556 0.065625 0.2511111111111111 0.115
1 0.2411111111111111 0.4625 0.2577777777777778 0.14
4 0.10166666666666667 0.3290625 0.18333333333333332 0.129375
3 0.3411111111111111 0.5878125 0.25333333333333335 0.134375
0 0.2153125 0.15722222222222224 0.148125 0.27
3 0.8165625 0.3138888888888889 0.084375 0.19666666666666666
2 0.344375 0.45 0.1525 0.2733333333333333
4 0.6090625 0.7711111111111111 0.175625 0.3333333333333333
4 0.48875 0.5583333333333333 0.18875 0.2966666666666667
3 0.0503125 0.315 0.078125 0.21444444444444444
1 0.285 0.6272222222222222 0.16625 0.31
4 0.37833333333333335 0.3503125 0.27 0.145625
4 0.5783333333333334 0.618125 0.31666666666666665 0.1825
2 0.618125 0.14333333333333334 0.14625 0.2777777777777778
4 0.1271875 0.7322222222222222 0.120625 0.2644444444444444
1 0.0878125 0.17722222222222223 0.089375 0.18555555555555556
3 0.85125 0.5822222222222222 0.12875 0.27111111111111114
1 0.6184375 0.4172222222222222 0.159375 0.30333333333333334
