4 0.12277777777777778 0.6846875 0.21222222222222223 0.120625
3 0.45111111111111113 0.2609375 0.1688888888888889 0.160625
1 0.7183333333333334 0.83375 0.23666666666666666 0.1225
3 0.24444444444444444 0.5428125 0.2222222222222222 0.133125
4 0.3522222222222222 0.3978125 0.20444444444444446 0.138125
4 0.258125 0.19 0.1425 0.28888888888888886
1 0.5575 0.5488888888888889 0.14125 0.32666666666666666
1 0.39625 0.2772222222222222 0.11875 0.23666666666666666
4 0.71125 0.6566666666666666 0.14875 0.31555555555555553
1 0.100625 0.385 0.1275 0.22555555555555556
3 0.4627777777777778 0.2834375 0.22777777777777777 0.124375
2 0.7422222222222222 0.8825 0.24888888888888888 0.1875
4 0.32611111111111113 0.0859375 0.22333333333333333 0.106875
3 0.5883333333333334 0.5 0.21 0.17875
3 0.18444444444444444 0.66375 0.20666666666666667 0.12875
4 0.2875 0.5022222222222222 0.14875 0.2644444444444444
1 0.57375 0.27944444444444444 0.1475 0.31
0 0.2765625 0.4711111111111111 0.136875 0.2822222222222222
3 0.1090625 0.19111111111111112 0.186875 0.27555555555555555
2 0.1075 0.7705555555555555 0.16125 0.29444444444444445
4 0.3440625 0.24388888888888888 0.125625 0.25666666666666665
0 0.855 0.5533333333333333 0.1275 0.2
4 0.875 0.26666666666666666 0.17 0.29555555555555557
3 0.6171875 0.46944444444444444 0.131875 0.21444444444444444
0 0.2465625 0.6288888888888889 0.105625 0.2088888888888889
