3 0.6709375 0.6122222222222222 0.149375 0.3088888888888889
3 0.138125 0.13333333333333333 0.1375 0.2511111111111111
0 0.8396875 0.75 0.134375 0.2822222222222222
1 0.3125 0.4627777777777778 0.135 0.31
3 0.0696875 0.7716666666666666 0.128125 0.32555555555555554
4 0.3688888888888889 0.6178125 0.2777777777777778 0.170625
2 0.5533333333333333 0.845 0.28 0.1275
4 0.6811111111111111 0.0940625 0.1688888888888889 0.116875
3 0.1438888888888889 0.3434375 0.19444444444444445 0.119375
2 0.6655555555555556 0.1459375 0.33555555555555555 0.148125
3 0.7488888888888889 0.4865625 0.25555555555555554 0.119375
0 0.4022222222222222 0.6803125 0.3022222222222222 0.151875
2 0.3838888888888889 0.8528125 0.31666666666666665 0.129375
2 0.14888888888888888 0.480625 0.2311111111111111 0.1425
0 0.7538888888888889 0.7415625 0.28555555555555556 0.159375
2 0.4166666666666667 0.6015625 0.18888888888888888 0.131875
0 0.6527777777777778 0.3671875 0.27666666666666667 0.168125
4 0.5959375 0.35055555555555556 0.104375 0.22333333333333333
4 0.1303125 0.21833333333333332 0.129375 0.3188888888888889
1 0.3821875 0.7705555555555555 0.143125 0.28555555555555556
4 0.6078125 0.3877777777777778 0.125625 0.23333333333333334
2 0.844375 0.21944444444444444 0.13 0.25222222222222224
