3 0.385 0.248125 0.22555555555555556 0.11125
0 0.18722222222222223 0.5678125 0.2677777777777778 0.161875
0 0.2128125 0.43666666666666665 0.154375 0.3488888888888889
3 0.0778125 0.2222222222222222 0.141875 0.2511111111111111
0 0.3328125 0.30666666666666664 0.136875 0.25555555555555554
2 0.8515625 0.5044444444444445 0.149375 0.2688888888888889
0 0.6553125 0.6055555555555555 0.115625 0.22
2 0.49125 0.37777777777777777 0.14625 0.26666666666666666
3 0.6866666666666666 0.09875 0.17555555555555555 0.16875
4 0.5216666666666666 0.3396875 0.20555555555555555 0.135625
4 0.36333333333333334 0.604375 0.24888888888888888 0.15
4 0.8215625 0.3611111111111111 0.090625 0.2
2 0.3475 0.7688888888888888 0.13875 0.3
4 0.1159375 0.2338888888888889 0.173125 0.30333333333333334
0 0.601875 0.5561111111111111 0.15 0.23222222222222222
4 0.45611111111111113 0.414375 0.35 0.185
0 0.2111111111111111 0.561875 0.30444444444444446 0.17125
0 0.725 0.850625 0.21888888888888888 0.12875
0 0.5996875 0.43944444444444447 0.143125 0.22111111111111112
4 0.7371875 0.6622222222222223 0.166875 0.28
0 0.8671875 0.20222222222222222 0.174375 0.32666666666666666
4 0.208125 0.555 0.11625 0.2588888888888889
4 0.086875 0.33555555555555555 0.125 0.20666666666666667
