4 0.391875 0.6655555555555556 0.1875 0.29777777777777775
0 0.114375 0.5438888888888889 0.11125 0.23222222222222222
0 0.8303125 0.25055555555555553 0.104375 0.17888888888888888
0 0.37375 0.3 0.1375 0.31777777777777777
3 0.0996875 0.23 0.074375 0.20444444444444446
4 0.8759375 0.6572222222222223 0.190625 0.33666666666666667
4 0.0978125 0.18333333333333332 0.175625 0.29777777777777775
3 0.860625 0.3705555555555556 0.14125 0.28555555555555556
3 0.594375 0.7011111111111111 0.12875 0.1711111111111111
0 0.0809375 0.44166666666666665 0.116875 0.21222222222222223
1 0.67 0.5905555555555555 0.14625 0.22555555555555556
0 0.45875 0.7366666666666667 0.10625 0.23333333333333334
0 0.48277777777777775 0.7246875 0.2722222222222222 0.121875
1 0.5505555555555556 0.3990625 0.23222222222222222 0.171875
3 0.7716666666666666 0.631875 0.3233333333333333 0.17
0 0.2477777777777778 0.516875 0.15333333333333332 0.17375
0 0.4646875 0.31833333333333336 0.141875 0.27666666666666667
0 0.6440625 0.6905555555555556 0.118125 0.18333333333333332
1 0.2721875 0.15222222222222223 0.139375 0.2222222222222222
1 0.831875 0.4033333333333333 0.11125 0.16666666666666666
