1 0.1178125 0.47 0.188125 0.30666666666666664
2 0.60625 0.3844444444444444 0.16375 0.34
4 0.826875 0.6233333333333333 0.10375 0.2088888888888889
2 0.8596875 0.2011111111111111 0.139375 0.27111111111111114
0 0.6584375 0.6005555555555555 0.113125 0.2544444444444444
2 0.500625 0.46555555555555556 0.1725 0.25555555555555554
2 0.25875 0.7288888888888889 0.10875 0.24666666666666667
3 0.0715625 0.35055555555555556 0.119375 0.33
3 0.4675 0.5922222222222222 0.14125 0.25333333333333335
2 0.5527777777777778 0.8321875 0.21888888888888888 0.119375
4 0.25555555555555554 0.598125 0.2511111111111111 0.1325
4 0.1353125 0.7411111111111112 0.146875 0.24666666666666667
3 0.5996875 0.3672222222222222 0.106875 0.2611111111111111
0 0.3934375 0.21055555555555555 0.179375 0.3277777777777778
4 0.8678125 0.5855555555555556 0.158125 0.31777777777777777
4 0.1075 0.7283333333333334 0.11 0.2611111111111111
0 0.6040625 0.13666666666666666 0.118125 0.2222222222222222
4 0.8471875 0.3333333333333333 0.111875 0.23555555555555555
0 0.363125 0.5627777777777778 0.12875 0.31222222222222223
4 0.3475 0.6283333333333333 0.1225 0.20555555555555555
0 0.850625 0.7627777777777778 0.1475 0.3055555555555556
2 0.4659375 0.435 0.114375 0.15444444444444444
