1 0.8325 0.3827777777777778 0.10125 0.21
2 0.0759375 0.5822222222222222 0.131875 0.2822222222222222
3 0.5753125 0.22833333333333333 0.101875 0.22777777777777777
1 0.3478125 0.7772222222222223 0.161875 0.34555555555555556
4 0.4111111111111111 0.316875 0.20666666666666667 0.14625
3 0.7633333333333333 0.855625 0.29333333333333333 0.16625
0 0.5927777777777777 0.144375 0.2611111111111111 0.15375
0 0.10555555555555556 0.655 0.2111111111111111 0.1175
3 0.17055555555555554 0.719375 0.17222222222222222 0.175
1 0.6061111111111112 0.825 0.21 0.10125
1 0.7155555555555555 0.2553125 0.22 0.100625
3 0.5183333333333333 0.1528125 0.24333333333333335 0.179375
1 0.4311111111111111 0.5771875 0.2777777777777778 0.175625
2 0.8353125 0.5666666666666667 0.110625 0.26
3 0.7346875 0.2722222222222222 0.164375 0.2111111111111111
3 0.3471875 0.79 0.151875 0.34444444444444444
4 0.09375 0.47 0.1525 0.24666666666666667
3 0.5515625 0.6661111111111111 0.136875 0.2877777777777778
1 0.7003125 0.7705555555555555 0.133125 0.30333333333333334
0 0.8778125 0.5827777777777777 0.185625 0.31444444444444447
0 0.239375 0.265 0.115 0.2544444444444444
4 0.3871875 0.3388888888888889 0.109375 0.2111111111111111
4 0.17666666666666667 0.4615625 0.22444444444444445 0.129375
3 0.5716666666666667 0.2640625 0.18777777777777777 0.129375
4 0.7211111111111111 0.6653125 0.2111111111111111 0.141875
0 0.5959375 0.5694444444444444 0.186875 0.29888888888888887
3 0.2478125 0.2388888888888889 0.066875 0.20666666666666667
2 0.8784375 0.4722222222222222 0.175625 0.29555555555555557
