4 0.8478125 0.22833333333333333 0.133125 0.2677777777777778
1 0.383125 0.435 0.13 0.2811111111111111
1 0.71 0.7327777777777778 0.16625 0.2722222222222222
4 0.54875 0.29888888888888887 0.1525 0.2088888888888889
0 0.6171875 0.49777777777777776 0.155625 0.30444444444444446
1 0.2565625 0.18944444444444444 0.150625 0.25222222222222224
4 0.8390625 0.655 0.120625 0.2411111111111111
4 0.368125 0.165 0.1625 0.24555555555555555
1 0.588125 0.34055555555555556 0.105 0.22777777777777777
3 0.0821875 0.6133333333333333 0.088125 0.22
3 0.221875 0.755 0.11875 0.3188888888888889
4 0.7061111111111111 0.3415625 0.1988888888888889 0.109375
3 0.5222222222222223 0.1009375 0.16444444444444445 0.116875
2 0.225 0.8578125 0.23444444444444446 0.163125
4 0.84875 0.755 0.14375 0.26555555555555554
0 0.60375 0.5583333333333333 0.13875 0.2677777777777778
1 0.8328125 0.14555555555555555 0.103125 0.26
0 0.125 0.3794444444444444 0.1675 0.3188888888888889
0 0.6561111111111111 0.8721875 0.27444444444444444 0.170625
4 0.7011111111111111 0.6009375 0.2 0.138125
2 0.31166666666666665 0.7446875 0.23666666666666666 0.170625
