3 0.07 0.1238888888888889 0.10875 0.2011111111111111
1 0.8475 0.5794444444444444 0.1225 0.25222222222222224
4 0.6740625 0.4527777777777778 0.161875 0.28555555555555556
0 0.4478125 0.25222222222222224 0.094375 0.1711111111111111
3 0.0675 0.1438888888888889 0.08875 0.2611111111111111
0 0.856875 0.7966666666666666 0.1425 0.3466666666666667
2 0.3628125 0.5638888888888889 0.171875 0.2877777777777778
2 0.7205555555555555 0.5546875 0.19666666666666666 0.113125
1 0.53 0.8565625 0.24888888888888888 0.143125
4 0.645 0.2778125 0.2633333333333333 0.133125
3 0.6471875 0.2588888888888889 0.096875 0.23777777777777778
3 0.465 0.7422222222222222 0.09 0.25333333333333335
2 0.125 0.5872222222222222 0.125 0.1811111111111111
4 0.8584375 0.5483333333333333 0.160625 0.3411111111111111
0 0.3203125 0.40055555555555555 0.158125 0.2833333333333333
2 0.6584375 0.5688888888888889 0.116875 0.19333333333333333
3 0.0996875 0.20555555555555555 0.121875 0.2222222222222222
0 0.3015625 0.49944444444444447 0.151875 0.3055555555555556
3 0.7265625 0.5838888888888889 0.139375 0.25222222222222224
1 0.8321875 0.4727777777777778 0.093125 0.19
0 0.7561111111111111 0.338125 0.25666666666666665 0.14125
3 0.5577777777777778 0.594375 0.2688888888888889 0.14
