4 0.6921875 0.6155555555555555 0.184375 0.31333333333333335
0 0.500625 0.2 0.175 0.32
4 0.8428125 0.705 0.110625 0.21222222222222223
4 0.3090625 0.33944444444444444 0.166875 0.3211111111111111
0 0.1159375 0.46 0.154375 0.2822222222222222
4 0.8759375 0.4111111111111111 0.169375 0.21777777777777776
0 0.246875 0.7183333333333334 0.13 0.22777777777777777
4 0.726875 0.30833333333333335 0.115 0.21444444444444444
2 0.059375 0.4588888888888889 0.1125 0.21777777777777776
1 0.436875 0.7222222222222222 0.09 0.2111111111111111
3 0.6427777777777778 0.5784375 0.30777777777777776 0.169375
3 0.40444444444444444 0.440625 0.2577777777777778 0.185
1 0.7116666666666667 0.128125 0.23222222222222222 0.14125
0 0.3138888888888889 0.2940625 0.29 0.183125
4 0.5288888888888889 0.711875 0.29333333333333333 0.145
0 0.880625 0.6183333333333333 0.1825 0.28555555555555556
4 0.6671875 0.19333333333333333 0.139375 0.21555555555555556
0 0.105 0.5061111111111111 0.1625 0.3211111111111111
0 0.27625 0.7172222222222222 0.1225 0.22333333333333333
1 0.458125 0.31833333333333336 0.10375 0.20555555555555555
1 0.0778125 0.4022222222222222 0.135625 0.29333333333333333
0 0.6653125 0.5111111111111111 0.159375 0.26666666666666666
3 0.431875 0.24222222222222223 0.07625 0.21555555555555556
3 0.2903125 0.6544444444444445 0.176875 0.3111111111111111
3 0.859375 0.7533333333333333 0.16375 0.2644444444444444
0 0.5953125 0.5527777777777778 0.131875 0.25222222222222224
4 0.195 0.6166666666666667 0.10625 0.19777777777777777
0 0.05 0.33555555555555555 0.07375 0.18444444444444444
4 0.8465625 0.4527777777777778 0.116875 0.23666666666666666
0 0.4840625 0.31444444444444447 0.166875 0.32666666666666666
