3 0.41444444444444445 0.284375 0.2288888888888889 0.14625
1 0.33611111111111114 0.4290625 0.2877777777777778 0.148125
3 0.7277777777777777 0.1384375 0.20666666666666667 0.141875
4 0.5383333333333333 0.868125 0.2611111111111111 0.16375
1 0.4896875 0.22333333333333333 0.123125 0.23333333333333334
2 0.85375 0.7377777777777778 0.1425 0.24222222222222223
4 0.6940625 0.22666666666666666 0.108125 0.21555555555555556
4 0.5459375 0.5177777777777778 0.113125 0.22444444444444445
0 0.36777777777777776 0.84125 0.2222222222222222 0.1325
2 0.21888888888888888 0.395 0.2911111111111111 0.1825
3 0.3734375 0.21555555555555556 0.119375 0.21777777777777776
1 0.534375 0.55 0.1325 0.27111111111111114
1 0.8296875 0.7177777777777777 0.103125 0.19555555555555557
4 0.0559375 0.6422222222222222 0.103125 0.2511111111111111
4 0.2096875 0.32666666666666666 0.101875 0.23555555555555555
4 0.5038888888888889 0.8521875 0.2544444444444444 0.123125
4 0.5938888888888889 0.09625 0.21444444444444444 0.12625
2 0.2221875 0.4411111111111111 0.145625 0.2288888888888889
4 0.46 0.1527777777777778 0.11 0.22333333333333333
4 0.348125 0.7761111111111111 0.1425 0.3277777777777778
