4 0.8615625 0.42833333333333334 0.141875 0.27
4 0.1046875 0.5377777777777778 0.168125 0.27111111111111114
4 0.2675 0.6638888888888889 0.18625 0.30777777777777776
4 0.6634375 0.5038888888888889 0.119375 0.2877777777777778
4 0.4996875 0.6377777777777778 0.154375 0.30444444444444446
3 0.10875 0.22722222222222221 0.0975 0.2388888888888889
1 0.1253125 0.7377777777777778 0.149375 0.2777777777777778
4 0.6090625 0.4816666666666667 0.133125 0.2588888888888889
0 0.5065625 0.6527777777777778 0.174375 0.2722222222222222
3 0.3659375 0.22555555555555556 0.139375 0.24
4 0.8565625 0.35888888888888887 0.134375 0.2511111111111111
4 0.460625 0.7272222222222222 0.095 0.21888888888888888
4 0.5403125 0.7505555555555555 0.114375 0.27
0 0.861875 0.46444444444444444 0.1625 0.2688888888888889
3 0.2709375 0.35333333333333333 0.169375 0.23777777777777778
3 0.6965625 0.5327777777777778 0.129375 0.21666666666666667
0 0.15611111111111112 0.8634375 0.31222222222222223 0.179375
2 0.2577777777777778 0.3021875 0.2688888888888889 0.189375
4 0.7822222222222223 0.4365625 0.33111111111111113 0.175625
1 0.3838888888888889 0.715 0.27444444444444444 0.16625
2 0.645 0.576875 0.30333333333333334 0.1725
3 0.49666666666666665 0.1340625 0.25333333333333335 0.135625
1 0.7165625 0.25666666666666665 0.178125 0.34
3 0.23375 0.42055555555555557 0.10875 0.2588888888888889
4 0.850625 0.5338888888888889 0.1475 0.2811111111111111
0 0.415 0.6533333333333333 0.1725 0.31555555555555553
