2 0.3396875 0.37333333333333335 0.145625 0.23333333333333334
4 0.6078125 0.7327777777777778 0.163125 0.25
4 0.8575 0.5711111111111111 0.14375 0.2777777777777778
0 0.4815625 0.7027777777777777 0.169375 0.3655555555555556
0 0.8346875 0.7244444444444444 0.108125 0.21333333333333335
1 0.5628125 0.3333333333333333 0.083125 0.18222222222222223
1 0.066875 0.1761111111111111 0.12625 0.2411111111111111
3 0.6034375 0.7733333333333333 0.148125 0.3022222222222222
0 0.1009375 0.6044444444444445 0.160625 0.3111111111111111
2 0.3578125 0.2677777777777778 0.165625 0.3288888888888889
4 0.08722222222222223 0.58375 0.17444444444444446 0.11875
4 0.52 0.8390625 0.2088888888888889 0.118125
1 0.3161111111111111 0.0715625 0.21666666666666667 0.115625
0 0.45944444444444443 0.4875 0.29444444444444445 0.18125
1 0.7440625 0.7727777777777778 0.163125 0.28555555555555556
1 0.48375 0.5122222222222222 0.14 0.2644444444444444
0 0.8575 0.25555555555555554 0.14125 0.24888888888888888
4 0.3746875 0.4411111111111111 0.170625 0.28888888888888886
2 0.215625 0.3611111111111111 0.10125 0.29555555555555557
3 0.42625 0.4572222222222222 0.16125 0.31
3 0.536875 0.6188888888888889 0.09375 0.20666666666666667
0 0.8465625 0.5261111111111111 0.133125 0.23444444444444446
4 0.13555555555555557 0.1271875 0.2577777777777778 0.139375
2 0.7188888888888889 0.5503125 0.21333333333333335 0.105625
3 0.6272222222222222 0.7234375 0.2722222222222222 0.158125
