1 0.7455555555555555 0.4778125 0.24888888888888888 0.151875
2 0.6483333333333333 0.57875 0.24333333333333335 0.105
4 0.285 0.350625 0.26555555555555554 0.14625
1 0.16166666666666665 0.839375 0.20555555555555555 0.12875
1 0.5883333333333334 0.250625 0.31 0.195
0 0.5783333333333334 0.2621875 0.21888888888888888 0.129375
3 0.6827777777777778 0.638125 0.17222222222222222 0.10875
1 0.3438888888888889 0.465625 0.2611111111111111 0.15
1 0.6078125 0.17333333333333334 0.141875 0.24666666666666667
0 0.3459375 0.5294444444444445 0.116875 0.21222222222222223
0 0.11625 0.3972222222222222 0.15625 0.3211111111111111
0 0.6171875 0.5722222222222222 0.151875 0.25333333333333335
1 0.1084375 0.39222222222222225 0.104375 0.2311111111111111
2 0.6611111111111111 0.69625 0.35555555555555557 0.20375
0 0.41333333333333333 0.115625 0.33555555555555555 0.1675
0 0.4822222222222222 0.8621875 0.23555555555555555 0.159375
1 0.5565625 0.5922222222222222 0.143125 0.18888888888888888
4 0.081875 0.1272222222222222 0.1125 0.21444444444444444
3 0.86125 0.7816666666666666 0.13875 0.3277777777777778
