3 0.33555555555555555 0.326875 0.19555555555555557 0.13
0 0.19277777777777777 0.6015625 0.26555555555555554 0.163125
1 0.2733333333333333 0.4771875 0.24888888888888888 0.171875
3 0.5994444444444444 0.208125 0.18777777777777777 0.15125
4 0.8640625 0.75 0.154375 0.25333333333333335
0 0.7028125 0.375 0.120625 0.22333333333333333
0 0.5771875 0.6494444444444445 0.156875 0.2922222222222222
1 0.4396875 0.6261111111111111 0.101875 0.2011111111111111
3 0.835625 0.135 0.1225 0.20555555555555555
1 0.5765625 0.4661111111111111 0.119375 0.27666666666666667
2 0.320625 0.565 0.12125 0.27666666666666667
0 0.2953125 0.7372222222222222 0.124375 0.2388888888888889
1 0.6815625 0.33444444444444443 0.166875 0.2822222222222222
1 0.1384375 0.22444444444444445 0.175625 0.34444444444444444
2 0.495625 0.48055555555555557 0.16 0.2922222222222222
4 0.51 0.841875 0.26222222222222225 0.1275
2 0.6722222222222223 0.4053125 0.3622222222222222 0.141875
4 0.38166666666666665 0.2771875 0.23 0.181875
4 0.20333333333333334 0.5596875 0.32 0.155625
1 0.33375 0.7616666666666667 0.14125 0.3011111111111111
2 0.10125 0.5722222222222222 0.19125 0.3288888888888889
0 0.8896875 0.6716666666666666 0.196875 0.2922222222222222
4 0.680625 0.5244444444444445 0.08 0.20444444444444446
