1 0.47333333333333333 0.7196875 0.3111111111111111 0.176875
3 0.29333333333333333 0.5478125 0.14 0.130625
0 0.6066666666666667 0.25375 0.20222222222222222 0.1375
0 0.388125 0.7116666666666667 0.10625 0.22555555555555556
4 0.1221875 0.22444444444444445 0.164375 0.34
4 0.8490625 0.16 0.116875 0.3
4 0.8425 0.5772222222222222 0.1375 0.29
4 0.7444444444444445 0.10875 0.24444444444444444 0.12375
0 0.5461111111111111 0.6134375 0.25 0.150625
3 0.56875 0.6488888888888888 0.17 0.28
2 0.2403125 0.38055555555555554 0.123125 0.22555555555555556
1 0.7075 0.16722222222222222 0.1425 0.2788888888888889
2 0.5646875 0.7522222222222222 0.146875 0.24444444444444444
0 0.715 0.37722222222222224 0.1575 0.29444444444444445
3 0.8334375 0.5522222222222222 0.103125 0.24444444444444444
3 0.4359375 0.24944444444444444 0.179375 0.2388888888888889
