1 0.75 0.6140625 0.2822222222222222 0.178125
0 0.7738888888888888 0.276875 0.31222222222222223 0.15125
2 0.5966666666666667 0.4615625 0.2111111111111111 0.129375
1 0.8403125 0.1527777777777778 0.126875 0.25
4 0.365 0.5644444444444444 0.1775 0.3022222222222222
0 0.5928125 0.3522222222222222 0.133125 0.2644444444444444
3 0.088125 0.75 0.12375 0.2866666666666667
2 0.5933333333333334 0.085 0.2577777777777778 0.1475
0 0.24722222222222223 0.838125 0.21444444444444444 0.12125
2 0.7422222222222222 0.59375 0.2311111111111111 0.14375
3 0.39222222222222225 0.3396875 0.18 0.146875
0 0.3625 0.5388888888888889 0.12375 0.26
3 0.8521875 0.10666666666666667 0.155625 0.18222222222222223
4 0.1284375 0.69 0.129375 0.1688888888888889
1 0.514375 0.2833333333333333 0.1975 0.3377777777777778
4 0.3209375 0.5055555555555555 0.169375 0.3
3 0.12444444444444444 0.5621875 0.18222222222222223 0.131875
0 0.5155555555555555 0.726875 0.26222222222222225 0.1675
3 0.7372222222222222 0.13375 0.23666666666666666 0.155
3 0.2722222222222222 0.42875 0.24444444444444444 0.15875
2 0.6033333333333334 0.2640625 0.20444444444444446 0.123125
