2 0.723125 0.66 0.15 0.23777777777777778
2 0.59 0.32944444444444443 0.13125 0.25222222222222224
0 0.3375 0.22777777777777777 0.12125 0.21777777777777776
2 0.3728125 0.47888888888888886 0.124375 0.21555555555555556
4 0.22 0.3794444444444444 0.13 0.2544444444444444
3 0.516875 0.7244444444444444 0.10125 0.2311111111111111
0 0.83625 0.13555555555555557 0.1175 0.24
1 0.1375 0.6911111111111111 0.16625 0.3288888888888889
0 0.4871875 0.7688888888888888 0.135625 0.2911111111111111
0 0.36375 0.1688888888888889 0.1325 0.24888888888888888
1 0.2334375 0.3511111111111111 0.115625 0.2288888888888889
1 0.60125 0.32722222222222225 0.1125 0.22777777777777777
4 0.4040625 0.28055555555555556 0.185625 0.33444444444444443
4 0.24375 0.125 0.09875 0.22111111111111112
0 0.5053125 0.7005555555555556 0.154375 0.17666666666666667
0 0.8528125 0.4727777777777778 0.148125 0.3188888888888889
0 0.10375 0.20444444444444446 0.14875 0.32222222222222224
1 0.88375 0.7322222222222222 0.19125 0.2688888888888889
4 0.3528125 0.35444444444444445 0.141875 0.25333333333333335
2 0.2921875 0.38055555555555554 0.190625 0.31
3 0.7 0.5005555555555555 0.11375 0.16777777777777778
4 0.5634375 0.45 0.138125 0.2577777777777778
3 0.0853125 0.7133333333333334 0.074375 0.2111111111111111
3 0.7072222222222222 0.6428125 0.1922222222222222 0.118125
4 0.29944444444444446 0.46875 0.27 0.15125
0 0.17944444444444443 0.8503125 0.3277777777777778 0.151875
2 0.445 0.08625 0.2633333333333333 0.1475
0 0.5616666666666666 0.2740625 0.1988888888888889 0.143125
