0 0.33625 0.5433333333333333 0.10625 0.21777777777777776
3 0.8646875 0.195 0.150625 0.22111111111111112
0 0.6990625 0.3572222222222222 0.130625 0.2633333333333333
1 0.55125 0.5477777777777778 0.1425 0.2644444444444444
3 0.315 0.8553125 0.2588888888888889 0.135625
4 0.5616666666666666 0.1128125 0.31222222222222223 0.201875
3 0.6788888888888889 0.4046875 0.32666666666666666 0.165625
4 0.40055555555555555 0.6871875 0.21 0.110625
2 0.8628125 0.3427777777777778 0.143125 0.26555555555555554
0 0.1390625 0.765 0.161875 0.2811111111111111
3 0.6090625 0.5361111111111111 0.124375 0.2388888888888889
0 0.4411111111111111 0.6546875 0.24888888888888888 0.125625
4 0.2644444444444444 0.836875 0.20222222222222222 0.11625
4 0.7811111111111111 0.11625 0.31333333333333335 0.16875
0 0.103125 0.6094444444444445 0.105 0.21222222222222223
4 0.3571875 0.7572222222222222 0.119375 0.30777777777777776
1 0.865 0.1272222222222222 0.1475 0.24333333333333335
4 0.1003125 0.5522222222222222 0.129375 0.20666666666666667
2 0.37375 0.765 0.18125 0.2966666666666667
