4 0.6675 0.3672222222222222 0.15625 0.29
4 0.8275 0.5711111111111111 0.1075 0.2
1 0.46 0.7183333333333334 0.11 0.24555555555555555
2 0.125 0.46055555555555555 0.1475 0.27444444444444444
0 0.65125 0.1511111111111111 0.11125 0.24222222222222223
2 0.82875 0.7111111111111111 0.1025 0.18888888888888888
3 0.7153125 0.5805555555555556 0.113125 0.28555555555555556
4 0.079375 0.3022222222222222 0.11625 0.20222222222222222
0 0.2084375 0.39611111111111114 0.119375 0.23222222222222222
1 0.4928125 0.6638888888888889 0.178125 0.29444444444444445
1 0.283125 0.6072222222222222 0.12 0.25666666666666665
4 0.8603125 0.36444444444444446 0.160625 0.2688888888888889
0 0.106875 0.46166666666666667 0.13875 0.21444444444444444
2 0.6325 0.2222222222222222 0.07625 0.23333333333333334
2 0.48625 0.7155555555555555 0.155 0.22444444444444445
3 0.850625 0.7427777777777778 0.135 0.2544444444444444
0 0.7028125 0.19833333333333333 0.145625 0.2966666666666667
2 0.079375 0.38722222222222225 0.1225 0.22333333333333333
4 0.3453125 0.44722222222222224 0.156875 0.31
2 0.0715625 0.7366666666666667 0.116875 0.24444444444444444
0 0.849375 0.5255555555555556 0.14875 0.30444444444444446
4 0.45 0.2611111111111111 0.1125 0.2577777777777778
1 0.701875 0.6483333333333333 0.10875 0.23
0 0.0696875 0.45166666666666666 0.125625 0.25
1 0.7209375 0.1922222222222222 0.136875 0.2733333333333333
0 0.86 0.39222222222222225 0.15625 0.3111111111111111
