0 0.22625 0.43666666666666665 0.11625 0.24
4 0.725625 0.6505555555555556 0.1175 0.27
1 0.849375 0.7055555555555556 0.115 0.18
4 0.455625 0.32611111111111113 0.07625 0.21666666666666667
3 0.34833333333333333 0.32375 0.25 0.0825
0 0.086875 0.34444444444444444 0.12375 0.26222222222222225
0 0.34625 0.5511111111111111 0.135 0.26222222222222225
0 0.2296875 0.12611111111111112 0.110625 0.21444444444444444
4 0.10375 0.2722222222222222 0.16375 0.2733333333333333
2 0.8590625 0.6644444444444444 0.146875 0.35555555555555557
4 0.3946875 0.46 0.135625 0.18
4 0.67625 0.7055555555555556 0.0875 0.20222222222222222
3 0.493125 0.2688888888888889 0.14 0.3022222222222222
2 0.6065625 0.3827777777777778 0.131875 0.21222222222222223
1 0.494375 0.4722222222222222 0.15125 0.2644444444444444
4 0.7103125 0.6338888888888888 0.105625 0.2011111111111111
0 0.2140625 0.35 0.068125 0.21333333333333335
0 0.6159375 0.5877777777777777 0.155625 0.3022222222222222
4 0.376875 0.16833333333333333 0.155 0.23444444444444446
