3 0.225 0.855625 0.2588888888888889 0.15
4 0.5205555555555555 0.4809375 0.33444444444444443 0.163125
4 0.251875 0.5416666666666666 0.1 0.1411111111111111
0 0.675 0.78 0.15375 0.32222222222222224
4 0.876875 0.6127777777777778 0.18625 0.25666666666666665
0 0.0775 0.1811111111111111 0.07125 0.19777777777777777
0 0.2865625 0.33 0.119375 0.2288888888888889
4 0.6972222222222222 0.3915625 0.18777777777777777 0.105625
0 0.24166666666666667 0.8490625 0.22777777777777777 0.129375
0 0.3638888888888889 0.7121875 0.23444444444444446 0.153125
1 0.5933333333333334 0.553125 0.21777777777777776 0.1325
0 0.13 0.11 0.24222222222222223 0.13625
0 0.364375 0.5527777777777778 0.12375 0.24555555555555555
3 0.740625 0.3055555555555556 0.1625 0.33555555555555555
4 0.8534375 0.36666666666666664 0.149375 0.26222222222222225
2 0.26055555555555554 0.1396875 0.21888888888888888 0.129375
4 0.6333333333333333 0.269375 0.2511111111111111 0.15625
4 0.5655555555555556 0.3828125 0.29333333333333333 0.149375
0 0.36666666666666664 0.735 0.25333333333333335 0.1525
0 0.4083333333333333 0.6103125 0.15666666666666668 0.136875
1 0.75 0.869375 0.30444444444444446 0.1875
4 0.84125 0.46444444444444444 0.10875 0.2311111111111111
1 0.6675 0.21 0.1475 0.2511111111111111
4 0.49375 0.6516666666666666 0.185 0.3411111111111111
2 0.091875 0.38555555555555554 0.15125 0.3377777777777778
