1 0.3411111111111111 0.2834375 0.2688888888888889 0.124375
0 0.7388888888888889 0.1025 0.2311111111111111 0.1325
1 0.21055555555555555 0.8634375 0.28555555555555556 0.171875
4 0.3603125 0.16555555555555557 0.151875 0.3244444444444444
4 0.1003125 0.5244444444444445 0.119375 0.23777777777777778
0 0.588125 0.3211111111111111 0.11875 0.23333333333333334
0 0.2259375 0.175 0.111875 0.21888888888888888
1 0.826875 0.5061111111111111 0.1025 0.21888888888888888
1 0.595625 0.4116666666666667 0.14125 0.3277777777777778
1 0.709375 0.7166666666666667 0.11875 0.24
4 0.21875 0.6627777777777778 0.13625 0.30777777777777776
3 0.8246875 0.39444444444444443 0.104375 0.2577777777777778
0 0.594375 0.7294444444444445 0.14 0.22555555555555556
2 0.6934375 0.22166666666666668 0.124375 0.21888888888888888
3 0.2590625 0.5183333333333333 0.125625 0.22555555555555556
1 0.83875 0.6372222222222222 0.125 0.2677777777777778
3 0.409375 0.43833333333333335 0.13625 0.2611111111111111
1 0.3628125 0.7527777777777778 0.166875 0.2833333333333333
4 0.854375 0.3688888888888889 0.1475 0.2777777777777778
