1 0.128125 0.7061111111111111 0.10625 0.2011111111111111
1 0.4271875 0.275 0.140625 0.22555555555555556
3 0.706875 0.39444444444444443 0.135 0.24222222222222223
4 0.5033333333333333 0.130625 0.19555555555555557 0.105
4 0.765 0.7540625 0.31444444444444447 0.191875
3 0.2916666666666667 0.51 0.17666666666666667 0.1675
0 0.23166666666666666 0.2815625 0.2588888888888889 0.175625
3 0.6338888888888888 0.6184375 0.2544444444444444 0.153125
3 0.0859375 0.5311111111111111 0.154375 0.31777777777777777
2 0.45625 0.5661111111111111 0.11875 0.23
3 0.868125 0.6461111111111111 0.16625 0.23222222222222222
0 0.1903125 0.7288888888888889 0.104375 0.23777777777777778
2 0.716875 0.39222222222222225 0.1225 0.19777777777777777
4 0.8578125 0.1527777777777778 0.154375 0.2633333333333333
2 0.2884375 0.4772222222222222 0.144375 0.3055555555555556
0 0.1028125 0.3 0.148125 0.25555555555555554
4 0.17444444444444446 0.8584375 0.21777777777777776 0.160625
2 0.23055555555555557 0.3309375 0.14777777777777779 0.123125
1 0.45 0.47 0.21777777777777776 0.14625
0 0.5877777777777777 0.1121875 0.3111111111111111 0.193125
1 0.7011111111111111 0.1990625 0.1688888888888889 0.113125
4 0.8465625 0.7194444444444444 0.116875 0.21444444444444444
0 0.24125 0.20833333333333334 0.12875 0.23444444444444446
0 0.696875 0.42055555555555557 0.12375 0.24333333333333335
1 0.0896875 0.535 0.130625 0.2633333333333333
4 0.539375 0.6144444444444445 0.11375 0.21333333333333335
2 0.215625 0.465 0.11625 0.1922222222222222
2 0.735625 0.2633333333333333 0.15125 0.24666666666666667
4 0.098125 0.42944444444444446 0.1325 0.27444444444444444
