3 0.2288888888888889 0.86125 0.19777777777777777 0.15125
4 0.731875 0.5961111111111111 0.14125 0.26555555555555554
0 0.1196875 0.5038888888888889 0.141875 0.24555555555555555
4 0.3484375 0.635 0.109375 0.17888888888888888
0 0.2275 0.7544444444444445 0.1125 0.2511111111111111
1 0.865 0.4577777777777778 0.16125 0.31777777777777777
0 0.4921875 0.35333333333333333 0.151875 0.2733333333333333
3 0.110625 0.1361111111111111 0.08125 0.18777777777777777
3 0.48375 0.6305555555555555 0.11625 0.23444444444444446
0 0.7321875 0.46 0.139375 0.27111111111111114
3 0.6140625 0.3616666666666667 0.140625 0.2633333333333333
3 0.710625 0.19444444444444445 0.1225 0.26666666666666666
2 0.835 0.35333333333333333 0.11625 0.2088888888888889
4 0.571875 0.25222222222222224 0.09875 0.19555555555555557
1 0.3428125 0.6683333333333333 0.149375 0.27666666666666667
0 0.4759375 0.27944444444444444 0.134375 0.25
0 0.6709375 0.5922222222222222 0.154375 0.28
0 0.115625 0.7444444444444445 0.155 0.2866666666666667
0 0.2803125 0.4127777777777778 0.114375 0.21888888888888888
