3 0.333125 0.515 0.10125 0.21888888888888888
0 0.065625 0.14944444444444444 0.0725 0.2611111111111111
3 0.8290625 0.31722222222222224 0.078125 0.21
3 0.4640625 0.4855555555555556 0.106875 0.2777777777777778
4 0.08875 0.32222222222222224 0.09375 0.2288888888888889
3 0.2771875 0.6083333333333333 0.101875 0.24555555555555555
0 0.878125 0.7883333333333333 0.1975 0.32555555555555554
3 0.273125 0.6338888888888888 0.1375 0.2788888888888889
4 0.588125 0.4255555555555556 0.2 0.34
1 0.8375 0.5144444444444445 0.12125 0.16666666666666666
3 0.1940625 0.3383333333333333 0.115625 0.31222222222222223
0 0.71375 0.21944444444444444 0.13 0.2388888888888889
4 0.598125 0.375 0.155 0.21888888888888888
4 0.3146875 0.7038888888888889 0.100625 0.21222222222222223
1 0.3771875 0.24222222222222223 0.141875 0.23333333333333334
0 0.2684375 0.15888888888888889 0.166875 0.2644444444444444
0 0.740625 0.7327777777777778 0.14125 0.21888888888888888
4 0.1371875 0.5711111111111111 0.146875 0.29333333333333333
0 0.486875 0.6405555555555555 0.11875 0.23444444444444446
4 0.7109375 0.6444444444444445 0.160625 0.2822222222222222
3 0.1109375 0.5327777777777778 0.170625 0.30333333333333334
4 0.2525 0.265 0.15125 0.25666666666666665
1 0.54875 0.73 0.13875 0.20666666666666667
3 0.14 0.1109375 0.2644444444444444 0.163125
1 0.5644444444444444 0.8734375 0.30666666666666664 0.171875
