4 0.646875 0.5622222222222222 0.125 0.1622222222222222
0 0.2759375 0.5261111111111111 0.146875 0.32555555555555554
2 0.84375 0.6144444444444445 0.13125 0.20666666666666667
2 0.240625 0.52 0.1325 0.23333333333333334
0 0.386875 0.3011111111111111 0.12375 0.2288888888888889
1 0.3883333333333333 0.324375 0.3211111111111111 0.17
4 0.5227777777777778 0.480625 0.3433333333333333 0.1225
4 0.7361111111111112 0.1365625 0.27666666666666667 0.154375
0 0.6288888888888889 0.6771875 0.3088888888888889 0.155625
4 0.4961111111111111 0.2725 0.22555555555555556 0.14625
4 0.4061111111111111 0.4215625 0.2611111111111111 0.155625
1 0.1638888888888889 0.5503125 0.20777777777777778 0.125625
4 0.24 0.691875 0.14444444444444443 0.12
0 0.7411111111111112 0.85875 0.28444444444444444 0.165
4 0.2915625 0.32166666666666666 0.149375 0.2611111111111111
4 0.8475 0.7355555555555555 0.14125 0.23333333333333334
0 0.4759375 0.1988888888888889 0.144375 0.3
4 0.54125 0.5422222222222223 0.12 0.23555555555555555
2 0.693125 0.2311111111111111 0.1325 0.22666666666666666
4 0.25875 0.4488888888888889 0.1375 0.25333333333333335
0 0.4175 0.6833333333333333 0.16375 0.31333333333333335
1 0.6646875 0.24444444444444444 0.124375 0.2511111111111111
