1 0.1309375 0.775 0.148125 0.2922222222222222
0 0.34625 0.7627777777777778 0.125 0.26555555555555554
3 0.1153125 0.5188888888888888 0.161875 0.1711111111111111
3 0.8325 0.14444444444444443 0.0975 0.2088888888888889
0 0.311875 0.225 0.1225 0.21
3 0.8409375 0.7461111111111111 0.124375 0.2877777777777778
3 0.1228125 0.4666666666666667 0.095625 0.2111111111111111
4 0.4221875 0.4911111111111111 0.164375 0.22666666666666666
0 0.71625 0.6294444444444445 0.1625 0.2833333333333333
4 0.838125 0.39166666666666666 0.11 0.24555555555555555
4 0.1165625 0.7166666666666667 0.143125 0.23777777777777778
0 0.57625 0.20222222222222222 0.1775 0.30444444444444446
2 0.6678125 0.48333333333333334 0.163125 0.2866666666666667
0 0.8465625 0.19055555555555556 0.138125 0.21222222222222223
3 0.0775 0.7555555555555555 0.13 0.31777777777777777
1 0.6090625 0.235 0.164375 0.3188888888888889
1 0.856875 0.5422222222222223 0.14875 0.23333333333333334
3 0.3321875 0.6938888888888889 0.120625 0.18555555555555556
3 0.36875 0.18388888888888888 0.13375 0.17666666666666667
0 0.7228125 0.6738888888888889 0.120625 0.3188888888888889
0 0.255 0.5705555555555556 0.1475 0.2788888888888889
