4 0.13625 0.6333333333333333 0.135 0.24888888888888888
2 0.7040625 0.735 0.138125 0.22555555555555556
4 0.8496875 0.31222222222222223 0.145625 0.28444444444444444
0 0.298125 0.5505555555555556 0.17625 0.31
0 0.5596875 0.3983333333333333 0.133125 0.23
1 0.39944444444444444 0.454375 0.17444444444444446 0.11625
2 0.6811111111111111 0.6153125 0.32666666666666666 0.176875
1 0.21777777777777776 0.861875 0.22444444444444445 0.145
0 0.3016666666666667 0.714375 0.18555555555555556 0.1125
4 0.5194444444444445 0.0578125 0.21 0.109375
3 0.08555555555555555 0.200625 0.16444444444444445 0.13375
4 0.2061111111111111 0.144375 0.20555555555555555 0.1375
0 0.6588888888888889 0.336875 0.3288888888888889 0.1675
3 0.36333333333333334 0.8790625 0.26 0.184375
4 0.8434375 0.19166666666666668 0.139375 0.2811111111111111
2 0.60625 0.7844444444444445 0.1625 0.3288888888888889
0 0.5205555555555555 0.759375 0.1922222222222222 0.18125
0 0.21666666666666667 0.2640625 0.2733333333333333 0.160625
4 0.49277777777777776 0.5003125 0.30777777777777776 0.148125
0 0.6115625 0.43944444444444447 0.156875 0.31222222222222223
3 0.1084375 0.6072222222222222 0.159375 0.3188888888888889
4 0.4709375 0.2361111111111111 0.128125 0.23444444444444446
4 0.3353125 0.6444444444444445 0.109375 0.2288888888888889
2 0.254375 0.345 0.2 0.2877777777777778
