3 0.5055555555555555 0.5453125 0.18666666666666668 0.139375
4 0.6494444444444445 0.255625 0.2677777777777778 0.1675
0 0.4677777777777778 0.4065625 0.31777777777777777 0.165625
4 0.26 0.7103125 0.31333333333333335 0.165625
1 0.5477777777777778 0.63125 0.2733333333333333 0.16375
4 0.604375 0.49833333333333335 0.14875 0.2588888888888889
2 0.33375 0.6738888888888889 0.10875 0.2722222222222222
3 0.2196875 0.7722222222222223 0.131875 0.29777777777777775
2 0.7328125 0.5966666666666667 0.154375 0.2866666666666667
1 0.360625 0.6866666666666666 0.14875 0.33111111111111113
4 0.4678125 0.545 0.116875 0.24555555555555555
3 0.1071875 0.4761111111111111 0.135625 0.3055555555555556
4 0.6128125 0.2594444444444444 0.159375 0.2677777777777778
2 0.1328125 0.715 0.128125 0.2388888888888889
1 0.3646875 0.18777777777777777 0.119375 0.26666666666666666
1 0.6603125 0.12833333333333333 0.125625 0.25666666666666665
0 0.495 0.7433333333333333 0.15125 0.27111111111111114
1 0.1225 0.24 0.1175 0.17777777777777778
1 0.7738888888888888 0.2571875 0.29 0.124375
3 0.39944444444444444 0.8503125 0.2477777777777778 0.145625
3 0.5244444444444445 0.423125 0.26222222222222225 0.165
0 0.1322222222222222 0.6946875 0.18444444444444444 0.125625
