4 0.2361111111111111 0.5840625 0.20333333333333334 0.185625
4 0.3416666666666667 0.4146875 0.18333333333333332 0.134375
3 0.48333333333333334 0.2821875 0.23555555555555555 0.155625
4 0.6938888888888889 0.83 0.19444444444444445 0.10375
3 0.5861111111111111 0.693125 0.21 0.1175
0 0.5544444444444444 0.5334375 0.28444444444444444 0.129375
4 0.7105555555555556 0.231875 0.1922222222222222 0.14
0 0.205 0.83125 0.19 0.11125
1 0.30944444444444447 0.3834375 0.1988888888888889 0.136875
4 0.45611111111111113 0.7053125 0.29 0.166875
3 0.4621875 0.2411111111111111 0.143125 0.2733333333333333
4 0.2803125 0.4638888888888889 0.160625 0.21
4 0.629375 0.5966666666666667 0.09625 0.22
1 0.4161111111111111 0.8540625 0.27444444444444444 0.124375
1 0.7738888888888888 0.6278125 0.31222222222222223 0.150625
2 0.26666666666666666 0.2790625 0.31333333333333335 0.171875
4 0.6794444444444444 0.1571875 0.29444444444444445 0.166875
0 0.8396875 0.4777777777777778 0.121875 0.2111111111111111
4 0.720625 0.7705555555555555 0.14125 0.29
0 0.216875 0.6772222222222222 0.16375 0.2722222222222222
1 0.4715625 0.43333333333333335 0.158125 0.2911111111111111
3 0.061875 0.5944444444444444 0.11125 0.27555555555555555
3 0.27055555555555555 0.661875 0.21222222222222223 0.12375
4 0.7105555555555556 0.4990625 0.22555555555555556 0.146875
3 0.4255555555555556 0.15375 0.23333333333333334 0.15375
