1 0.733125 0.6555555555555556 0.16 0.24222222222222223
1 0.8278125 0.39 0.091875 0.2111111111111111
4 0.0765625 0.5738888888888889 0.129375 0.24555555555555555
4 0.1765625 0.18777777777777777 0.073125 0.14
1 0.3065625 0.48388888888888887 0.085625 0.21444444444444444
4 0.0846875 0.2311111111111111 0.158125 0.19777777777777777
1 0.5790625 0.3688888888888889 0.113125 0.14888888888888888
0 0.6888888888888889 0.0946875 0.18666666666666668 0.133125
3 0.20277777777777778 0.8553125 0.31666666666666665 0.139375
1 0.251875 0.3327777777777778 0.17375 0.24555555555555555
4 0.5015625 0.28 0.185625 0.34444444444444444
4 0.2703125 0.4761111111111111 0.126875 0.19666666666666666
0 0.8546875 0.2783333333333333 0.136875 0.27
4 0.1428125 0.6577777777777778 0.160625 0.3244444444444444
1 0.7 0.12111111111111111 0.1175 0.18888888888888888
4 0.5646875 0.3611111111111111 0.136875 0.2
4 0.483125 0.17055555555555554 0.135 0.25
2 0.749375 0.37 0.17125 0.28
1 0.1190625 0.2561111111111111 0.151875 0.23666666666666666
4 0.469375 0.7594444444444445 0.14875 0.2922222222222222
3 0.6584375 0.45222222222222225 0.135625 0.26
3 0.093125 0.31166666666666665 0.17875 0.27
3 0.2590625 0.6177777777777778 0.119375 0.3
