0 0.4634375 0.24166666666666667 0.116875 0.23
3 0.3684375 0.5383333333333333 0.183125 0.3233333333333333
4 0.601875 0.6233333333333333 0.1375 0.32666666666666666
4 0.0796875 0.32611111111111113 0.118125 0.23222222222222222
4 0.19875 0.6405555555555555 0.1 0.19444444444444445
1 0.27375 0.6505555555555556 0.18625 0.3011111111111111
3 0.835625 0.3011111111111111 0.09375 0.27555555555555555
1 0.6921875 0.38555555555555554 0.111875 0.22
0 0.539375 0.5911111111111111 0.12375 0.2088888888888889
0 0.11375 0.7666666666666667 0.165 0.33555555555555555
4 0.240625 0.37777777777777777 0.12125 0.2311111111111111
2 0.8503125 0.7611111111111111 0.149375 0.2822222222222222
1 0.259375 0.5061111111111111 0.15375 0.27
3 0.099375 0.25722222222222224 0.13 0.2677777777777778
4 0.3809375 0.10611111111111111 0.100625 0.21222222222222223
1 0.703125 0.6522222222222223 0.1525 0.31333333333333335
0 0.6983333333333334 0.255625 0.14555555555555555 0.11875
4 0.29555555555555557 0.87 0.23777777777777778 0.1575
0 0.5844444444444444 0.6403125 0.2777777777777778 0.174375
3 0.18666666666666668 0.73125 0.19777777777777777 0.11875
1 0.3661111111111111 0.5021875 0.1988888888888889 0.135625
0 0.47333333333333333 0.389375 0.23333333333333334 0.14875
1 0.1346875 0.15166666666666667 0.139375 0.2388888888888889
0 0.2625 0.31 0.11125 0.3288888888888889
1 0.424375 0.5233333333333333 0.15 0.3022222222222222
1 0.2371875 0.5588888888888889 0.139375 0.2733333333333333
