1 0.7184375 0.2288888888888889 0.133125 0.18888888888888888
0 0.8584375 0.20055555555555554 0.170625 0.3188888888888889
3 0.24375 0.5455555555555556 0.1525 0.26222222222222225
1 0.3521875 0.4266666666666667 0.126875 0.2111111111111111
3 0.57 0.6122222222222222 0.07875 0.2088888888888889
2 0.1225 0.7761111111111111 0.15125 0.3477777777777778
3 0.3325 0.7688888888888888 0.1425 0.29333333333333333
1 0.480625 0.435 0.1775 0.31666666666666665
4 0.5746875 0.6388888888888888 0.105625 0.20666666666666667
2 0.7259375 0.3161111111111111 0.148125 0.25222222222222224
0 0.2665625 0.5205555555555555 0.145625 0.2966666666666667
4 0.64625 0.2627777777777778 0.1325 0.27444444444444444
0 0.8459375 0.37222222222222223 0.145625 0.24666666666666667
0 0.105 0.33166666666666667 0.12375 0.20777777777777778
0 0.5 0.7744444444444445 0.165 0.3022222222222222
2 0.8484375 0.4677777777777778 0.113125 0.21555555555555556
2 0.3209375 0.2411111111111111 0.181875 0.28888888888888886
4 0.5896875 0.34944444444444445 0.138125 0.2477777777777778
3 0.32375 0.4922222222222222 0.12 0.16
3 0.8346875 0.1922222222222222 0.113125 0.30444444444444446
3 0.3978125 0.4411111111111111 0.136875 0.29333333333333333
0 0.0840625 0.18166666666666667 0.106875 0.2011111111111111
2 0.265625 0.6644444444444444 0.17125 0.31333333333333335
3 0.73875 0.5588888888888889 0.15625 0.29333333333333333
1 0.624375 0.7761111111111111 0.18875 0.3388888888888889
3 0.180625 0.22833333333333333 0.085 0.21222222222222223
