1 0.54 0.850625 0.21777777777777776 0.13875
0 0.7172222222222222 0.4703125 0.23 0.118125
2 0.20944444444444443 0.7253125 0.2411111111111111 0.135625
3 0.35 0.3609375 0.18 0.145625
3 0.43555555555555553 0.5996875 0.18 0.130625
4 0.6709375 0.7705555555555555 0.140625 0.2811111111111111
4 0.8646875 0.37555555555555553 0.171875 0.30444444444444446
0 0.51875 0.25055555555555553 0.19125 0.32555555555555554
1 0.304375 0.7711111111111111 0.14 0.33555555555555555
4 0.5366666666666666 0.0915625 0.19777777777777777 0.120625
1 0.6355555555555555 0.48375 0.22444444444444445 0.15375
2 0.2922222222222222 0.84125 0.22 0.1175
0 0.425 0.25 0.31444444444444447 0.1875
1 0.3161111111111111 0.5009375 0.25666666666666665 0.169375
2 0.2127777777777778 0.8678125 0.3277777777777778 0.168125
0 0.4438888888888889 0.3109375 0.23444444444444446 0.156875
0 0.2594444444444444 0.6128125 0.2811111111111111 0.135625
3 0.15388888888888888 0.745625 0.26555555555555554 0.1675
4 0.5138888888888888 0.135 0.20333333333333334 0.1125
1 0.7072222222222222 0.385 0.19666666666666666 0.14625
4 0.3233333333333333 0.2596875 0.21333333333333335 0.129375
2 0.7003125 0.6583333333333333 0.154375 0.29444444444444445
3 0.8625 0.7838888888888889 0.17875 0.31222222222222223
1 0.3915625 0.525 0.135625 0.2611111111111111
