4 0.445 0.8628125 0.20333333333333334 0.151875
0 0.6988888888888889 0.269375 0.18222222222222223 0.07125
1 0.5894444444444444 0.486875 0.22777777777777777 0.1375
4 0.21166666666666667 0.1325 0.2633333333333333 0.16625
1 0.099375 0.42833333333333334 0.1475 0.2388888888888889
4 0.5428125 0.745 0.119375 0.2633333333333333
0 0.510625 0.505 0.18125 0.2811111111111111
0 0.718125 0.4038888888888889 0.10875 0.24333333333333335
4 0.24875 0.6605555555555556 0.14625 0.2611111111111111
4 0.359375 0.26944444444444443 0.12375 0.1411111111111111
4 0.6071875 0.5761111111111111 0.130625 0.25666666666666665
3 0.3753125 0.63 0.111875 0.2577777777777778
0 0.7028125 0.5605555555555556 0.163125 0.32555555555555554
0 0.06625 0.43333333333333335 0.0975 0.2777777777777778
1 0.486875 0.7694444444444445 0.14125 0.29444444444444445
4 0.288125 0.145 0.115 0.21
4 0.0859375 0.2788888888888889 0.080625 0.18666666666666668
1 0.23222222222222222 0.6653125 0.3244444444444444 0.131875
4 0.4622222222222222 0.11625 0.24 0.12375
4 0.7366666666666667 0.5025 0.24222222222222223 0.17
4 0.36277777777777775 0.323125 0.31444444444444447 0.175
1 0.7644444444444445 0.8628125 0.2777777777777778 0.179375
1 0.12055555555555555 0.658125 0.21444444444444444 0.12625
