0 0.42055555555555557 0.4315625 0.3188888888888889 0.171875
1 0.585 0.11125 0.19444444444444445 0.12125
2 0.155 0.713125 0.2411111111111111 0.14375
3 0.253125 0.7244444444444444 0.125 0.24888888888888888
1 0.8546875 0.62 0.128125 0.2288888888888889
0 0.4253125 0.4772222222222222 0.169375 0.31666666666666665
2 0.1559375 0.4011111111111111 0.178125 0.3
4 0.881875 0.2461111111111111 0.18625 0.33666666666666667
4 0.3834375 0.7122222222222222 0.151875 0.22444444444444445
4 0.4925 0.49 0.13 0.3022222222222222
4 0.6059375 0.27166666666666667 0.115625 0.21444444444444444
2 0.863125 0.7055555555555556 0.1575 0.21555555555555556
1 0.8528125 0.14333333333333334 0.145625 0.18888888888888888
0 0.0659375 0.5427777777777778 0.123125 0.22111111111111112
4 0.5890625 0.7477777777777778 0.135625 0.24666666666666667
0 0.2644444444444444 0.8684375 0.26222222222222225 0.165625
1 0.4272222222222222 0.385 0.2011111111111111 0.14375
