0 0.309375 0.48777777777777775 0.17375 0.30444444444444446
3 0.851875 0.3511111111111111 0.125 0.29333333333333333
0 0.124375 0.37277777777777776 0.14625 0.23
0 0.8503125 0.7038888888888889 0.131875 0.19666666666666666
1 0.3696875 0.5605555555555556 0.148125 0.2588888888888889
0 0.0821875 0.3561111111111111 0.139375 0.2722222222222222
0 0.35375 0.17833333333333334 0.16375 0.3211111111111111
4 0.8459375 0.28 0.139375 0.3
2 0.70125 0.74 0.14625 0.24222222222222223
4 0.105625 0.3416666666666667 0.1375 0.22777777777777777
0 0.7527777777777778 0.0946875 0.31 0.185625
1 0.581875 0.7272222222222222 0.0975 0.21222222222222223
0 0.126875 0.22277777777777777 0.15125 0.27
1 0.3571875 0.40444444444444444 0.130625 0.2777777777777778
2 0.854375 0.5733333333333334 0.16 0.26
