2 0.23277777777777778 0.3984375 0.27666666666666667 0.196875
3 0.2727777777777778 0.475 0.19 0.10625
3 0.42277777777777775 0.6275 0.3211111111111111 0.16625
4 0.15375 0.6283333333333333 0.18875 0.3011111111111111
3 0.3171875 0.4855555555555556 0.154375 0.28
1 0.4828125 0.35333333333333333 0.123125 0.28
0 0.860625 0.7488888888888889 0.155 0.2777777777777778
4 0.658125 0.18888888888888888 0.1125 0.21555555555555556
0 0.868125 0.43333333333333335 0.17125 0.28888888888888886
3 0.1340625 0.24444444444444444 0.114375 0.2311111111111111
3 0.5388888888888889 0.733125 0.18 0.145
4 0.7294444444444445 0.0771875 0.24333333333333335 0.140625
3 0.2222222222222222 0.59375 0.18222222222222223 0.1275
0 0.31555555555555553 0.8584375 0.2111111111111111 0.133125
4 0.84375 0.7161111111111111 0.14125 0.22777777777777777
1 0.6796875 0.6172222222222222 0.103125 0.22777777777777777
1 0.85125 0.37777777777777777 0.14875 0.2688888888888889
3 0.0903125 0.7266666666666667 0.101875 0.19777777777777777
1 0.5321875 0.23333333333333334 0.101875 0.21555555555555556
4 0.8346875 0.3605555555555556 0.116875 0.21888888888888888
3 0.2565625 0.15555555555555556 0.140625 0.3111111111111111
