4 0.860625 0.5466666666666666 0.16125 0.28
4 0.52375 0.41 0.0975 0.2222222222222222
1 0.0821875 0.6383333333333333 0.126875 0.25
4 0.7572222222222222 0.6234375 0.27666666666666667 0.149375
3 0.15611111111111112 0.8653125 0.21888888888888888 0.156875
4 0.5472222222222223 0.1459375 0.2388888888888889 0.144375
1 0.37833333333333335 0.394375 0.2833333333333333 0.16625
4 0.235 0.6194444444444445 0.09375 0.21444444444444444
0 0.144375 0.17666666666666667 0.1525 0.28444444444444444
0 0.734375 0.7272222222222222 0.1325 0.2388888888888889
0 0.200625 0.15611111111111112 0.12625 0.23
0 0.7196875 0.5594444444444444 0.134375 0.2633333333333333
0 0.5816666666666667 0.6378125 0.33 0.189375
1 0.745 0.7303125 0.24555555555555555 0.134375
3 0.6622222222222223 0.86 0.2866666666666667 0.15375
3 0.44333333333333336 0.3815625 0.2577777777777778 0.156875
1 0.6121875 0.4683333333333333 0.150625 0.29444444444444445
0 0.1184375 0.6677777777777778 0.155625 0.3111111111111111
4 0.8471875 0.33666666666666667 0.123125 0.22444444444444445
0 0.485625 0.5605555555555556 0.145 0.2877777777777778
1 0.2384375 0.17833333333333334 0.148125 0.29
3 0.7246875 0.23333333333333334 0.126875 0.2088888888888889
