4 0.8471875 0.7327777777777778 0.143125 0.24555555555555555
0 0.1078125 0.5166666666666667 0.128125 0.28444444444444444
1 0.093125 0.44277777777777777 0.13125 0.2877777777777778
2 0.4703125 0.2822222222222222 0.135625 0.26222222222222225
4 0.6771875 0.7527777777777778 0.174375 0.31444444444444447
4 0.2878125 0.5727777777777778 0.145625 0.25222222222222224
4 0.8396875 0.11333333333333333 0.124375 0.22
0 0.27444444444444444 0.6421875 0.3111111111111111 0.186875
3 0.5216666666666666 0.7403125 0.22555555555555556 0.145625
1 0.715 0.15125 0.22555555555555556 0.1575
1 0.6672222222222223 0.3975 0.3233333333333333 0.17375
4 0.3983333333333333 0.5215625 0.2788888888888889 0.179375
4 0.5661111111111111 0.736875 0.2722222222222222 0.1375
3 0.6227777777777778 0.284375 0.21444444444444444 0.17875
3 0.7377777777777778 0.6109375 0.24222222222222223 0.131875
1 0.275 0.1471875 0.32555555555555554 0.184375
4 0.40944444444444444 0.861875 0.2588888888888889 0.14375
4 0.2727777777777778 0.470625 0.26555555555555554 0.155
2 0.6844444444444444 0.8590625 0.3022222222222222 0.160625
0 0.4011111111111111 0.5984375 0.2088888888888889 0.153125
2 0.295 0.6971875 0.15444444444444444 0.094375
3 0.7133333333333334 0.20125 0.20222222222222222 0.13
3 0.4905555555555556 0.063125 0.23 0.11
4 0.1 0.5744444444444444 0.135 0.19555555555555557
1 0.8325 0.7416666666666667 0.1075 0.2544444444444444
4 0.27375 0.1738888888888889 0.11 0.21444444444444444
