4 0.5703125 0.41333333333333333 0.150625 0.2777777777777778
0 0.1525 0.5733333333333334 0.155 0.36444444444444446
4 0.8459375 0.7444444444444445 0.141875 0.24
4 0.7009375 0.17055555555555554 0.131875 0.25666666666666665
1 0.3028125 0.31777777777777777 0.175625 0.32
0 0.1196875 0.6377777777777778 0.133125 0.25555555555555554
0 0.8453125 0.18888888888888888 0.144375 0.24666666666666667
4 0.255625 0.2772222222222222 0.165 0.24555555555555555
3 0.1346875 0.4822222222222222 0.148125 0.3
3 0.6559375 0.2 0.095625 0.2733333333333333
4 0.8709375 0.7138888888888889 0.159375 0.22333333333333333
4 0.3096875 0.35444444444444445 0.133125 0.31333333333333335
3 0.475 0.5766666666666667 0.09875 0.22
3 0.8265625 0.6127777777777778 0.096875 0.19
0 0.6909375 0.19444444444444445 0.123125 0.20444444444444446
3 0.241875 0.5188888888888888 0.11625 0.21555555555555556
0 0.4846875 0.21944444444444444 0.121875 0.19666666666666666
4 0.2625 0.54 0.15625 0.2688888888888889
3 0.1484375 0.19333333333333333 0.166875 0.3333333333333333
4 0.3640625 0.4122222222222222 0.120625 0.20222222222222222
1 0.7178125 0.7116666666666667 0.110625 0.23222222222222222
1 0.1225 0.27055555555555555 0.11875 0.17888888888888888
4 0.3503125 0.6188888888888889 0.096875 0.19777777777777777
0 0.2840625 0.5033333333333333 0.203125 0.30444444444444446
4 0.603125 0.38055555555555554 0.125 0.23
4 0.8428125 0.3038888888888889 0.136875 0.27
3 0.094375 0.7311111111111112 0.09125 0.24222222222222223
