2 0.1365625 0.4677777777777778 0.141875 0.25555555555555554
4 0.3596875 0.35555555555555557 0.114375 0.20222222222222222
4 0.7175 0.53 0.1175 0.2088888888888889
3 0.843125 0.3061111111111111 0.13125 0.27444444444444444
2 0.6515625 0.31333333333333335 0.136875 0.24666666666666667
3 0.855625 0.165 0.16375 0.23444444444444446
1 0.28 0.8590625 0.24222222222222223 0.161875
0 0.47888888888888886 0.6740625 0.3333333333333333 0.149375
3 0.5883333333333334 0.315625 0.24555555555555555 0.145
4 0.85875 0.38 0.1425 0.24888888888888888
4 0.3271875 0.26944444444444443 0.144375 0.2722222222222222
2 0.495625 0.4816666666666667 0.12625 0.20555555555555555
0 0.7159375 0.3227777777777778 0.119375 0.22777777777777777
3 0.3303125 0.5705555555555556 0.105625 0.25666666666666665
0 0.2490625 0.31222222222222223 0.195625 0.36
1 0.4728125 0.6933333333333334 0.138125 0.19111111111111112
1 0.1003125 0.48055555555555557 0.150625 0.23222222222222222
1 0.84875 0.4111111111111111 0.13125 0.24888888888888888
3 0.5721875 0.6427777777777778 0.084375 0.24555555555555555
4 0.29555555555555557 0.0953125 0.31333333333333335 0.190625
1 0.6044444444444445 0.445 0.21777777777777776 0.10625
4 0.48444444444444446 0.2646875 0.21555555555555556 0.138125
4 0.3605555555555556 0.6765625 0.20555555555555555 0.176875
0 0.7422222222222222 0.87125 0.25333333333333335 0.17375
0 0.135 0.7577777777777778 0.16125 0.3
0 0.4846875 0.33055555555555555 0.140625 0.23444444444444446
