0 0.2403125 0.51 0.133125 0.23777777777777778
3 0.3721875 0.39222222222222225 0.090625 0.21555555555555556
4 0.558125 0.735 0.15625 0.2588888888888889
3 0.859375 0.2222222222222222 0.14625 0.3022222222222222
0 0.08875 0.34944444444444445 0.1625 0.2788888888888889
4 0.3215625 0.4022222222222222 0.109375 0.21777777777777776
3 0.21 0.26222222222222225 0.14625 0.2688888888888889
4 0.74125 0.6061111111111112 0.17 0.29444444444444445
0 0.266875 0.4677777777777778 0.0975 0.21777777777777776
3 0.8303125 0.235 0.106875 0.23222222222222222
1 0.485625 0.7577777777777778 0.1625 0.31555555555555553
1 0.1075 0.3844444444444444 0.15 0.2911111111111111
2 0.6565625 0.6066666666666667 0.131875 0.25555555555555554
1 0.3896875 0.3016666666666667 0.159375 0.2966666666666667
1 0.74 0.4 0.15375 0.31555555555555553
2 0.495625 0.5238888888888888 0.135 0.20555555555555555
3 0.140625 0.47833333333333333 0.13125 0.2922222222222222
3 0.21888888888888888 0.7225 0.2511111111111111 0.15375
4 0.28944444444444445 0.275 0.19 0.1175
1 0.5472222222222223 0.5940625 0.3011111111111111 0.183125
1 0.3927777777777778 0.8284375 0.19444444444444445 0.079375
4 0.6233333333333333 0.4334375 0.2511111111111111 0.148125
2 0.7138888888888889 0.1240625 0.22777777777777777 0.100625
0 0.5244444444444445 0.3725 0.19777777777777777 0.12
4 0.37833333333333335 0.1465625 0.24555555555555555 0.144375
4 0.7016666666666667 0.6046875 0.21 0.108125
3 0.448125 0.5538888888888889 0.0875 0.1811111111111111
4 0.2865625 0.10388888888888889 0.136875 0.20777777777777778
