4 0.6559375 0.5294444444444445 0.131875 0.14333333333333334
4 0.4709375 0.7194444444444444 0.140625 0.24333333333333335
1 0.2721875 0.16 0.121875 0.24222222222222223
0 0.5372222222222223 0.1190625 0.24333333333333335 0.163125
0 0.3277777777777778 0.8525 0.20666666666666667 0.12125
4 0.4011111111111111 0.4621875 0.1622222222222222 0.095625
4 0.6172222222222222 0.5996875 0.21222222222222223 0.119375
0 0.28833333333333333 0.3690625 0.3188888888888889 0.160625
3 0.14722222222222223 0.741875 0.22777777777777777 0.1525
4 0.8371875 0.46 0.109375 0.2
3 0.4484375 0.33055555555555555 0.080625 0.18777777777777777
0 0.6878125 0.625 0.185625 0.2833333333333333
3 0.8646875 0.665 0.149375 0.2788888888888889
3 0.075 0.7727777777777778 0.12625 0.29888888888888887
4 0.7109375 0.24333333333333335 0.101875 0.2088888888888889
0 0.2271875 0.3933333333333333 0.171875 0.31555555555555553
1 0.45375 0.13722222222222222 0.10625 0.19
4 0.6090625 0.5666666666666667 0.156875 0.27555555555555555
2 0.3503125 0.1738888888888889 0.153125 0.26555555555555554
2 0.115625 0.3983333333333333 0.1875 0.33
1 0.5878125 0.18944444444444444 0.119375 0.20555555555555555
2 0.866875 0.42944444444444446 0.16625 0.34555555555555556
1 0.1028125 0.5822222222222222 0.171875 0.3111111111111111
2 0.3484375 0.7466666666666667 0.151875 0.3
0 0.18444444444444444 0.4825 0.22444444444444445 0.13375
0 0.6777777777777778 0.1340625 0.29777777777777775 0.171875
4 0.5766666666666667 0.2590625 0.2777777777777778 0.176875
