0 0.4211111111111111 0.0853125 0.26666666666666666 0.163125
4 0.6994444444444444 0.321875 0.16777777777777778 0.11625
1 0.24833333333333332 0.6071875 0.2477777777777778 0.166875
3 0.3488888888888889 0.4840625 0.26222222222222225 0.130625
3 0.6644444444444444 0.254375 0.24666666666666667 0.145
1 0.85 0.4905555555555556 0.12 0.3011111111111111
3 0.5875 0.655 0.11375 0.24333333333333335
4 0.21125 0.275 0.13875 0.25666666666666665
3 0.3465625 0.19777777777777777 0.150625 0.29555555555555557
4 0.076875 0.5483333333333333 0.12875 0.22333333333333333
4 0.5444444444444444 0.4740625 0.24222222222222223 0.144375
0 0.4666666666666667 0.6125 0.2733333333333333 0.16375
4 0.6438888888888888 0.22125 0.2544444444444444 0.155
4 0.5338888888888889 0.5515625 0.2544444444444444 0.105625
1 0.45166666666666666 0.306875 0.2877777777777778 0.17875
2 0.20944444444444443 0.841875 0.2011111111111111 0.12375
4 0.3055555555555556 0.134375 0.19555555555555557 0.11375
1 0.7272222222222222 0.44125 0.2411111111111111 0.16625
1 0.6127777777777778 0.6978125 0.21222222222222223 0.116875
3 0.84 0.15944444444444444 0.10625 0.17222222222222222
1 0.3784375 0.3572222222222222 0.140625 0.20777777777777778
3 0.129375 0.55 0.12125 0.23333333333333334
0 0.600625 0.5444444444444444 0.13875 0.2644444444444444
3 0.8521875 0.7316666666666667 0.126875 0.25222222222222224
2 0.081875 0.3411111111111111 0.13125 0.24444444444444444
4 0.3434375 0.15444444444444444 0.139375 0.2577777777777778
