4 0.3753125 0.7366666666666667 0.148125 0.26
1 0.1415625 0.3788888888888889 0.154375 0.2688888888888889
3 0.6 0.5488888888888889 0.12375 0.24666666666666667
4 0.1171875 0.7255555555555555 0.156875 0.25333333333333335
0 0.065625 0.28444444444444444 0.1275 0.18888888888888888
2 0.4596875 0.7266666666666667 0.128125 0.23777777777777778
3 0.860625 0.4577777777777778 0.1425 0.2577777777777778
2 0.235 0.0878125 0.23444444444444446 0.149375
4 0.17277777777777778 0.8271875 0.18777777777777777 0.089375
4 0.38222222222222224 0.59875 0.24 0.12375
4 0.7283333333333334 0.0928125 0.19666666666666666 0.091875
2 0.8828125 0.5777777777777777 0.204375 0.36
0 0.7215625 0.6616666666666666 0.163125 0.31666666666666665
1 0.5715625 0.21833333333333332 0.144375 0.27
1 0.255 0.2625 0.2633333333333333 0.155
3 0.435 0.5275 0.22333333333333333 0.08375
4 0.5522222222222222 0.410625 0.25555555555555554 0.15
