2 0.6388888888888888 0.8671875 0.2577777777777778 0.164375
0 0.25666666666666665 0.7378125 0.2688888888888889 0.148125
4 0.32944444444444443 0.134375 0.22111111111111112 0.1525
0 0.14444444444444443 0.3759375 0.23777777777777778 0.151875
3 0.5316666666666666 0.6175 0.23666666666666666 0.15
0 0.5896875 0.7616666666666667 0.136875 0.27444444444444444
3 0.861875 0.275 0.17625 0.2922222222222222
4 0.0978125 0.4127777777777778 0.163125 0.2388888888888889
0 0.3425 0.6094444444444445 0.1475 0.3011111111111111
4 0.88375 0.16333333333333333 0.18375 0.3
0 0.3359375 0.3333333333333333 0.115625 0.24444444444444444
4 0.0984375 0.7122222222222222 0.153125 0.2088888888888889
4 0.6121875 0.5766666666666667 0.154375 0.33555555555555555
4 0.5527777777777778 0.1496875 0.26555555555555554 0.149375
1 0.35944444444444446 0.62875 0.29 0.1725
4 0.21125 0.31055555555555553 0.11625 0.22777777777777777
4 0.6316666666666667 0.70375 0.21888888888888888 0.15
1 0.7083333333333334 0.0846875 0.17222222222222222 0.114375
4 0.255 0.405 0.2611111111111111 0.15375
4 0.4834375 0.6272222222222222 0.114375 0.21222222222222223
3 0.8446875 0.5538888888888889 0.128125 0.23
4 0.123125 0.21388888888888888 0.1025 0.20333333333333334
2 0.6165625 0.335 0.144375 0.2833333333333333
