0 0.8728125 0.77 0.176875 0.32666666666666666
3 0.06125 0.2411111111111111 0.12 0.2288888888888889
3 0.53875 0.6161111111111112 0.075 0.19666666666666666
3 0.2978125 0.35055555555555556 0.166875 0.2611111111111111
3 0.4303125 0.235 0.144375 0.22777777777777777
4 0.12625 0.7272222222222222 0.12125 0.23666666666666666
2 0.61625 0.24944444444444444 0.13375 0.25222222222222224
1 0.47625 0.37166666666666665 0.15125 0.30333333333333334
4 0.86 0.48 0.15 0.26666666666666666
4 0.080625 0.7294444444444445 0.12875 0.2611111111111111
3 0.6659375 0.27666666666666667 0.146875 0.36444444444444446
4 0.2727777777777778 0.09 0.23444444444444446 0.16125
4 0.7088888888888889 0.691875 0.21333333333333335 0.11625
4 0.135 0.5384375 0.1811111111111111 0.121875
1 0.253125 0.31277777777777777 0.1625 0.2477777777777778
4 0.613125 0.4172222222222222 0.155 0.2811111111111111
4 0.36 0.6755555555555556 0.13375 0.2733333333333333
3 0.8428125 0.23166666666666666 0.128125 0.2588888888888889
3 0.859375 0.2677777777777778 0.145 0.21777777777777776
2 0.45875 0.5988888888888889 0.1125 0.25555555555555554
4 0.099375 0.7694444444444445 0.1625 0.2833333333333333
