3 0.4811111111111111 0.4928125 0.20222222222222222 0.143125
4 0.6016666666666667 0.673125 0.1988888888888889 0.13625
1 0.09125 0.3561111111111111 0.12 0.2388888888888889
0 0.8440625 0.535 0.125625 0.20555555555555555
4 0.5238888888888888 0.329375 0.18333333333333332 0.13
4 0.21666666666666667 0.8584375 0.24888888888888888 0.160625
2 0.22625 0.4677777777777778 0.18375 0.28
4 0.47125 0.76 0.1575 0.2911111111111111
1 0.8525 0.345 0.14625 0.22555555555555556
0 0.6009375 0.2872222222222222 0.159375 0.3011111111111111
3 0.5171875 0.2872222222222222 0.176875 0.36333333333333334
0 0.8603125 0.15222222222222223 0.149375 0.29555555555555557
0 0.6321875 0.34555555555555556 0.169375 0.2777777777777778
1 0.731875 0.41 0.13125 0.20444444444444446
4 0.2790625 0.5388888888888889 0.175625 0.26
1 0.3778125 0.7416666666666667 0.135625 0.2588888888888889
0 0.1653125 0.665 0.185625 0.31
2 0.86 0.185 0.14 0.23444444444444446
3 0.7471875 0.36833333333333335 0.176875 0.24555555555555555
4 0.601875 0.5388888888888889 0.1475 0.2311111111111111
2 0.195 0.725 0.11875 0.2477777777777778
4 0.31125 0.6083333333333333 0.09 0.1922222222222222
1 0.33875 0.5494444444444444 0.10875 0.23444444444444446
4 0.485625 0.2361111111111111 0.1525 0.29444444444444445
0 0.0965625 0.7238888888888889 0.125625 0.2388888888888889
3 0.609375 0.665 0.14875 0.29444444444444445
