4 0.6046875 0.375 0.121875 0.23222222222222222
4 0.508125 0.32722222222222225 0.175 0.31222222222222223
3 0.71125 0.18166666666666667 0.09 0.19444444444444445
4 0.2303125 0.4688888888888889 0.110625 0.24444444444444444
4 0.1128125 0.6244444444444445 0.120625 0.20444444444444446
3 0.1071875 0.7094444444444444 0.116875 0.22777777777777777
1 0.47375 0.6066666666666667 0.12125 0.26222222222222225
2 0.6825 0.26 0.175 0.28888888888888886
4 0.6366666666666667 0.0865625 0.26666666666666666 0.170625
1 0.44277777777777777 0.2240625 0.2966666666666667 0.133125
0 0.849375 0.4022222222222222 0.14125 0.2822222222222222
3 0.6053125 0.22611111111111112 0.134375 0.2633333333333333
0 0.1309375 0.59 0.148125 0.32222222222222224
3 0.3534375 0.4461111111111111 0.111875 0.2011111111111111
4 0.511875 0.35333333333333333 0.18875 0.3511111111111111
0 0.59125 0.3844444444444444 0.145 0.26222222222222225
4 0.3428125 0.2011111111111111 0.165625 0.27111111111111114
3 0.85125 0.5444444444444444 0.1475 0.20666666666666667
4 0.2496875 0.305 0.145625 0.30333333333333334
0 0.8559375 0.18611111111111112 0.151875 0.2922222222222222
4 0.5396875 0.7022222222222222 0.123125 0.18888888888888888
1 0.29888888888888887 0.8365625 0.1511111111111111 0.116875
2 0.4677777777777778 0.4671875 0.2288888888888889 0.129375
4 0.195 0.281875 0.2011111111111111 0.13375
0 0.6455555555555555 0.6875 0.32666666666666666 0.195
