0 0.8553125 0.36 0.161875 0.27111111111111114
4 0.0734375 0.5411111111111111 0.106875 0.25333333333333335
4 0.3334375 0.165 0.124375 0.2588888888888889
0 0.605 0.7427777777777778 0.165 0.27666666666666667
0 0.1209375 0.28555555555555556 0.180625 0.3511111111111111
0 0.848125 0.33555555555555555 0.11375 0.20222222222222222
4 0.7334375 0.36277777777777775 0.151875 0.2966666666666667
4 0.86125 0.24722222222222223 0.145 0.26555555555555554
0 0.2053125 0.16444444444444445 0.144375 0.29777777777777775
4 0.4665625 0.5627777777777778 0.141875 0.29888888888888887
0 0.3525 0.6483333333333333 0.17625 0.27
3 0.41375 0.6633333333333333 0.16625 0.3
0 0.0934375 0.5166666666666667 0.119375 0.22444444444444445
0 0.695 0.72875 0.17666666666666667 0.12875
4 0.3927777777777778 0.871875 0.31 0.17875
1 0.4 0.258125 0.14 0.1275
0 0.5466666666666666 0.3875 0.24888888888888888 0.15125
0 0.7761111111111111 0.4853125 0.31222222222222223 0.161875
3 0.18888888888888888 0.0821875 0.27555555555555555 0.116875
3 0.28 0.865 0.17333333333333334 0.15875
4 0.45 0.6503125 0.2288888888888889 0.110625
1 0.6055555555555555 0.288125 0.25555555555555554 0.14875
2 0.7225 0.36444444444444446 0.12 0.1688888888888889
0 0.49 0.2611111111111111 0.17 0.28
2 0.0775 0.6433333333333333 0.11875 0.2511111111111111
4 0.361875 0.7538888888888889 0.1725 0.31222222222222223
3 0.8546875 0.44166666666666665 0.125625 0.16555555555555557
