3 0.5061111111111111 0.6884375 0.2611111111111111 0.118125
0 0.23333333333333334 0.403125 0.20666666666666667 0.1325
1 0.6366666666666667 0.4740625 0.20444444444444446 0.091875
1 0.7188888888888889 0.84125 0.18 0.105
4 0.5372222222222223 0.3790625 0.19444444444444445 0.141875
1 0.3705555555555556 0.7421875 0.23666666666666666 0.148125
2 0.1638888888888889 0.6128125 0.1988888888888889 0.129375
3 0.7111111111111111 0.494375 0.22444444444444445 0.16625
1 0.6166666666666667 0.848125 0.23333333333333334 0.1325
1 0.5211111111111111 0.7284375 0.23555555555555555 0.173125
3 0.41944444444444445 0.2775 0.24555555555555555 0.145
0 0.21833333333333332 0.135625 0.27 0.1525
0 0.6388888888888888 0.86 0.2577777777777778 0.145
3 0.095 0.7827777777777778 0.14 0.33666666666666667
4 0.6803125 0.5138888888888888 0.096875 0.19444444444444445
1 0.2490625 0.47944444444444445 0.145625 0.3233333333333333
3 0.37625 0.33444444444444443 0.09625 0.2311111111111111
1 0.31555555555555553 0.075625 0.22666666666666666 0.1375
4 0.26611111111111113 0.735625 0.2877777777777778 0.17
4 0.6277777777777778 0.4546875 0.2111111111111111 0.123125
1 0.5366666666666666 0.8290625 0.18888888888888888 0.098125
0 0.46555555555555556 0.5865625 0.20666666666666667 0.129375
1 0.8421875 0.7533333333333333 0.139375 0.24888888888888888
4 0.1190625 0.3516666666666667 0.130625 0.2588888888888889
3 0.47125 0.16833333333333333 0.11625 0.16111111111111112
