3 0.33625 0.7272222222222222 0.0925 0.19444444444444445
1 0.8315625 0.21833333333333332 0.095625 0.21222222222222223
1 0.10875 0.5494444444444444 0.13125 0.18555555555555556
2 0.30333333333333334 0.7434375 0.28 0.168125
1 0.645 0.4825 0.2388888888888889 0.16625
4 0.4533333333333333 0.585625 0.21777777777777776 0.1125
4 0.220625 0.605 0.1075 0.16555555555555557
4 0.52625 0.5083333333333333 0.11125 0.17666666666666667
3 0.36625 0.7505555555555555 0.095 0.25
2 0.07 0.41944444444444445 0.10875 0.20333333333333334
4 0.6965625 0.345 0.148125 0.2588888888888889
4 0.835 0.245 0.12125 0.2633333333333333
2 0.13833333333333334 0.6771875 0.25222222222222224 0.178125
1 0.30944444444444447 0.0815625 0.29888888888888887 0.146875
2 0.27375 0.6166666666666667 0.13875 0.2644444444444444
2 0.651875 0.18944444444444444 0.11375 0.22333333333333333
2 0.4853125 0.3711111111111111 0.170625 0.31555555555555553
3 0.0690625 0.4777777777777778 0.119375 0.2577777777777778
3 0.8509375 0.51 0.148125 0.20222222222222222
1 0.09125 0.3711111111111111 0.1525 0.32666666666666666
0 0.350625 0.7572222222222222 0.16375 0.29444444444444445
4 0.4878125 0.5038888888888889 0.141875 0.26555555555555554
4 0.8559375 0.35888888888888887 0.129375 0.23333333333333334
1 0.103125 0.6022222222222222 0.12 0.20444444444444446
