3 0.27055555555555555 0.873125 0.3277777777777778 0.18
0 0.6861111111111111 0.2615625 0.17444444444444446 0.076875
1 0.4583333333333333 0.6596875 0.21222222222222223 0.126875
4 0.6621875 0.28 0.129375 0.2511111111111111
3 0.5561111111111111 0.8271875 0.2477777777777778 0.096875
4 0.3427777777777778 0.05875 0.18777777777777777 0.10375
4 0.22444444444444445 0.3609375 0.31777777777777777 0.194375
0 0.3046875 0.7116666666666667 0.138125 0.22555555555555556
3 0.874375 0.32 0.16625 0.28
0 0.1334375 0.4716666666666667 0.165625 0.30333333333333334
4 0.6921875 0.5983333333333334 0.173125 0.2788888888888889
4 0.5783333333333334 0.1440625 0.2388888888888889 0.133125
4 0.7505555555555555 0.276875 0.2544444444444444 0.16125
1 0.3488888888888889 0.73375 0.2733333333333333 0.1225
1 0.414375 0.22833333333333333 0.12375 0.2388888888888889
1 0.5553125 0.7094444444444444 0.116875 0.2011111111111111
4 0.8534375 0.37166666666666665 0.136875 0.32555555555555554
1 0.238125 0.5216666666666666 0.11 0.22333333333333333
0 0.375 0.6544444444444445 0.1425 0.29555555555555557
4 0.7425 0.2783333333333333 0.15375 0.31666666666666665
1 0.8571875 0.445 0.141875 0.2633333333333333
0 0.620625 0.7627777777777778 0.15125 0.31666666666666665
