4 0.6428125 0.17166666666666666 0.101875 0.2633333333333333
0 0.474375 0.46944444444444444 0.13625 0.28555555555555556
4 0.82625 0.7361111111111112 0.09625 0.24555555555555555
4 0.589375 0.3638888888888889 0.11625 0.2011111111111111
0 0.3390625 0.7188888888888889 0.101875 0.24444444444444444
2 0.6905555555555556 0.4925 0.3211111111111111 0.19375
3 0.17888888888888888 0.603125 0.25333333333333335 0.16
0 0.4772222222222222 0.2259375 0.27666666666666667 0.170625
0 0.3566666666666667 0.3203125 0.22666666666666666 0.104375
4 0.6238888888888889 0.0746875 0.18555555555555556 0.125625
4 0.5838888888888889 0.74 0.27 0.18
0 0.505625 0.30444444444444446 0.1725 0.3288888888888889
0 0.363125 0.6611111111111111 0.13375 0.2733333333333333
1 0.1153125 0.46166666666666667 0.130625 0.1811111111111111
0 0.25 0.3383333333333333 0.15375 0.24333333333333335
2 0.8509375 0.7461111111111111 0.123125 0.2877777777777778
2 0.6675 0.6094444444444445 0.16375 0.29
3 0.0796875 0.7661111111111111 0.130625 0.2966666666666667
3 0.4590625 0.13166666666666665 0.128125 0.2544444444444444
3 0.28 0.2811111111111111 0.15125 0.24666666666666667
1 0.345 0.4009375 0.30777777777777776 0.164375
1 0.6372222222222222 0.6840625 0.28555555555555556 0.110625
0 0.37166666666666665 0.55375 0.15888888888888889 0.16
4 0.7394444444444445 0.0975 0.2877777777777778 0.17625
