2 0.23444444444444446 0.2784375 0.2288888888888889 0.126875
4 0.5222222222222223 0.709375 0.20666666666666667 0.13875
1 0.6483333333333333 0.5896875 0.2588888888888889 0.183125
3 0.6953125 0.7427777777777778 0.096875 0.2677777777777778
4 0.129375 0.4577777777777778 0.11125 0.1711111111111111
3 0.2971875 0.40166666666666667 0.160625 0.29444444444444445
2 0.4415625 0.14944444444444444 0.163125 0.2611111111111111
0 0.0965625 0.31166666666666665 0.149375 0.30777777777777776
0 0.7465625 0.6761111111111111 0.171875 0.3322222222222222
4 0.230625 0.3927777777777778 0.1625 0.29444444444444445
0 0.855625 0.5344444444444445 0.13375 0.22444444444444445
2 0.3471875 0.18833333333333332 0.139375 0.23666666666666666
4 0.594375 0.43277777777777776 0.1225 0.19666666666666666
3 0.6753125 0.29388888888888887 0.096875 0.23222222222222222
0 0.258125 0.2222222222222222 0.17375 0.3022222222222222
0 0.116875 0.7716666666666666 0.19375 0.32555555555555554
0 0.5438888888888889 0.8646875 0.25222222222222224 0.174375
3 0.15388888888888888 0.6134375 0.21888888888888888 0.181875
1 0.7322222222222222 0.34 0.25333333333333335 0.14375
2 0.38055555555555554 0.0959375 0.29888888888888887 0.164375
4 0.7 0.4533333333333333 0.14625 0.26666666666666666
4 0.37375 0.6233333333333333 0.11125 0.19777777777777777
3 0.5855555555555556 0.875 0.24222222222222223 0.17125
1 0.7622222222222222 0.093125 0.29777777777777775 0.14375
