0 0.4346875 0.15833333333333333 0.185625 0.26555555555555554
1 0.5615625 0.41888888888888887 0.144375 0.33111111111111113
4 0.846875 0.22666666666666666 0.125 0.17555555555555555
4 0.2565625 0.5983333333333334 0.124375 0.23444444444444446
0 0.699375 0.4822222222222222 0.125 0.2311111111111111
4 0.7477777777777778 0.5740625 0.29777777777777775 0.169375
4 0.27166666666666667 0.3884375 0.12555555555555556 0.081875
3 0.5405555555555556 0.8375 0.27444444444444444 0.12625
0 0.2561111111111111 0.14125 0.2877777777777778 0.15625
1 0.63 0.2853125 0.2577777777777778 0.160625
4 0.1090625 0.225 0.166875 0.2922222222222222
3 0.205625 0.7272222222222222 0.1075 0.23444444444444446
4 0.345 0.65 0.13375 0.2577777777777778
3 0.699375 0.5466666666666666 0.085 0.2288888888888889
4 0.59875 0.38222222222222224 0.13625 0.25333333333333335
0 0.4703125 0.27111111111111114 0.131875 0.2088888888888889
4 0.53 0.7296875 0.25555555555555554 0.183125
4 0.31555555555555553 0.2321875 0.21333333333333335 0.106875
2 0.7105555555555556 0.5771875 0.22777777777777777 0.184375
1 0.6455555555555555 0.1109375 0.29333333333333333 0.170625
1 0.3759375 0.5911111111111111 0.148125 0.31555555555555553
0 0.256875 0.22111111111111112 0.15125 0.2822222222222222
4 0.7328125 0.40555555555555556 0.138125 0.29777777777777775
3 0.4875 0.6205555555555555 0.13 0.19666666666666666
3 0.874375 0.33166666666666667 0.17875 0.3277777777777778
4 0.858125 0.735 0.13875 0.2788888888888889
3 0.5471875 0.5994444444444444 0.088125 0.22333333333333333
