3 0.066875 0.6061111111111112 0.09875 0.20555555555555555
4 0.2825 0.7883333333333333 0.14875 0.3188888888888889
3 0.66 0.5133333333333333 0.14125 0.2688888888888889
3 0.6265625 0.4072222222222222 0.151875 0.25666666666666665
0 0.413125 0.33555555555555555 0.13875 0.23333333333333334
0 0.113125 0.7477777777777778 0.12125 0.2577777777777778
0 0.2734375 0.26722222222222225 0.150625 0.29444444444444445
3 0.6965625 0.2677777777777778 0.130625 0.2733333333333333
4 0.225625 0.6322222222222222 0.10875 0.23777777777777778
4 0.269375 0.6061111111111112 0.14625 0.27444444444444444
1 0.471875 0.31722222222222224 0.1575 0.2833333333333333
4 0.06375 0.7327777777777778 0.1275 0.23444444444444446
1 0.82625 0.6827777777777778 0.0975 0.1411111111111111
2 0.6609375 0.20166666666666666 0.154375 0.31
4 0.456875 0.31555555555555553 0.1325 0.25555555555555554
1 0.871875 0.2544444444444444 0.16125 0.3
0 0.7171875 0.37 0.151875 0.32222222222222224
4 0.255625 0.755 0.12875 0.25666666666666665
2 0.419375 0.675 0.15625 0.3055555555555556
0 0.57875 0.5905555555555555 0.175 0.34555555555555556
