3 0.1325 0.39444444444444443 0.1125 0.28444444444444444
0 0.8565625 0.645 0.148125 0.2922222222222222
0 0.4896875 0.2861111111111111 0.169375 0.3388888888888889
4 0.83625 0.41833333333333333 0.1275 0.22777777777777777
1 0.095625 0.7138888888888889 0.12125 0.22777777777777777
1 0.5484375 0.25277777777777777 0.141875 0.2877777777777778
3 0.2484375 0.5744444444444444 0.131875 0.14666666666666667
1 0.5975 0.5744444444444444 0.1475 0.26666666666666666
4 0.8759375 0.6372222222222222 0.179375 0.28555555555555556
2 0.48375 0.5455555555555556 0.18125 0.35777777777777775
4 0.2628125 0.365 0.131875 0.25222222222222224
0 0.5596875 0.435 0.148125 0.27666666666666667
1 0.09125 0.15388888888888888 0.115 0.15222222222222223
1 0.7115625 0.6472222222222223 0.150625 0.2633333333333333
0 0.3940625 0.2911111111111111 0.118125 0.2088888888888889
1 0.2459375 0.7555555555555555 0.123125 0.26
