0 0.6159375 0.7394444444444445 0.179375 0.27
2 0.34375 0.34944444444444445 0.13 0.29444444444444445
4 0.0934375 0.11388888888888889 0.124375 0.22333333333333333
0 0.225 0.8475 0.22555555555555556 0.12125
1 0.7005555555555556 0.343125 0.17888888888888888 0.13125
1 0.854375 0.5416666666666666 0.1425 0.2966666666666667
4 0.1021875 0.2866666666666667 0.140625 0.2511111111111111
0 0.2590625 0.41 0.154375 0.2644444444444444
1 0.3921875 0.2722222222222222 0.181875 0.3488888888888889
0 0.1284375 0.3861111111111111 0.125625 0.24333333333333335
1 0.623125 0.7611111111111111 0.17125 0.3244444444444444
3 0.87375 0.22833333333333333 0.17 0.21666666666666667
3 0.3425 0.7372222222222222 0.1475 0.25222222222222224
2 0.08 0.5894444444444444 0.1425 0.28555555555555556
2 0.84375 0.7255555555555555 0.14125 0.19777777777777777
3 0.571875 0.31722222222222224 0.09875 0.21222222222222223
0 0.4859375 0.47 0.156875 0.3022222222222222
4 0.844375 0.6055555555555555 0.13375 0.2733333333333333
