3 0.5161111111111111 0.8496875 0.18555555555555556 0.134375
3 0.1471875 0.22944444444444445 0.170625 0.25666666666666665
0 0.5146875 0.7822222222222223 0.181875 0.3422222222222222
4 0.74375 0.6566666666666666 0.1575 0.29555555555555557
4 0.8415625 0.11777777777777777 0.110625 0.23555555555555555
1 0.128125 0.6116666666666667 0.1525 0.2811111111111111
0 0.6709375 0.45111111111111113 0.143125 0.26222222222222225
0 0.3003125 0.1622222222222222 0.131875 0.28888888888888886
0 0.8521875 0.4738888888888889 0.146875 0.29888888888888887
0 0.7046875 0.2677777777777778 0.144375 0.2777777777777778
2 0.0984375 0.5338888888888889 0.098125 0.22111111111111112
0 0.4090625 0.7633333333333333 0.136875 0.2866666666666667
0 0.26125 0.6516666666666666 0.1325 0.2611111111111111
4 0.55875 0.3055555555555556 0.11375 0.21333333333333335
0 0.4596875 0.22944444444444445 0.200625 0.2633333333333333
0 0.8471875 0.7261111111111112 0.121875 0.24333333333333335
0 0.7240625 0.5638888888888889 0.160625 0.32555555555555554
0 0.7311111111111112 0.280625 0.2644444444444444 0.1625
1 0.5138888888888888 0.438125 0.2722222222222222 0.18625
0 0.43625 0.5133333333333333 0.17125 0.26666666666666666
4 0.2890625 0.4272222222222222 0.165625 0.3188888888888889
