0 0.3322222222222222 0.6584375 0.25555555555555554 0.136875
0 0.44277777777777777 0.846875 0.19666666666666666 0.13875
3 0.5761111111111111 0.271875 0.18333333333333332 0.11125
4 0.7244444444444444 0.4746875 0.2288888888888889 0.131875
4 0.4988888888888889 0.6565625 0.28888888888888886 0.124375
4 0.23722222222222222 0.1084375 0.27444444444444444 0.141875
0 0.5883333333333334 0.8375 0.21222222222222223 0.11375
0 0.849375 0.7088888888888889 0.12 0.20222222222222222
0 0.2253125 0.32222222222222224 0.131875 0.20222222222222222
4 0.6965625 0.6472222222222223 0.129375 0.2722222222222222
0 0.4259375 0.6344444444444445 0.150625 0.27111111111111114
4 0.13375 0.5338888888888889 0.145 0.2833333333333333
4 0.5603125 0.29944444444444446 0.129375 0.2388888888888889
3 0.685625 0.19777777777777777 0.09 0.24666666666666667
4 0.7494444444444445 0.4971875 0.27 0.140625
0 0.47944444444444445 0.8525 0.2877777777777778 0.12375
3 0.17277777777777778 0.3209375 0.23222222222222222 0.151875
3 0.5711111111111111 0.6825 0.19333333333333333 0.1475
3 0.2461111111111111 0.69375 0.21 0.12
2 0.4622222222222222 0.86875 0.2688888888888889 0.1725
4 0.5255555555555556 0.0946875 0.2088888888888889 0.109375
3 0.8409375 0.3011111111111111 0.134375 0.35333333333333333
4 0.575 0.7311111111111112 0.1125 0.24222222222222223
4 0.0728125 0.5983333333333334 0.126875 0.3011111111111111
