4 0.480625 0.6233333333333333 0.12625 0.2733333333333333
1 0.2996875 0.49444444444444446 0.119375 0.2511111111111111
2 0.8309375 0.23944444444444443 0.116875 0.21222222222222223
4 0.8121875 0.3927777777777778 0.074375 0.21888888888888888
4 0.600625 0.7111111111111111 0.12375 0.21555555555555556
3 0.3703125 0.24722222222222223 0.135625 0.24555555555555555
1 0.1440625 0.305 0.149375 0.20777777777777778
0 0.3375 0.7338888888888889 0.175 0.25666666666666665
0 0.680625 0.21166666666666667 0.13875 0.29
3 0.82875 0.4261111111111111 0.08125 0.17888888888888888
1 0.244375 0.6377777777777778 0.1825 0.25555555555555554
4 0.7365625 0.40166666666666667 0.151875 0.30333333333333334
3 0.4875 0.7483333333333333 0.16125 0.30333333333333334
4 0.0840625 0.6783333333333333 0.138125 0.2877777777777778
1 0.7053125 0.34055555555555556 0.104375 0.24333333333333335
0 0.3465625 0.7788888888888889 0.153125 0.33111111111111113
2 0.2761111111111111 0.2528125 0.3188888888888889 0.174375
3 0.1361111111111111 0.6103125 0.2411111111111111 0.158125
0 0.4216666666666667 0.8334375 0.20555555555555555 0.116875
3 0.7266666666666667 0.12875 0.20666666666666667 0.17
3 0.6233333333333333 0.7209375 0.20444444444444446 0.135625
0 0.7494444444444445 0.859375 0.2544444444444444 0.1475
3 0.14555555555555555 0.0925 0.22444444444444445 0.16
