0 0.2940625 0.21722222222222223 0.176875 0.3522222222222222
0 0.085 0.3016666666666667 0.13875 0.23222222222222222
4 0.6484375 0.7755555555555556 0.123125 0.31333333333333335
0 0.7633333333333333 0.75125 0.3 0.17875
1 0.3488888888888889 0.4034375 0.26666666666666666 0.188125
4 0.5433333333333333 0.6203125 0.2577777777777778 0.151875
0 0.2722222222222222 0.1615625 0.31333333333333335 0.174375
4 0.1638888888888889 0.4971875 0.27 0.166875
3 0.7172222222222222 0.298125 0.2388888888888889 0.14
1 0.3827777777777778 0.8778125 0.31666666666666665 0.203125
3 0.6938888888888889 0.0953125 0.19 0.141875
2 0.5577777777777778 0.6090625 0.29333333333333333 0.166875
1 0.7178125 0.6266666666666667 0.165625 0.2911111111111111
3 0.3896875 0.6994444444444444 0.106875 0.20777777777777778
4 0.8446875 0.3661111111111111 0.120625 0.22777777777777777
0 0.58 0.17944444444444443 0.18875 0.31
0 0.12375 0.52 0.17125 0.30666666666666664
4 0.8346875 0.7494444444444445 0.121875 0.25666666666666665
0 0.60375 0.14333333333333334 0.12375 0.25555555555555554
1 0.074375 0.18722222222222223 0.14625 0.22111111111111112
4 0.371875 0.3988888888888889 0.1125 0.20222222222222222
0 0.7121875 0.34 0.164375 0.30666666666666664
