4 0.120625 0.5666666666666667 0.12375 0.3022222222222222
4 0.60125 0.3233333333333333 0.115 0.19333333333333333
1 0.3596875 0.1388888888888889 0.116875 0.20222222222222222
3 0.8375 0.7361111111111112 0.10125 0.2611111111111111
0 0.0959375 0.19611111111111112 0.124375 0.2677777777777778
0 0.85625 0.47444444444444445 0.13875 0.26
3 0.475625 0.6055555555555555 0.13125 0.24
1 0.68 0.34 0.16375 0.2733333333333333
0 0.4834375 0.4988888888888889 0.124375 0.2644444444444444
3 0.83625 0.24666666666666667 0.10625 0.2288888888888889
1 0.24875 0.3927777777777778 0.16875 0.32555555555555554
2 0.879375 0.315 0.19 0.3611111111111111
4 0.5396875 0.7388888888888889 0.130625 0.24888888888888888
1 0.0625 0.435 0.105 0.21888888888888888
1 0.3846875 0.6505555555555556 0.130625 0.26555555555555554
3 0.6071875 0.19777777777777777 0.118125 0.24
1 0.364375 0.5411111111111111 0.11625 0.2088888888888889
4 0.865625 0.37444444444444447 0.175 0.30444444444444446
0 0.12875 0.715 0.12 0.19666666666666666
1 0.3965625 0.1738888888888889 0.174375 0.25
2 0.616875 0.5783333333333334 0.1325 0.30333333333333334
