3 0.291875 0.585 0.16 0.2411111111111111
4 0.8409375 0.18555555555555556 0.099375 0.2222222222222222
1 0.635625 0.7033333333333334 0.075 0.21555555555555556
4 0.105625 0.4627777777777778 0.17375 0.25666666666666665
0 0.0859375 0.7511111111111111 0.163125 0.27555555555555555
1 0.61125 0.2338888888888889 0.1775 0.23
1 0.12444444444444444 0.7128125 0.20444444444444446 0.116875
4 0.21388888888888888 0.450625 0.1922222222222222 0.11375
1 0.76 0.2278125 0.3244444444444444 0.189375
3 0.8471875 0.7361111111111112 0.144375 0.24555555555555555
0 0.3290625 0.325 0.158125 0.30333333333333334
3 0.1309375 0.5977777777777777 0.110625 0.26222222222222225
0 0.67125 0.45055555555555554 0.1425 0.2611111111111111
4 0.868125 0.5983333333333334 0.1625 0.2477777777777778
4 0.323125 0.4855555555555556 0.145 0.2644444444444444
3 0.1415625 0.38333333333333336 0.139375 0.30444444444444446
1 0.686875 0.7416666666666667 0.1575 0.29
4 0.8240625 0.125 0.099375 0.17888888888888888
4 0.7153125 0.33555555555555555 0.123125 0.22666666666666666
0 0.245 0.5477777777777778 0.14375 0.2777777777777778
1 0.1415625 0.2877777777777778 0.176875 0.31777777777777777
4 0.4634375 0.4077777777777778 0.099375 0.18444444444444444
0 0.3746875 0.7605555555555555 0.163125 0.3277777777777778
0 0.5903125 0.6138888888888889 0.113125 0.22333333333333333
1 0.6878125 0.7172222222222222 0.110625 0.1988888888888889
3 0.398125 0.4088888888888889 0.10625 0.28444444444444444
0 0.1340625 0.5011111111111111 0.151875 0.23555555555555555
3 0.2596875 0.28944444444444445 0.116875 0.2788888888888889
