2 0.7422222222222222 0.871875 0.26666666666666666 0.1625
3 0.1827777777777778 0.671875 0.22777777777777777 0.14
1 0.4866666666666667 0.3065625 0.29555555555555557 0.164375
3 0.3061111111111111 0.0909375 0.20555555555555555 0.110625
0 0.73 0.47555555555555556 0.12875 0.2511111111111111
2 0.611875 0.7588888888888888 0.145 0.3
3 0.106875 0.19166666666666668 0.145 0.2011111111111111
4 0.853125 0.4083333333333333 0.1225 0.29
0 0.233125 0.34555555555555556 0.17 0.2866666666666667
0 0.085625 0.24055555555555555 0.13 0.2788888888888889
4 0.3546875 0.45666666666666667 0.158125 0.30666666666666664
3 0.8403125 0.72 0.108125 0.22666666666666666
2 0.61875 0.1738888888888889 0.17625 0.3477777777777778
0 0.23277777777777778 0.1028125 0.2411111111111111 0.163125
0 0.1528125 0.5233333333333333 0.155625 0.28444444444444444
4 0.5746875 0.305 0.146875 0.2833333333333333
4 0.44625 0.7505555555555555 0.17375 0.30333333333333334
0 0.1922222222222222 0.876875 0.31333333333333335 0.18625
4 0.3278125 0.7461111111111111 0.090625 0.2544444444444444
4 0.5878125 0.5661111111111111 0.118125 0.23444444444444446
0 0.105625 0.39555555555555555 0.13875 0.23333333333333334
