1 0.3278125 0.5566666666666666 0.120625 0.2644444444444444
2 0.27625 0.18555555555555556 0.12875 0.24444444444444444
2 0.24 0.675625 0.23333333333333334 0.135
0 0.3605555555555556 0.5059375 0.22333333333333333 0.154375
3 0.6311111111111111 0.305625 0.26 0.11375
2 0.7533333333333333 0.8671875 0.2511111111111111 0.158125
0 0.1303125 0.45166666666666666 0.170625 0.3233333333333333
4 0.85375 0.24888888888888888 0.15875 0.23333333333333334
2 0.5203125 0.7461111111111111 0.111875 0.2411111111111111
3 0.21625 0.6288888888888889 0.1225 0.25333333333333335
4 0.0471875 0.5055555555555555 0.093125 0.25333333333333335
3 0.3640625 0.16722222222222222 0.108125 0.31444444444444447
4 0.7053125 0.3566666666666667 0.171875 0.20222222222222222
0 0.34555555555555556 0.864375 0.31777777777777777 0.1775
1 0.7394444444444445 0.2278125 0.27666666666666667 0.169375
3 0.45444444444444443 0.4809375 0.20444444444444446 0.169375
0 0.2677777777777778 0.7478125 0.32666666666666666 0.198125
2 0.5688888888888889 0.596875 0.26666666666666666 0.14875
2 0.1021875 0.7005555555555556 0.126875 0.2011111111111111
1 0.22625 0.38222222222222224 0.12875 0.27111111111111114
4 0.3534375 0.5727777777777778 0.136875 0.29888888888888887
3 0.598125 0.29055555555555557 0.13375 0.26555555555555554
3 0.7384375 0.6344444444444445 0.168125 0.24666666666666667
4 0.8509375 0.48333333333333334 0.146875 0.29777777777777775
4 0.4746875 0.23944444444444443 0.133125 0.3388888888888889
