4 0.5890625 0.285 0.119375 0.23444444444444446
4 0.0771875 0.18222222222222223 0.121875 0.20666666666666667
4 0.7128125 0.45222222222222225 0.110625 0.21333333333333335
4 0.211875 0.6561111111111111 0.135 0.26555555555555554
2 0.555 0.8809375 0.3522222222222222 0.180625
1 0.38222222222222224 0.29125 0.2577777777777778 0.16
0 0.17166666666666666 0.5984375 0.33444444444444443 0.195625
3 0.7533333333333333 0.1334375 0.24888888888888888 0.133125
4 0.3171875 0.6388888888888888 0.145625 0.2911111111111111
4 0.8715625 0.7888888888888889 0.173125 0.32222222222222224
4 0.52 0.5094444444444445 0.19125 0.3011111111111111
2 0.695625 0.2311111111111111 0.1825 0.2822222222222222
4 0.1528125 0.37277777777777776 0.176875 0.2966666666666667
4 0.8378125 0.7144444444444444 0.126875 0.23333333333333334
2 0.0965625 0.6127777777777778 0.174375 0.2833333333333333
0 0.864375 0.5544444444444444 0.16 0.31333333333333335
1 0.73875 0.7283333333333334 0.165 0.26555555555555554
3 0.351875 0.3927777777777778 0.09125 0.2388888888888889
4 0.26125 0.6461111111111111 0.145 0.25666666666666665
0 0.5059375 0.6111111111111112 0.164375 0.3488888888888889
1 0.6134375 0.7505555555555555 0.145625 0.3011111111111111
3 0.1371875 0.4411111111111111 0.130625 0.17333333333333334
0 0.71 0.30722222222222223 0.10375 0.23222222222222222
0 0.2184375 0.7855555555555556 0.156875 0.31555555555555553
1 0.5853125 0.15222222222222223 0.115625 0.2688888888888889
2 0.8625 0.41333333333333333 0.1525 0.18222222222222223
