1 0.22055555555555556 0.2759375 0.22555555555555556 0.164375
2 0.2861111111111111 0.4825 0.19 0.1125
2 0.4111111111111111 0.8475 0.27111111111111114 0.145
3 0.1309375 0.4444444444444444 0.123125 0.2
2 0.665 0.33 0.13375 0.22666666666666666
2 0.3475 0.5594444444444444 0.13 0.2588888888888889
3 0.10125 0.7622222222222222 0.14375 0.30444444444444446
0 0.5172222222222222 0.3653125 0.21 0.125625
4 0.37222222222222223 0.6328125 0.2866666666666667 0.171875
0 0.4111111111111111 0.8525 0.18 0.1225
0 0.19833333333333333 0.745 0.3055555555555556 0.1525
0 0.2866666666666667 0.5153125 0.3 0.181875
4 0.7144444444444444 0.8603125 0.20222222222222222 0.151875
1 0.385 0.6246875 0.33666666666666667 0.188125
3 0.29944444444444446 0.2725 0.16777777777777778 0.14875
4 0.6738888888888889 0.7171875 0.2966666666666667 0.159375
0 0.7816666666666666 0.569375 0.30333333333333334 0.15625
0 0.2916666666666667 0.3553125 0.15666666666666668 0.129375
3 0.21055555555555555 0.0975 0.19444444444444445 0.105
3 0.6033333333333334 0.61625 0.18 0.16
4 0.4572222222222222 0.7225 0.2877777777777778 0.12625
