2 0.6194444444444445 0.605625 0.17666666666666667 0.1275
1 0.57 0.7371875 0.2511111111111111 0.151875
3 0.66875 0.15833333333333333 0.13 0.22777777777777777
0 0.4953125 0.6088888888888889 0.135625 0.25333333333333335
0 0.5178125 0.2461111111111111 0.091875 0.20777777777777778
3 0.199375 0.725 0.08375 0.19666666666666666
2 0.090625 0.6761111111111111 0.18 0.3411111111111111
4 0.3621875 0.38 0.095625 0.23333333333333334
2 0.590625 0.12666666666666668 0.0875 0.19333333333333333
3 0.8403125 0.515 0.098125 0.20777777777777778
3 0.47125 0.5 0.135 0.26222222222222225
2 0.29125 0.3811111111111111 0.14625 0.25555555555555554
1 0.11375 0.27 0.1625 0.2644444444444444
4 0.8521875 0.7544444444444445 0.154375 0.3088888888888889
0 0.6428125 0.5583333333333333 0.106875 0.14777777777777779
4 0.6911111111111111 0.7259375 0.18222222222222223 0.130625
0 0.23944444444444443 0.12125 0.22555555555555556 0.12
3 0.5894444444444444 0.389375 0.29444444444444445 0.1775
4 0.3888888888888889 0.6096875 0.2088888888888889 0.138125
1 0.49166666666666664 0.4884375 0.25666666666666665 0.135625
1 0.833125 0.5655555555555556 0.10375 0.2688888888888889
