2 0.8740625 0.7688888888888888 0.180625 0.34444444444444444
3 0.1090625 0.31833333333333336 0.116875 0.20333333333333334
3 0.6546875 0.32166666666666666 0.104375 0.19
0 0.4803125 0.5066666666666667 0.131875 0.29333333333333333
3 0.1059375 0.6083333333333333 0.134375 0.23
4 0.8528125 0.5677777777777778 0.130625 0.23777777777777778
3 0.3365625 0.7188888888888889 0.109375 0.21777777777777776
0 0.586875 0.38222222222222224 0.105 0.18666666666666668
0 0.83125 0.58 0.1175 0.25555555555555554
4 0.129375 0.16333333333333333 0.15875 0.3244444444444444
4 0.6534375 0.26944444444444443 0.123125 0.23666666666666666
2 0.7253125 0.7177777777777777 0.118125 0.23333333333333334
4 0.8571875 0.2761111111111111 0.131875 0.2677777777777778
0 0.3790625 0.6572222222222223 0.136875 0.26555555555555554
1 0.2696875 0.35 0.146875 0.32222222222222224
0 0.118125 0.5494444444444444 0.1325 0.2966666666666667
4 0.694375 0.6194444444444445 0.12625 0.22555555555555556
