1 0.835625 0.47 0.10125 0.2111111111111111
0 0.5965625 0.3561111111111111 0.150625 0.21
0 0.345625 0.7255555555555555 0.1575 0.24888888888888888
1 0.84 0.21055555555555555 0.1275 0.2677777777777778
4 0.3459375 0.40555555555555556 0.150625 0.27111111111111114
1 0.8421875 0.755 0.138125 0.2833333333333333
0 0.0890625 0.21 0.139375 0.2222222222222222
0 0.323125 0.5888888888888889 0.14625 0.2577777777777778
1 0.68625 0.45444444444444443 0.1725 0.28888888888888886
4 0.6227777777777778 0.8740625 0.29444444444444445 0.176875
4 0.4078125 0.7238888888888889 0.106875 0.21888888888888888
3 0.2609375 0.5255555555555556 0.103125 0.21333333333333335
4 0.69875 0.27944444444444444 0.19375 0.2411111111111111
2 0.4965625 0.17055555555555554 0.141875 0.3211111111111111
2 0.294375 0.7022222222222222 0.09 0.18666666666666668
