4 0.6515625 0.45222222222222225 0.110625 0.2
3 0.286875 0.2477777777777778 0.13125 0.3111111111111111
3 0.8390625 0.10611111111111111 0.109375 0.19444444444444445
0 0.3775 0.3655555555555556 0.15375 0.30444444444444446
4 0.25833333333333336 0.14125 0.2811111111111111 0.14125
4 0.6933333333333334 0.6128125 0.17333333333333334 0.131875
0 0.5055555555555555 0.1125 0.2088888888888889 0.13
3 0.73 0.8534375 0.26 0.154375
1 0.475 0.4872222222222222 0.1425 0.2611111111111111
3 0.6559375 0.71 0.119375 0.21555555555555556
3 0.0790625 0.6088888888888889 0.121875 0.26
0 0.393125 0.6083333333333333 0.17125 0.3322222222222222
4 0.6075 0.37555555555555553 0.1175 0.2222222222222222
0 0.2638888888888889 0.234375 0.2588888888888889 0.15375
4 0.61 0.6059375 0.18444444444444444 0.158125
3 0.5311111111111111 0.4940625 0.21777777777777776 0.180625
0 0.15 0.82625 0.2222222222222222 0.105
