2 0.1471875 0.4533333333333333 0.160625 0.32222222222222224
4 0.8378125 0.5383333333333333 0.106875 0.17444444444444446
0 0.15222222222222223 0.1015625 0.24222222222222223 0.143125
3 0.2788888888888889 0.47875 0.2088888888888889 0.14625
4 0.44722222222222224 0.6796875 0.2588888888888889 0.171875
1 0.8415625 0.5222222222222223 0.124375 0.2
0 0.1253125 0.7211111111111111 0.113125 0.2288888888888889
1 0.3603125 0.3461111111111111 0.109375 0.21666666666666667
1 0.2688888888888889 0.634375 0.31333333333333335 0.17875
4 0.7533333333333333 0.86375 0.25333333333333335 0.15
4 0.4255555555555556 0.14375 0.28444444444444444 0.17125
4 0.5644444444444444 0.37875 0.22 0.155
0 0.37166666666666665 0.7321875 0.28555555555555556 0.150625
4 0.545 0.3565625 0.2477777777777778 0.145625
3 0.4072222222222222 0.098125 0.16555555555555557 0.12625
1 0.615 0.8559375 0.19666666666666666 0.148125
1 0.14 0.5984375 0.20666666666666667 0.131875
4 0.7261111111111112 0.4715625 0.22555555555555556 0.126875
4 0.365 0.1321875 0.27666666666666667 0.150625
2 0.5277777777777778 0.60625 0.22666666666666666 0.1325
1 0.775 0.8715625 0.34555555555555556 0.179375
0 0.15222222222222223 0.3678125 0.22666666666666666 0.139375
0 0.4053125 0.26611111111111113 0.130625 0.2588888888888889
0 0.2753125 0.785 0.165625 0.31222222222222223
4 0.57125 0.6388888888888888 0.16875 0.26666666666666666
0 0.1221875 0.14944444444444444 0.153125 0.27
