2 0.113125 0.5905555555555555 0.145 0.3011111111111111
4 0.356875 0.38055555555555554 0.1375 0.20333333333333334
4 0.7144444444444444 0.865 0.23555555555555555 0.17375
4 0.37166666666666665 0.335 0.3233333333333333 0.1825
2 0.5911111111111111 0.12875 0.24666666666666667 0.12625
3 0.20055555555555554 0.48625 0.23666666666666666 0.12875
4 0.30375 0.205 0.1775 0.27
1 0.385 0.605625 0.3011111111111111 0.17
2 0.4759375 0.635 0.099375 0.21666666666666667
3 0.36875 0.5005555555555555 0.1225 0.2811111111111111
3 0.7221875 0.22333333333333333 0.118125 0.22666666666666666
3 0.09111111111111111 0.3659375 0.1688888888888889 0.120625
1 0.535 0.8525 0.2411111111111111 0.14375
0 0.7538888888888889 0.63 0.27 0.17375
0 0.8634375 0.23166666666666666 0.163125 0.33666666666666667
4 0.5903125 0.7227777777777777 0.115625 0.22555555555555556
