0 0.853125 0.32611111111111113 0.16 0.2722222222222222
2 0.1584375 0.3655555555555556 0.158125 0.2
1 0.3934375 0.5838888888888889 0.159375 0.2922222222222222
2 0.86125 0.22555555555555556 0.15625 0.2644444444444444
4 0.615 0.7338888888888889 0.13375 0.2477777777777778
4 0.7034375 0.5566666666666666 0.156875 0.29777777777777775
0 0.0778125 0.2961111111111111 0.109375 0.21888888888888888
4 0.846875 0.6216666666666667 0.1425 0.20777777777777778
3 0.53375 0.7811111111111111 0.11875 0.30444444444444446
1 0.478125 0.32722222222222225 0.125 0.23444444444444446
4 0.2275 0.7222222222222222 0.11875 0.24888888888888888
3 0.34 0.6388888888888888 0.09625 0.23777777777777778
3 0.0884375 0.4761111111111111 0.086875 0.22111111111111112
0 0.5971875 0.3977777777777778 0.116875 0.22
3 0.736875 0.6066666666666667 0.14875 0.3288888888888889
0 0.67625 0.5083333333333333 0.1825 0.2833333333333333
0 0.0840625 0.7788888888888889 0.153125 0.3022222222222222
1 0.450625 0.22722222222222221 0.11625 0.24333333333333335
4 0.846875 0.7705555555555555 0.1275 0.2966666666666667
4 0.3915625 0.1688888888888889 0.190625 0.21333333333333335
0 0.6303125 0.5994444444444444 0.181875 0.3277777777777778
3 0.8375 0.73 0.11875 0.2688888888888889
4 0.5346875 0.5227777777777778 0.091875 0.21888888888888888
1 0.251875 0.4211111111111111 0.105 0.19777777777777777
0 0.1428125 0.6505555555555556 0.175625 0.2922222222222222
4 0.4353125 0.25277777777777777 0.183125 0.22333333333333333
