2 0.36125 0.22444444444444445 0.1475 0.23333333333333334
4 0.8215625 0.5427777777777778 0.084375 0.21666666666666667
0 0.864375 0.17166666666666666 0.175 0.31666666666666665
3 0.57625 0.5444444444444444 0.1 0.2822222222222222
4 0.2296875 0.25666666666666665 0.159375 0.29333333333333333
2 0.47375 0.75 0.14625 0.3022222222222222
0 0.1584375 0.775 0.169375 0.31
3 0.415625 0.32 0.12125 0.2088888888888889
0 0.2740625 0.21555555555555556 0.119375 0.20222222222222222
1 0.563125 0.6444444444444445 0.13375 0.2511111111111111
3 0.4446875 0.3988888888888889 0.100625 0.1688888888888889
1 0.8321875 0.32666666666666666 0.114375 0.2288888888888889
0 0.3428125 0.5411111111111111 0.150625 0.24888888888888888
2 0.5903125 0.6461111111111111 0.138125 0.2544444444444444
3 0.339375 0.7094444444444444 0.10625 0.22333333333333333
4 0.0975 0.5355555555555556 0.1225 0.23555555555555555
0 0.595 0.5561111111111111 0.10125 0.21222222222222223
4 0.7034375 0.5572222222222222 0.153125 0.2877777777777778
1 0.0675 0.22166666666666668 0.11125 0.22555555555555556
0 0.8653125 0.38 0.168125 0.34
