4 0.6871875 0.32166666666666666 0.099375 0.20555555555555555
4 0.248125 0.6683333333333333 0.075 0.14333333333333334
3 0.55125 0.42833333333333334 0.1125 0.23
1 0.4103125 0.6177777777777778 0.114375 0.2311111111111111
4 0.835625 0.24555555555555555 0.11125 0.24
0 0.598125 0.7272222222222222 0.13 0.25
0 0.73 0.5533333333333333 0.13625 0.24444444444444444
2 0.3396875 0.4661111111111111 0.129375 0.2411111111111111
4 0.05625 0.2877777777777778 0.0775 0.22666666666666666
0 0.570625 0.6422222222222222 0.1525 0.27555555555555555
4 0.43625 0.42 0.18 0.27555555555555555
1 0.854375 0.29888888888888887 0.12625 0.25555555555555554
2 0.11625 0.7344444444444445 0.1325 0.23777777777777778
0 0.48375 0.6083333333333333 0.165 0.2811111111111111
0 0.873125 0.47944444444444445 0.18 0.3188888888888889
3 0.085625 0.7838888888888889 0.1325 0.33666666666666667
3 0.328125 0.5222222222222223 0.10625 0.1688888888888889
2 0.851875 0.3561111111111111 0.14125 0.20777777777777778
3 0.2922222222222222 0.0859375 0.2688888888888889 0.160625
0 0.4866666666666667 0.345625 0.28444444444444444 0.16625
0 0.1922222222222222 0.47375 0.25555555555555554 0.16625
0 0.4255555555555556 0.7240625 0.22 0.130625
3 0.505 0.3815625 0.19 0.166875
1 0.6272222222222222 0.1253125 0.24333333333333335 0.135625
1 0.2544444444444444 0.6159375 0.26 0.154375
4 0.3388888888888889 0.465625 0.23777777777777778 0.095
