0 0.4988888888888889 0.5034375 0.29777777777777775 0.173125
2 0.6616666666666666 0.15625 0.3433333333333333 0.19
3 0.5788888888888889 0.730625 0.24888888888888888 0.1475
1 0.6361111111111111 0.1971875 0.20333333333333334 0.125625
3 0.42833333333333334 0.0746875 0.26555555555555554 0.141875
4 0.305 0.47125 0.17888888888888888 0.15125
3 0.2627777777777778 0.86875 0.25222222222222224 0.1625
0 0.4727777777777778 0.590625 0.21888888888888888 0.145
0 0.3022222222222222 0.720625 0.22666666666666666 0.1475
2 0.6594444444444445 0.4540625 0.24555555555555555 0.129375
3 0.7522222222222222 0.0809375 0.25555555555555554 0.156875
2 0.4946875 0.25277777777777777 0.179375 0.3388888888888889
0 0.13625 0.5027777777777778 0.20125 0.3011111111111111
2 0.8621875 0.37 0.174375 0.30444444444444446
2 0.6072222222222222 0.67375 0.2588888888888889 0.15375
1 0.2061111111111111 0.489375 0.22777777777777777 0.16
0 0.6977777777777778 0.2971875 0.18222222222222223 0.150625
4 0.17333333333333334 0.6853125 0.28 0.124375
2 0.6133333333333333 0.38875 0.2088888888888889 0.14
2 0.31166666666666665 0.1040625 0.3188888888888889 0.179375
1 0.313125 0.7822222222222223 0.18375 0.3333333333333333
1 0.1271875 0.35888888888888887 0.188125 0.34444444444444444
