4 0.22 0.120625 0.2 0.1525
3 0.38 0.645 0.2822222222222222 0.08125
0 0.47 0.2903125 0.2222222222222222 0.119375
3 0.5661111111111111 0.479375 0.17444444444444446 0.12375
4 0.4246875 0.7205555555555555 0.125625 0.21222222222222223
4 0.8634375 0.435 0.144375 0.28555555555555556
4 0.13875 0.515 0.12625 0.23
2 0.3021875 0.34444444444444444 0.166875 0.31777777777777777
3 0.19055555555555556 0.12375 0.18777777777777777 0.1175
4 0.7261111111111112 0.7325 0.25222222222222224 0.1525
3 0.3244444444444444 0.5984375 0.28888888888888886 0.120625
1 0.4666666666666667 0.240625 0.23777777777777778 0.115
1 0.2588888888888889 0.6234375 0.27555555555555555 0.189375
4 0.7261111111111112 0.3421875 0.22555555555555556 0.139375
1 0.5977777777777777 0.8703125 0.29777777777777775 0.170625
0 0.47 0.15333333333333332 0.1425 0.24888888888888888
0 0.706875 0.6272222222222222 0.10875 0.23
2 0.2190625 0.24166666666666667 0.148125 0.23222222222222222
3 0.0715625 0.3277777777777778 0.105625 0.2111111111111111
0 0.8571875 0.5416666666666666 0.136875 0.20777777777777778
1 0.3559375 0.7438888888888889 0.139375 0.27444444444444444
0 0.6296875 0.42333333333333334 0.184375 0.3088888888888889
4 0.7171875 0.5727777777777778 0.174375 0.3055555555555556
3 0.394375 0.4272222222222222 0.10125 0.20777777777777778
1 0.125 0.6361111111111111 0.135 0.2411111111111111
3 0.28125 0.3572222222222222 0.16125 0.2588888888888889
