1 0.6277777777777778 0.4675 0.2822222222222222 0.14125
4 0.22 0.863125 0.21777777777777776 0.145
0 0.6684375 0.6494444444444445 0.150625 0.33444444444444443
4 0.839375 0.4527777777777778 0.12125 0.17222222222222222
4 0.28 0.245 0.11625 0.21666666666666667
4 0.48 0.40944444444444444 0.145 0.31666666666666665
4 0.834375 0.52 0.105 0.19555555555555557
2 0.376875 0.3622222222222222 0.15125 0.24
1 0.5028125 0.5116666666666667 0.176875 0.3277777777777778
4 0.5661111111111111 0.0953125 0.27444444444444444 0.153125
1 0.6388888888888888 0.4503125 0.23333333333333334 0.101875
3 0.35944444444444446 0.240625 0.23444444444444446 0.19
1 0.070625 0.32 0.1225 0.2511111111111111
4 0.540625 0.6394444444444445 0.14375 0.24333333333333335
2 0.4125 0.5561111111111111 0.19375 0.2922222222222222
3 0.3275 0.5538888888888889 0.0875 0.24333333333333335
3 0.0825 0.1461111111111111 0.0875 0.21
4 0.5978125 0.38222222222222224 0.136875 0.2911111111111111
