4 0.856875 0.2127777777777778 0.14375 0.2966666666666667
4 0.615 0.4061111111111111 0.16875 0.31222222222222223
4 0.084375 0.7272222222222222 0.1225 0.21
3 0.7228125 0.45444444444444443 0.130625 0.2222222222222222
1 0.7272222222222222 0.6690625 0.24555555555555555 0.159375
4 0.3 0.4590625 0.2111111111111111 0.105625
4 0.5783333333333334 0.1059375 0.22111111111111112 0.130625
4 0.13111111111111112 0.2825 0.14444444444444443 0.11875
4 0.368125 0.5744444444444444 0.14375 0.27555555555555555
0 0.620625 0.7283333333333334 0.155 0.24555555555555555
2 0.8478125 0.37833333333333335 0.114375 0.21888888888888888
0 0.0771875 0.5255555555555556 0.120625 0.19333333333333333
3 0.8609375 0.39944444444444444 0.144375 0.27666666666666667
0 0.24 0.419375 0.20444444444444446 0.12875
4 0.5088888888888888 0.12875 0.18666666666666668 0.11625
0 0.3561111111111111 0.580625 0.25222222222222224 0.16625
4 0.6138888888888889 0.8353125 0.20777777777777778 0.120625
2 0.42833333333333334 0.48375 0.21222222222222223 0.125
0 0.7022222222222222 0.1346875 0.19555555555555557 0.134375
0 0.525 0.7115625 0.21888888888888888 0.109375
