0 0.6066666666666667 0.2321875 0.2288888888888889 0.144375
3 0.4533333333333333 0.3740625 0.16 0.114375
4 0.7388888888888889 0.7096875 0.25555555555555554 0.158125
4 0.745 0.875625 0.25 0.1775
1 0.3377777777777778 0.146875 0.2311111111111111 0.16125
3 0.5544444444444444 0.396875 0.26666666666666666 0.18125
1 0.12777777777777777 0.6428125 0.20666666666666667 0.193125
1 0.2011111111111111 0.0659375 0.1622222222222222 0.119375
4 0.7616666666666667 0.8709375 0.29444444444444445 0.165625
3 0.5522222222222222 0.586875 0.20666666666666667 0.11875
1 0.84375 0.43555555555555553 0.14125 0.24
4 0.316875 0.3233333333333333 0.17125 0.30666666666666664
3 0.103125 0.18333333333333332 0.105 0.31777777777777777
4 0.2096875 0.5211111111111111 0.121875 0.29333333333333333
1 0.35625 0.795 0.16 0.33
3 0.6059375 0.21222222222222223 0.148125 0.18666666666666668
4 0.6583333333333333 0.8571875 0.2544444444444444 0.163125
4 0.7294444444444445 0.72125 0.23 0.14625
1 0.605625 0.43722222222222223 0.13125 0.29
2 0.3453125 0.5655555555555556 0.106875 0.21777777777777776
