4 0.604375 0.18944444444444444 0.1375 0.21888888888888888
0 0.8525 0.5516666666666666 0.1325 0.25222222222222224
2 0.8396875 0.3427777777777778 0.130625 0.21888888888888888
4 0.3503125 0.71 0.095625 0.20444444444444446
1 0.7155555555555555 0.3428125 0.20666666666666667 0.096875
2 0.425 0.7090625 0.15888888888888889 0.105625
1 0.3466666666666667 0.596875 0.18 0.1225
4 0.18 0.2425 0.2 0.1375
2 0.33625 0.2761111111111111 0.15875 0.2411111111111111
1 0.696875 0.7527777777777778 0.16875 0.2922222222222222
0 0.16 0.13833333333333334 0.16125 0.26555555555555554
1 0.5344444444444445 0.710625 0.28444444444444444 0.16125
0 0.6683333333333333 0.42 0.3322222222222222 0.1825
2 0.1811111111111111 0.09 0.23777777777777778 0.125
0 0.38333333333333336 0.5409375 0.20222222222222222 0.123125
4 0.70875 0.42444444444444446 0.155 0.2688888888888889
0 0.261875 0.28555555555555556 0.12375 0.2
3 0.218125 0.5166666666666667 0.12625 0.22
1 0.8475 0.7361111111111112 0.145 0.2811111111111111
2 0.4734375 0.3411111111111111 0.140625 0.24666666666666667
4 0.726875 0.15666666666666668 0.1525 0.25333333333333335
0 0.599375 0.6144444444444445 0.145 0.22666666666666666
1 0.1009375 0.2677777777777778 0.139375 0.28888888888888886
2 0.3621875 0.45055555555555554 0.166875 0.27666666666666667
