4 0.486875 0.49333333333333335 0.14875 0.2822222222222222
4 0.21875 0.5622222222222222 0.1125 0.23555555555555555
2 0.86625 0.4072222222222222 0.1575 0.29444444444444445
3 0.0859375 0.21777777777777776 0.096875 0.2822222222222222
2 0.7296875 0.6572222222222223 0.134375 0.2411111111111111
4 0.8446875 0.09888888888888889 0.114375 0.18444444444444444
4 0.1559375 0.6388888888888888 0.160625 0.31333333333333335
0 0.4334375 0.38166666666666665 0.146875 0.27444444444444444
4 0.8425 0.21944444444444444 0.1225 0.2833333333333333
4 0.4878125 0.36777777777777776 0.154375 0.30444444444444446
3 0.6834375 0.73 0.175625 0.20222222222222222
3 0.11875 0.6405555555555555 0.15625 0.29888888888888887
4 0.19722222222222222 0.2103125 0.1988888888888889 0.123125
2 0.31166666666666665 0.625 0.25666666666666665 0.19625
0 0.7255555555555555 0.335625 0.22 0.12125
0 0.5783333333333334 0.853125 0.2722222222222222 0.1475
0 0.4822222222222222 0.729375 0.2511111111111111 0.1525
3 0.6066666666666667 0.079375 0.2088888888888889 0.11625
1 0.7172222222222222 0.333125 0.24333333333333335 0.11875
3 0.45611111111111113 0.7153125 0.27666666666666667 0.125625
4 0.8578125 0.3672222222222222 0.153125 0.23
0 0.1153125 0.5761111111111111 0.170625 0.27666666666666667
4 0.5761111111111111 0.2484375 0.20333333333333334 0.093125
4 0.7011111111111111 0.8528125 0.18444444444444444 0.126875
0 0.485 0.07625 0.29 0.14
2 0.3055555555555556 0.6521875 0.2 0.118125
