2 0.3372222222222222 0.2759375 0.24333333333333335 0.155625
4 0.7405555555555555 0.5703125 0.2544444444444444 0.153125
0 0.2777777777777778 0.4415625 0.32222222222222224 0.191875
3 0.7075 0.6422222222222222 0.17125 0.30444444444444446
0 0.063125 0.1738888888888889 0.10625 0.3411111111111111
2 0.8575 0.39611111111111114 0.165 0.29888888888888887
4 0.218125 0.22666666666666666 0.11125 0.20444444444444446
4 0.0578125 0.165 0.096875 0.18777777777777777
4 0.3409375 0.40055555555555555 0.149375 0.3055555555555556
4 0.1346875 0.4061111111111111 0.153125 0.26555555555555554
1 0.4084375 0.135 0.123125 0.17666666666666667
3 0.5575 0.3055555555555556 0.13125 0.2911111111111111
4 0.700625 0.6261111111111111 0.12875 0.25
4 0.2546875 0.48944444444444446 0.104375 0.20333333333333334
0 0.13722222222222222 0.5975 0.22555555555555556 0.13875
1 0.5661111111111111 0.3621875 0.2833333333333333 0.180625
3 0.31055555555555553 0.83375 0.17222222222222222 0.09875
4 0.8403125 0.31166666666666665 0.125625 0.27666666666666667
0 0.46875 0.5894444444444444 0.1375 0.2677777777777778
1 0.25875 0.7277777777777777 0.095 0.26222222222222225
4 0.10875 0.19055555555555556 0.1725 0.31666666666666665
1 0.52 0.86125 0.26666666666666666 0.15125
0 0.17555555555555555 0.5746875 0.24444444444444444 0.156875
4 0.6255555555555555 0.256875 0.25555555555555554 0.09875
