0 0.3290625 0.155 0.103125 0.18777777777777777
4 0.8603125 0.7338888888888889 0.148125 0.26555555555555554
3 0.201875 0.5411111111111111 0.1025 0.24
1 0.118125 0.505 0.18875 0.3477777777777778
1 0.4734375 0.38333333333333336 0.136875 0.28444444444444444
0 0.270625 0.4861111111111111 0.115 0.22777777777777777
3 0.0809375 0.5944444444444444 0.120625 0.2111111111111111
4 0.4528125 0.3844444444444444 0.094375 0.2577777777777778
2 0.6755555555555556 0.7240625 0.28888888888888886 0.189375
4 0.2733333333333333 0.856875 0.26666666666666666 0.145
3 0.5327777777777778 0.3940625 0.1988888888888889 0.149375
1 0.1984375 0.535 0.088125 0.19444444444444445
1 0.621875 0.335 0.17375 0.29888888888888887
3 0.445 0.6111111111111112 0.07375 0.17777777777777778
2 0.8565625 0.2238888888888889 0.135625 0.24333333333333335
0 0.07875 0.5811111111111111 0.15125 0.24444444444444444
2 0.315625 0.25277777777777777 0.1075 0.25
1 0.5928125 0.5194444444444445 0.133125 0.17
3 0.86 0.15944444444444444 0.14875 0.17666666666666667
3 0.3215625 0.3488888888888889 0.109375 0.19333333333333333
4 0.0646875 0.7294444444444445 0.113125 0.22555555555555556
3 0.7325 0.6544444444444445 0.1425 0.29777777777777775
1 0.6203125 0.755 0.158125 0.31
4 0.346875 0.3522222222222222 0.0925 0.26
