0 0.7383333333333333 0.2928125 0.21666666666666667 0.124375
0 0.39666666666666667 0.1371875 0.2733333333333333 0.181875
2 0.29777777777777775 0.6840625 0.32222222222222224 0.166875
0 0.7253125 0.28833333333333333 0.136875 0.2833333333333333
1 0.85875 0.6872222222222222 0.155 0.31222222222222223
3 0.0940625 0.5461111111111111 0.116875 0.22111111111111112
3 0.6 0.47944444444444445 0.135 0.2811111111111111
0 0.2378125 0.195 0.156875 0.2877777777777778
1 0.4784375 0.7844444444444445 0.140625 0.31333333333333335
0 0.320625 0.3283333333333333 0.16625 0.2833333333333333
4 0.5115625 0.6294444444444445 0.188125 0.30333333333333334
0 0.1321875 0.2038888888888889 0.149375 0.32555555555555554
4 0.6684375 0.6427777777777778 0.150625 0.29
3 0.2646875 0.7544444444444445 0.120625 0.2688888888888889
2 0.5796875 0.7261111111111112 0.103125 0.21
3 0.323125 0.54 0.09875 0.2222222222222222
3 0.8384375 0.3616666666666667 0.111875 0.25
4 0.83125 0.7027777777777777 0.0975 0.16555555555555557
1 0.4765625 0.23555555555555555 0.150625 0.32
0 0.20625 0.6411111111111111 0.1175 0.22444444444444445
4 0.3528125 0.3194444444444444 0.156875 0.30777777777777776
0 0.7334375 0.6355555555555555 0.140625 0.24
2 0.3765625 0.28888888888888886 0.154375 0.29777777777777775
4 0.1203125 0.37166666666666665 0.126875 0.27444444444444444
