2 0.8634375 0.4777777777777778 0.145625 0.3022222222222222
4 0.485 0.5438888888888889 0.1275 0.25
3 0.1128125 0.7305555555555555 0.121875 0.25222222222222224
4 0.3853125 0.2061111111111111 0.174375 0.31222222222222223
3 0.33666666666666667 0.4596875 0.21333333333333335 0.103125
3 0.71 0.0915625 0.21777777777777776 0.104375
3 0.5722222222222222 0.8371875 0.19111111111111112 0.120625
1 0.41375 0.5116666666666667 0.17625 0.25666666666666665
2 0.2246875 0.14944444444444444 0.099375 0.21
4 0.8475 0.6383333333333333 0.14125 0.2833333333333333
0 0.2165625 0.22166666666666668 0.151875 0.3277777777777778
0 0.59375 0.2722222222222222 0.1275 0.24888888888888888
0 0.3521875 0.6761111111111111 0.163125 0.3277777777777778
4 0.0665625 0.43166666666666664 0.110625 0.20333333333333334
4 0.861875 0.7677777777777778 0.145 0.3288888888888889
0 0.4690625 0.37333333333333335 0.138125 0.2688888888888889
4 0.4922222222222222 0.7534375 0.31555555555555553 0.175625
0 0.6561111111111111 0.6296875 0.26555555555555554 0.174375
0 0.7305555555555555 0.3665625 0.22555555555555556 0.141875
1 0.5372222222222223 0.8503125 0.21666666666666667 0.121875
1 0.24166666666666667 0.11 0.1922222222222222 0.12125
4 0.6134375 0.6527777777777778 0.154375 0.2722222222222222
2 0.375625 0.315 0.18375 0.3388888888888889
4 0.7184375 0.16333333333333333 0.111875 0.22
0 0.848125 0.35555555555555557 0.1175 0.23333333333333334
4 0.096875 0.4583333333333333 0.13125 0.2544444444444444
4 0.2833333333333333 0.38125 0.21555555555555556 0.12375
1 0.6988888888888889 0.0634375 0.17555555555555555 0.111875
