4 0.41875 0.6211111111111111 0.13875 0.26666666666666666
0 0.57 0.3011111111111111 0.14875 0.28
2 0.7084375 0.145 0.159375 0.24555555555555555
0 0.098125 0.385 0.15 0.2611111111111111
0 0.8540625 0.7494444444444445 0.146875 0.2922222222222222
3 0.7283333333333334 0.2375 0.2011111111111111 0.13875
4 0.5794444444444444 0.738125 0.27444444444444444 0.155
1 0.3472222222222222 0.47125 0.17888888888888888 0.11375
4 0.44666666666666666 0.115625 0.19333333333333333 0.14125
4 0.4909375 0.7705555555555555 0.170625 0.31222222222222223
2 0.874375 0.5827777777777777 0.18625 0.2411111111111111
0 0.6565625 0.4288888888888889 0.126875 0.23555555555555555
0 0.8421875 0.33111111111111113 0.114375 0.24666666666666667
0 0.399375 0.6188888888888889 0.12 0.2111111111111111
3 0.229375 0.74 0.07625 0.24888888888888888
4 0.6311111111111111 0.7178125 0.2822222222222222 0.171875
1 0.4938888888888889 0.855 0.22333333333333333 0.15625
1 0.6872222222222222 0.11625 0.17888888888888888 0.125
0 0.17055555555555554 0.4078125 0.22111111111111112 0.130625
4 0.3877777777777778 0.5490625 0.22666666666666666 0.123125
3 0.2727777777777778 0.2671875 0.21222222222222223 0.138125
1 0.5665625 0.6227777777777778 0.145625 0.22333333333333333
4 0.7178125 0.7433333333333333 0.154375 0.26666666666666666
1 0.4328125 0.46444444444444444 0.171875 0.3
