4 0.4040625 0.48055555555555557 0.114375 0.20333333333333334
0 0.715 0.6138888888888889 0.16875 0.23666666666666666
4 0.5259375 0.10666666666666667 0.070625 0.18888888888888888
3 0.715625 0.28944444444444445 0.16875 0.31666666666666665
0 0.8384375 0.7427777777777778 0.131875 0.2633333333333333
1 0.225 0.6459375 0.2611111111111111 0.189375
1 0.7355555555555555 0.8615625 0.21555555555555556 0.143125
4 0.4272222222222222 0.3909375 0.31 0.156875
1 0.46444444444444444 0.2615625 0.20666666666666667 0.136875
4 0.6955555555555556 0.75375 0.31333333333333335 0.16625
3 0.23833333333333334 0.85 0.24555555555555555 0.14
1 0.3472222222222222 0.6590625 0.20777777777777778 0.136875
3 0.3203125 0.7227777777777777 0.084375 0.21
0 0.6209375 0.19777777777777777 0.183125 0.31333333333333335
3 0.0696875 0.3466666666666667 0.084375 0.22666666666666666
0 0.4953125 0.295 0.183125 0.31666666666666665
3 0.8453125 0.4255555555555556 0.129375 0.19333333333333333
3 0.7171875 0.5911111111111111 0.143125 0.19111111111111112
3 0.149375 0.1811111111111111 0.1475 0.29333333333333333
2 0.283125 0.4866666666666667 0.13 0.21333333333333335
4 0.8790625 0.7761111111111111 0.180625 0.33
4 0.48125 0.16722222222222222 0.12375 0.25666666666666665
0 0.6009375 0.3411111111111111 0.128125 0.23333333333333334
1 0.2425 0.6038888888888889 0.1175 0.1988888888888889
