3 0.286875 0.7244444444444444 0.1625 0.24888888888888888
4 0.4375 0.22833333333333333 0.18 0.2722222222222222
3 0.141875 0.4538888888888889 0.15625 0.3188888888888889
0 0.5484375 0.6105555555555555 0.118125 0.22555555555555556
3 0.6884375 0.49444444444444446 0.114375 0.19555555555555557
2 0.515625 0.2361111111111111 0.18 0.3011111111111111
3 0.10875 0.485 0.095 0.27
0 0.69625 0.7527777777777778 0.17625 0.27666666666666667
1 0.300625 0.6194444444444445 0.115 0.27444444444444444
4 0.8515625 0.3433333333333333 0.121875 0.2511111111111111
0 0.7125 0.7977777777777778 0.17875 0.3422222222222222
1 0.83 0.5111111111111111 0.11125 0.22666666666666666
3 0.4028125 0.18166666666666667 0.164375 0.2544444444444444
1 0.34555555555555556 0.6153125 0.24888888888888888 0.150625
4 0.14555555555555555 0.339375 0.2222222222222222 0.07625
2 0.7355555555555555 0.144375 0.2777777777777778 0.16375
1 0.2311111111111111 0.0878125 0.20222222222222222 0.088125
4 0.3938888888888889 0.8603125 0.21222222222222223 0.139375
0 0.34625 0.21833333333333332 0.10625 0.2011111111111111
1 0.100625 0.5083333333333333 0.11 0.2011111111111111
4 0.7609375 0.4661111111111111 0.193125 0.31
4 0.2471875 0.16166666666666665 0.155625 0.2811111111111111
4 0.870625 0.7605555555555555 0.16375 0.31666666666666665
1 0.8484375 0.35444444444444445 0.144375 0.2688888888888889
4 0.6525 0.2338888888888889 0.1375 0.2833333333333333
