1 0.5305555555555556 0.8834375 0.2922222222222222 0.185625
2 0.59 0.2771875 0.1711111111111111 0.129375
0 0.29388888888888887 0.59875 0.29888888888888887 0.195
1 0.3572222222222222 0.70375 0.18555555555555556 0.11625
3 0.8340625 0.6144444444444445 0.119375 0.27555555555555555
4 0.124375 0.7277777777777777 0.1275 0.25333333333333335
2 0.479375 0.45666666666666667 0.12375 0.2088888888888889
1 0.666875 0.25666666666666665 0.1425 0.30666666666666664
0 0.871875 0.7777777777777778 0.175 0.3333333333333333
3 0.5078125 0.475 0.176875 0.2833333333333333
4 0.104375 0.54 0.09875 0.2288888888888889
1 0.726875 0.1638888888888889 0.12875 0.21666666666666667
2 0.390625 0.30277777777777776 0.185 0.31
4 0.609375 0.37333333333333335 0.13625 0.26666666666666666
4 0.5511111111111111 0.48125 0.19777777777777777 0.125
3 0.4311111111111111 0.6628125 0.24222222222222223 0.125625
0 0.7572222222222222 0.8621875 0.3233333333333333 0.161875
0 0.1527777777777778 0.1440625 0.25666666666666665 0.174375
4 0.2688888888888889 0.3090625 0.20444444444444446 0.143125
0 0.8528125 0.21444444444444444 0.146875 0.2866666666666667
2 0.2771875 0.7044444444444444 0.116875 0.21777777777777776
4 0.1446875 0.6138888888888889 0.131875 0.2477777777777778
4 0.4659375 0.6366666666666667 0.133125 0.2822222222222222
4 0.8615625 0.5366666666666666 0.169375 0.34
3 0.6534375 0.24055555555555555 0.130625 0.2611111111111111
3 0.8671875 0.335 0.151875 0.17888888888888888
0 0.721875 0.6188888888888889 0.16 0.2733333333333333
0 0.4325 0.5283333333333333 0.17875 0.3277777777777778
3 0.545 0.25333333333333335 0.105 0.2511111111111111
