4 0.655625 0.16777777777777778 0.10875 0.19111111111111112
0 0.87 0.37277777777777776 0.1825 0.33
1 0.2984375 0.5772222222222222 0.104375 0.19666666666666666
3 0.6277777777777778 0.3753125 0.17777777777777778 0.185625
0 0.3938888888888889 0.7271875 0.22333333333333333 0.139375
3 0.31722222222222224 0.5003125 0.2411111111111111 0.185625
3 0.66 0.18388888888888888 0.145 0.31666666666666665
1 0.834375 0.29055555555555557 0.10375 0.23444444444444446
4 0.07125 0.4483333333333333 0.1375 0.2544444444444444
4 0.71125 0.7366666666666667 0.1 0.23777777777777778
3 0.35875 0.2772222222222222 0.1425 0.30777777777777776
4 0.31666666666666665 0.0925 0.23333333333333334 0.17125
4 0.6327777777777778 0.7221875 0.2611111111111111 0.181875
2 0.7377777777777778 0.4971875 0.2577777777777778 0.153125
2 0.5516666666666666 0.3871875 0.2588888888888889 0.153125
4 0.1988888888888889 0.155625 0.2733333333333333 0.17125
