0 0.5205555555555555 0.8596875 0.28555555555555556 0.171875
1 0.42 0.7140625 0.32222222222222224 0.188125
3 0.6183333333333333 0.085625 0.24333333333333335 0.16
4 0.7216666666666667 0.3871875 0.21222222222222223 0.149375
2 0.24944444444444444 0.223125 0.21888888888888888 0.12875
3 0.36 0.6505555555555556 0.145 0.2811111111111111
4 0.4803125 0.7488888888888889 0.138125 0.27555555555555555
0 0.59625 0.13111111111111112 0.12375 0.24444444444444444
3 0.8440625 0.21222222222222223 0.125625 0.20666666666666667
4 0.5372222222222223 0.14625 0.18555555555555556 0.14375
0 0.5390625 0.2822222222222222 0.118125 0.18222222222222223
1 0.71125 0.6411111111111111 0.1675 0.28
1 0.5275 0.2761111111111111 0.11125 0.15666666666666668
4 0.0690625 0.7577777777777778 0.133125 0.25555555555555554
0 0.7090625 0.5788888888888889 0.161875 0.33111111111111113
1 0.489375 0.6538888888888889 0.14625 0.2811111111111111
4 0.363125 0.7261111111111112 0.14125 0.24555555555555555
1 0.871875 0.20555555555555555 0.16625 0.2822222222222222
4 0.61 0.275 0.13875 0.24333333333333335
0 0.7240625 0.5022222222222222 0.119375 0.15777777777777777
4 0.4028125 0.6166666666666667 0.116875 0.21777777777777776
3 0.696875 0.7477777777777778 0.125 0.24222222222222223
1 0.579375 0.205 0.18 0.3411111111111111
