2 0.18833333333333332 0.59625 0.2411111111111111 0.13125
3 0.45444444444444443 0.231875 0.22666666666666666 0.155
3 0.24666666666666667 0.4671875 0.17555555555555555 0.124375
4 0.5472222222222223 0.3575 0.23 0.155
0 0.39666666666666667 0.7353125 0.29333333333333333 0.159375
4 0.7138888888888889 0.1190625 0.1988888888888889 0.179375
4 0.24625 0.23444444444444446 0.12 0.18666666666666668
4 0.373125 0.7522222222222222 0.13375 0.3088888888888889
0 0.73375 0.3411111111111111 0.13625 0.24888888888888888
1 0.14875 0.6 0.16375 0.3088888888888889
0 0.8684375 0.7533333333333333 0.159375 0.25555555555555554
0 0.3921875 0.2827777777777778 0.156875 0.32555555555555554
4 0.159375 0.4388888888888889 0.16625 0.3022222222222222
4 0.2525 0.5688888888888889 0.09375 0.18222222222222223
1 0.4725 0.4766666666666667 0.1525 0.2733333333333333
3 0.84 0.735 0.12375 0.23666666666666666
4 0.643125 0.3038888888888889 0.1125 0.20333333333333334
4 0.0925 0.16833333333333333 0.155 0.20777777777777778
1 0.4634375 0.18388888888888888 0.121875 0.20777777777777778
3 0.57625 0.6977777777777778 0.095 0.20444444444444446
0 0.869375 0.41944444444444445 0.175 0.33666666666666667
1 0.73 0.565 0.15 0.2833333333333333
0 0.696875 0.17222222222222222 0.1425 0.26
4 0.840625 0.5077777777777778 0.12875 0.2311111111111111
4 0.561875 0.6716666666666666 0.17375 0.32555555555555554
1 0.3946875 0.7438888888888889 0.140625 0.23444444444444446
