3 0.130625 0.405 0.11125 0.29
3 0.65875 0.30333333333333334 0.115 0.3288888888888889
1 0.5021875 0.5261111111111111 0.153125 0.2877777777777778
3 0.4828125 0.3788888888888889 0.111875 0.2577777777777778
4 0.6753125 0.6283333333333333 0.144375 0.29444444444444445
2 0.2815625 0.4988888888888889 0.124375 0.22
1 0.83875 0.27444444444444444 0.1 0.21555555555555556
2 0.130625 0.29833333333333334 0.15625 0.23222222222222222
4 0.5578125 0.6722222222222223 0.144375 0.3377777777777778
1 0.2740625 0.4572222222222222 0.154375 0.33666666666666667
3 0.678125 0.18333333333333332 0.09625 0.21555555555555556
4 0.1903125 0.27166666666666667 0.089375 0.21888888888888888
3 0.7040625 0.20166666666666666 0.110625 0.2544444444444444
3 0.3325 0.4683333333333333 0.1225 0.2611111111111111
3 0.35444444444444445 0.485 0.2088888888888889 0.11125
2 0.5022222222222222 0.1603125 0.27111111111111114 0.169375
0 0.6121875 0.7844444444444445 0.148125 0.34444444444444444
0 0.10875 0.5622222222222222 0.14375 0.24
