2 0.2521875 0.29055555555555557 0.160625 0.27
4 0.5315625 0.5177777777777778 0.118125 0.25333333333333335
3 0.095 0.1711111111111111 0.14625 0.26666666666666666
1 0.4053125 0.6688888888888889 0.165625 0.32
3 0.8465625 0.4216666666666667 0.145625 0.2966666666666667
0 0.6372222222222222 0.4815625 0.22333333333333333 0.130625
3 0.7077777777777777 0.6065625 0.18 0.134375
4 0.5438888888888889 0.85625 0.21888888888888888 0.14125
2 0.25277777777777777 0.106875 0.18777777777777777 0.12
3 0.3422222222222222 0.3684375 0.18222222222222223 0.150625
4 0.16722222222222222 0.2271875 0.1988888888888889 0.114375
4 0.3740625 0.4861111111111111 0.136875 0.29
1 0.4865625 0.2722222222222222 0.126875 0.24444444444444444
0 0.258125 0.15833333333333333 0.13875 0.20777777777777778
1 0.16 0.39111111111111113 0.17625 0.2911111111111111
4 0.26 0.43222222222222223 0.14875 0.30666666666666664
0 0.7328125 0.5811111111111111 0.144375 0.28444444444444444
3 0.5003125 0.49666666666666665 0.154375 0.27555555555555555
3 0.8409375 0.2461111111111111 0.135625 0.23666666666666666
1 0.4715625 0.4938888888888889 0.168125 0.25222222222222224
4 0.6353125 0.5966666666666667 0.110625 0.21777777777777776
2 0.08125 0.7483333333333333 0.15875 0.2788888888888889
2 0.0996875 0.7516666666666667 0.186875 0.3011111111111111
1 0.4734375 0.4861111111111111 0.163125 0.30333333333333334
0 0.8528125 0.215 0.149375 0.29444444444444445
4 0.281875 0.6205555555555555 0.16625 0.3055555555555556
4 0.1196875 0.7661111111111111 0.134375 0.29
2 0.638125 0.32611111111111113 0.19625 0.3277777777777778
0 0.3734375 0.5938888888888889 0.154375 0.31222222222222223
1 0.243125 0.2111111111111111 0.1375 0.28
0 0.7353125 0.4738888888888889 0.146875 0.25666666666666665
