3 0.32222222222222224 0.7134375 0.2311111111111111 0.120625
4 0.12833333333333333 0.07 0.24333333333333335 0.13625
4 0.23444444444444446 0.60875 0.25555555555555554 0.17125
2 0.6444444444444445 0.87875 0.27555555555555555 0.19
4 0.7827777777777778 0.2153125 0.3522222222222222 0.166875
0 0.45444444444444443 0.4759375 0.29555555555555557 0.166875
1 0.84375 0.2733333333333333 0.125 0.15777777777777777
2 0.485625 0.18888888888888888 0.1625 0.2777777777777778
1 0.875625 0.7577777777777778 0.18375 0.31333333333333335
0 0.5640625 0.4727777777777778 0.155625 0.30333333333333334
1 0.0928125 0.53 0.104375 0.2311111111111111
0 0.2190625 0.7344444444444445 0.120625 0.2311111111111111
2 0.6296875 0.3111111111111111 0.184375 0.32222222222222224
2 0.1028125 0.6705555555555556 0.139375 0.2922222222222222
4 0.7425 0.47055555555555556 0.1575 0.26555555555555554
4 0.490625 0.225 0.15875 0.33666666666666667
3 0.8571875 0.5411111111111111 0.134375 0.22
4 0.66125 0.2411111111111111 0.07 0.21777777777777776
3 0.5475 0.38055555555555554 0.13625 0.25
4 0.798125 0.48 0.05 0.20222222222222222
0 0.109375 0.7361111111111112 0.13875 0.22111111111111112
3 0.3753125 0.6066666666666667 0.084375 0.2088888888888889
4 0.6921875 0.6655555555555556 0.138125 0.3
2 0.831875 0.72 0.1125 0.21333333333333335
3 0.088125 0.5605555555555556 0.145 0.2833333333333333
1 0.37125 0.32666666666666666 0.10375 0.20222222222222222
3 0.6571875 0.47444444444444445 0.111875 0.29777777777777775
1 0.4928125 0.5983333333333334 0.139375 0.2722222222222222
