1 0.7672222222222222 0.285625 0.3188888888888889 0.18
1 0.5272222222222223 0.5509375 0.23666666666666666 0.129375
3 0.24666666666666667 0.13375 0.2688888888888889 0.16625
0 0.6355555555555555 0.4253125 0.25555555555555554 0.169375
1 0.7661111111111111 0.4871875 0.2811111111111111 0.176875
4 0.25166666666666665 0.2853125 0.2633333333333333 0.159375
0 0.6416666666666667 0.094375 0.28555555555555556 0.16375
4 0.3827777777777778 0.6625 0.27444444444444444 0.14125
4 0.390625 0.3927777777777778 0.1875 0.3277777777777778
4 0.8525 0.5811111111111111 0.15125 0.31777777777777777
4 0.1453125 0.155 0.175625 0.23666666666666666
1 0.609375 0.7672222222222222 0.145 0.30333333333333334
2 0.8665625 0.37666666666666665 0.158125 0.2733333333333333
1 0.35 0.3111111111111111 0.145 0.32
1 0.5903125 0.7327777777777778 0.115625 0.27
1 0.0834375 0.5438888888888889 0.120625 0.25
3 0.6853125 0.6338888888888888 0.094375 0.2588888888888889
1 0.3996875 0.23555555555555555 0.100625 0.20666666666666667
4 0.5496875 0.7177777777777777 0.111875 0.24
1 0.1438888888888889 0.1334375 0.23 0.133125
4 0.7233333333333334 0.6303125 0.20666666666666667 0.171875
4 0.481875 0.16 0.13875 0.2511111111111111
4 0.1278125 0.59 0.166875 0.2644444444444444
3 0.2934375 0.7727777777777778 0.130625 0.34555555555555556
0 0.665625 0.3138888888888889 0.1375 0.27666666666666667
