2 0.0940625 0.4077777777777778 0.175625 0.31333333333333335
3 0.84 0.53 0.11875 0.3111111111111111
4 0.5303125 0.6011111111111112 0.119375 0.20444444444444446
1 0.7059375 0.745 0.160625 0.24333333333333335
0 0.2359375 0.27111111111111114 0.150625 0.28888888888888886
0 0.72375 0.3566666666666667 0.16875 0.31777777777777777
1 0.28625 0.6461111111111111 0.145 0.3011111111111111
4 0.7546875 0.6894444444444444 0.189375 0.3011111111111111
1 0.25125 0.7533333333333333 0.135 0.2511111111111111
0 0.1190625 0.5544444444444444 0.108125 0.20666666666666667
0 0.7605555555555555 0.3634375 0.2611111111111111 0.145625
0 0.32722222222222225 0.235 0.22777777777777777 0.13625
3 0.665 0.849375 0.2788888888888889 0.125
2 0.235 0.484375 0.25222222222222224 0.13875
3 0.6209375 0.5444444444444444 0.140625 0.2688888888888889
1 0.8609375 0.36333333333333334 0.141875 0.2822222222222222
1 0.376875 0.15777777777777777 0.13 0.24444444444444444
4 0.5890625 0.33 0.134375 0.2222222222222222
2 0.0840625 0.7077777777777777 0.136875 0.20222222222222222
0 0.8409375 0.5283333333333333 0.114375 0.23222222222222222
3 0.0753125 0.7188888888888889 0.091875 0.23333333333333334
