2 0.5315625 0.2927777777777778 0.124375 0.24333333333333335
0 0.2459375 0.22277777777777777 0.173125 0.3211111111111111
1 0.8325 0.5238888888888888 0.10625 0.2677777777777778
2 0.8328125 0.18 0.110625 0.22666666666666666
4 0.5122222222222222 0.4971875 0.29333333333333333 0.145625
3 0.3288888888888889 0.14125 0.18888888888888888 0.14625
2 0.22777777777777777 0.29375 0.24888888888888888 0.095
1 0.33375 0.22333333333333333 0.13625 0.2688888888888889
0 0.854375 0.655 0.14 0.27
1 0.07625 0.38555555555555554 0.14 0.24888888888888888
0 0.7125 0.5538888888888889 0.11625 0.2411111111111111
3 0.1834375 0.305 0.095625 0.2611111111111111
0 0.66125 0.3438888888888889 0.1475 0.31222222222222223
4 0.46875 0.4766666666666667 0.1475 0.28888888888888886
3 0.47625 0.74 0.1025 0.22666666666666666
1 0.6884375 0.4588888888888889 0.168125 0.2911111111111111
1 0.61625 0.7616666666666667 0.14875 0.30777777777777776
4 0.1196875 0.5738888888888889 0.119375 0.24555555555555555
0 0.84875 0.2683333333333333 0.13125 0.2588888888888889
