1 0.6861111111111111 0.2725 0.16333333333333333 0.12125
1 0.25333333333333335 0.845 0.21333333333333335 0.1375
0 0.6261111111111111 0.7196875 0.2722222222222222 0.169375
4 0.2528125 0.4022222222222222 0.143125 0.27555555555555555
0 0.490625 0.6444444444444445 0.13125 0.25333333333333335
2 0.72375 0.24388888888888888 0.11 0.2966666666666667
4 0.3446875 0.4494444444444444 0.083125 0.2011111111111111
2 0.54375 0.5272222222222223 0.13625 0.24555555555555555
0 0.2225 0.7388888888888889 0.1175 0.2511111111111111
4 0.409375 0.66 0.17875 0.3022222222222222
1 0.3890625 0.6177777777777778 0.113125 0.23333333333333334
0 0.8746875 0.17277777777777778 0.176875 0.3322222222222222
1 0.5596875 0.7822222222222223 0.151875 0.31333333333333335
3 0.0775 0.4711111111111111 0.09375 0.18666666666666668
3 0.4627777777777778 0.503125 0.2811111111111111 0.17
4 0.75 0.118125 0.25555555555555554 0.12125
0 0.13166666666666665 0.85375 0.21666666666666667 0.15
3 0.2972222222222222 0.315 0.25 0.155
1 0.6077777777777778 0.6821875 0.27111111111111114 0.168125
0 0.858125 0.45055555555555554 0.145 0.2611111111111111
1 0.4084375 0.7394444444444445 0.145625 0.22555555555555556
1 0.096875 0.33055555555555555 0.1225 0.22555555555555556
1 0.5740625 0.2577777777777778 0.176875 0.2822222222222222
2 0.1090625 0.4683333333333333 0.149375 0.2788888888888889
4 0.475 0.6433333333333333 0.13625 0.2511111111111111
0 0.6059375 0.7777777777777778 0.150625 0.3288888888888889
4 0.7290625 0.17277777777777778 0.148125 0.2544444444444444
