1 0.6534375 0.47555555555555556 0.105625 0.26666666666666666
0 0.5028125 0.7616666666666667 0.183125 0.3277777777777778
2 0.2971875 0.23277777777777778 0.150625 0.29
3 0.08875 0.35777777777777775 0.15875 0.19111111111111112
4 0.845 0.7283333333333334 0.13375 0.20777777777777778
1 0.85875 0.7627777777777778 0.16 0.3277777777777778
4 0.365 0.8490625 0.25 0.131875
3 0.6233333333333333 0.3690625 0.21333333333333335 0.156875
1 0.1325 0.6305555555555555 0.16875 0.31222222222222223
1 0.3140625 0.3188888888888889 0.163125 0.30666666666666664
3 0.4759375 0.7661111111111111 0.116875 0.27444444444444444
1 0.6875 0.47055555555555556 0.17125 0.3011111111111111
3 0.665 0.6261111111111111 0.14 0.27666666666666667
2 0.28125 0.21388888888888888 0.1525 0.2011111111111111
0 0.48125 0.77 0.1625 0.31333333333333335
2 0.2290625 0.21666666666666667 0.099375 0.22666666666666666
0 0.623125 0.4961111111111111 0.1675 0.29444444444444445
1 0.4825 0.395 0.12625 0.25666666666666665
4 0.7309375 0.6483333333333333 0.143125 0.27
