4 0.3411111111111111 0.50125 0.2288888888888889 0.14625
4 0.175 0.2640625 0.2677777777777778 0.143125
0 0.4866666666666667 0.8765625 0.33555555555555555 0.189375
1 0.5283333333333333 0.1328125 0.23222222222222222 0.115625
1 0.21666666666666667 0.618125 0.16666666666666666 0.14375
1 0.6427777777777778 0.3809375 0.27666666666666667 0.140625
4 0.24125 0.545 0.14375 0.25222222222222224
0 0.1003125 0.6444444444444445 0.170625 0.2577777777777778
1 0.85375 0.5066666666666667 0.14875 0.2866666666666667
3 0.4478125 0.7166666666666667 0.076875 0.20222222222222222
0 0.74375 0.38722222222222225 0.17 0.29888888888888887
4 0.08375 0.4305555555555556 0.0975 0.19666666666666666
1 0.584375 0.5177777777777778 0.10125 0.18222222222222223
4 0.4759375 0.2638888888888889 0.111875 0.2588888888888889
3 0.1153125 0.31555555555555553 0.134375 0.20666666666666667
1 0.48 0.16944444444444445 0.15125 0.2966666666666667
3 0.5677777777777778 0.855 0.25555555555555554 0.15375
4 0.45222222222222225 0.1146875 0.20444444444444446 0.116875
