0 0.478125 0.16055555555555556 0.1325 0.21444444444444444
4 0.85875 0.33944444444444444 0.15 0.29
0 0.2840625 0.4577777777777778 0.116875 0.24222222222222223
0 0.1246875 0.19444444444444445 0.156875 0.23777777777777778
4 0.601875 0.39 0.13875 0.2733333333333333
3 0.063125 0.17 0.0975 0.27555555555555555
2 0.6125 0.5577777777777778 0.17375 0.2733333333333333
4 0.851875 0.7422222222222222 0.14 0.25333333333333335
2 0.8215625 0.6094444444444445 0.096875 0.21888888888888888
2 0.389375 0.2877777777777778 0.0825 0.2
3 0.1371875 0.4861111111111111 0.144375 0.1811111111111111
1 0.7053125 0.42388888888888887 0.148125 0.2633333333333333
4 0.19111111111111112 0.6309375 0.29777777777777775 0.174375
3 0.5638888888888889 0.7559375 0.29 0.181875
0 0.4538888888888889 0.369375 0.2588888888888889 0.13625
4 0.22444444444444445 0.4825 0.17777777777777778 0.12
4 0.11125 0.3188888888888889 0.1025 0.20666666666666667
4 0.8465625 0.7388888888888889 0.118125 0.24222222222222223
0 0.4903125 0.3488888888888889 0.160625 0.27111111111111114
3 0.6203125 0.29055555555555557 0.171875 0.31222222222222223
