0 0.1215625 0.36277777777777775 0.184375 0.2922222222222222
1 0.3946875 0.2594444444444444 0.133125 0.2811111111111111
4 0.68625 0.5161111111111111 0.1175 0.20555555555555555
0 0.243125 0.43444444444444447 0.12875 0.24
1 0.6572222222222223 0.345 0.22111111111111112 0.12125
1 0.2927777777777778 0.12 0.31444444444444447 0.175
2 0.5183333333333333 0.228125 0.2722222222222222 0.14
4 0.6 0.6134375 0.27111111111111114 0.154375
0 0.71125 0.24444444444444444 0.11375 0.20666666666666667
0 0.8603125 0.3888888888888889 0.166875 0.3333333333333333
2 0.3696875 0.6083333333333333 0.161875 0.28555555555555556
1 0.4884375 0.43777777777777777 0.155625 0.2688888888888889
1 0.621875 0.7861111111111111 0.17875 0.31444444444444447
4 0.22875 0.6622222222222223 0.12375 0.2311111111111111
3 0.1171875 0.5066666666666667 0.144375 0.24444444444444444
4 0.2521875 0.18611111111111112 0.129375 0.21
0 0.1459375 0.31055555555555553 0.155625 0.2877777777777778
3 0.834375 0.46555555555555556 0.09375 0.2511111111111111
3 0.3521875 0.535 0.089375 0.21666666666666667
3 0.509375 0.6427777777777778 0.16375 0.2588888888888889
4 0.5978125 0.33611111111111114 0.131875 0.14777777777777779
0 0.8734375 0.7616666666666667 0.173125 0.2722222222222222
0 0.3509375 0.5566666666666666 0.148125 0.22666666666666666
4 0.25375 0.5083333333333333 0.19125 0.2588888888888889
1 0.7090625 0.6372222222222222 0.178125 0.2833333333333333
3 0.0578125 0.3488888888888889 0.106875 0.1711111111111111
4 0.858125 0.30666666666666664 0.1675 0.32
3 0.7190625 0.4261111111111111 0.155625 0.2544444444444444
0 0.1284375 0.6638888888888889 0.141875 0.3233333333333333
2 0.8565625 0.2927777777777778 0.138125 0.1922222222222222
4 0.545625 0.5166666666666667 0.10125 0.23333333333333334
