4 0.716875 0.13944444444444445 0.17125 0.24555555555555555
1 0.114375 0.6611111111111111 0.155 0.34
0 0.8403125 0.36666666666666664 0.120625 0.22666666666666666
0 0.4175 0.7694444444444445 0.1675 0.3188888888888889
0 0.41555555555555557 0.610625 0.2511111111111111 0.145
4 0.47888888888888886 0.7078125 0.2222222222222222 0.098125
1 0.2644444444444444 0.5 0.26 0.165
0 0.5783333333333334 0.1321875 0.26555555555555554 0.153125
3 0.3088888888888889 0.3796875 0.19333333333333333 0.165625
4 0.6978125 0.2961111111111111 0.153125 0.2633333333333333
4 0.4009375 0.7872222222222223 0.179375 0.3211111111111111
4 0.554375 0.5444444444444444 0.17625 0.29777777777777775
3 0.6246875 0.6161111111111112 0.170625 0.32555555555555554
4 0.8428125 0.4083333333333333 0.129375 0.23222222222222222
4 0.37 0.7894444444444444 0.13875 0.35
0 0.3121875 0.16722222222222222 0.149375 0.2588888888888889
0 0.848125 0.29333333333333333 0.14375 0.23333333333333334
2 0.151875 0.6227777777777778 0.1875 0.3322222222222222
1 0.6584375 0.7372222222222222 0.124375 0.2811111111111111
1 0.480625 0.45611111111111113 0.1275 0.2788888888888889
2 0.585 0.7322222222222222 0.11125 0.2511111111111111
4 0.1028125 0.35944444444444446 0.161875 0.2788888888888889
4 0.7253125 0.26666666666666666 0.138125 0.2866666666666667
4 0.8496875 0.1688888888888889 0.131875 0.28444444444444444
4 0.6103125 0.76 0.149375 0.2777777777777778
4 0.8359375 0.16833333333333333 0.109375 0.21222222222222223
0 0.1128125 0.37333333333333335 0.135625 0.2511111111111111
