3 0.7390625 0.7761111111111111 0.168125 0.30777777777777776
3 0.34375 0.35777777777777775 0.11625 0.27555555555555555
4 0.60875 0.6811111111111111 0.15375 0.28
4 0.2159375 0.26722222222222225 0.106875 0.2544444444444444
4 0.35125 0.24888888888888888 0.14875 0.31333333333333335
0 0.0975 0.5738888888888889 0.13875 0.2677777777777778
2 0.2665625 0.16166666666666665 0.148125 0.29
0 0.8540625 0.71 0.126875 0.20222222222222222
1 0.7225 0.4938888888888889 0.16375 0.24555555555555555
0 0.14277777777777778 0.5059375 0.26555555555555554 0.169375
0 0.44277777777777777 0.379375 0.27 0.155
0 0.5311111111111111 0.133125 0.24888888888888888 0.13875
3 0.34055555555555556 0.2409375 0.26555555555555554 0.116875
4 0.7694444444444445 0.750625 0.3277777777777778 0.1825
4 0.15833333333333333 0.628125 0.21444444444444444 0.1675
0 0.33944444444444444 0.1146875 0.2011111111111111 0.128125
4 0.5355555555555556 0.841875 0.21777777777777776 0.10125
4 0.6016666666666667 0.683125 0.18333333333333332 0.0775
3 0.22833333333333333 0.4190625 0.21 0.121875
3 0.3527777777777778 0.299375 0.26555555555555554 0.16875
3 0.7311111111111112 0.870625 0.24666666666666667 0.16625
3 0.5366666666666666 0.153125 0.24666666666666667 0.16125
4 0.2590625 0.5688888888888889 0.159375 0.34
0 0.864375 0.6683333333333333 0.155 0.3322222222222222
4 0.56 0.24944444444444444 0.15375 0.3211111111111111
