0 0.720625 0.6511111111111111 0.18125 0.3377777777777778
3 0.109375 0.6783333333333333 0.1425 0.16333333333333333
1 0.566875 0.3983333333333333 0.17 0.29
0 0.2596875 0.4955555555555556 0.148125 0.25555555555555554
1 0.39875 0.12611111111111112 0.13 0.20333333333333334
4 0.1827777777777778 0.6025 0.29888888888888887 0.16125
4 0.36 0.8446875 0.2577777777777778 0.138125
4 0.7316666666666667 0.33125 0.20555555555555555 0.12625
1 0.1340625 0.33611111111111114 0.143125 0.2722222222222222
4 0.8640625 0.6438888888888888 0.159375 0.2877777777777778
3 0.5896875 0.49333333333333335 0.188125 0.18666666666666668
4 0.17444444444444446 0.83875 0.2111111111111111 0.13
0 0.43833333333333335 0.6996875 0.2922222222222222 0.151875
4 0.2961111111111111 0.2425 0.23222222222222222 0.13375
3 0.515 0.3903125 0.22111111111111112 0.130625
4 0.6277777777777778 0.084375 0.2222222222222222 0.11625
4 0.71125 0.7188888888888889 0.1 0.24444444444444444
0 0.604375 0.6383333333333333 0.14 0.2544444444444444
4 0.870625 0.3377777777777778 0.165 0.3377777777777778
1 0.3528125 0.4872222222222222 0.144375 0.29444444444444445
3 0.488125 0.47888888888888886 0.135 0.26666666666666666
4 0.2425 0.2544444444444444 0.12625 0.1688888888888889
4 0.1146875 0.5461111111111111 0.110625 0.22555555555555556
2 0.2796875 0.7516666666666667 0.124375 0.24333333333333335
4 0.7290625 0.245 0.185625 0.27
