3 0.0784375 0.3788888888888889 0.156875 0.2822222222222222
1 0.839375 0.5277777777777778 0.1325 0.22
1 0.7861111111111111 0.266875 0.3211111111111111 0.16
3 0.15666666666666668 0.423125 0.2911111111111111 0.1725
4 0.385 0.105 0.25666666666666665 0.13625
3 0.213125 0.41555555555555557 0.1275 0.25555555555555554
3 0.60875 0.36333333333333334 0.17125 0.31777777777777777
4 0.360625 0.2311111111111111 0.17375 0.21777777777777776
0 0.46875 0.6355555555555555 0.14 0.19555555555555557
4 0.0890625 0.5772222222222222 0.128125 0.24555555555555555
4 0.7075 0.5144444444444445 0.12 0.2866666666666667
4 0.845625 0.7077777777777777 0.1075 0.19111111111111112
2 0.10375 0.48277777777777775 0.17125 0.22111111111111112
3 0.67375 0.38666666666666666 0.08625 0.23333333333333334
1 0.5646875 0.21666666666666667 0.156875 0.3422222222222222
0 0.114375 0.5011111111111111 0.1225 0.23777777777777778
0 0.861875 0.6344444444444445 0.17375 0.28
0 0.4915625 0.7155555555555555 0.123125 0.22666666666666666
3 0.2972222222222222 0.865625 0.2677777777777778 0.155
4 0.125 0.45 0.23 0.11
0 0.7683333333333333 0.2828125 0.28555555555555556 0.168125
