1 0.15055555555555555 0.2734375 0.1922222222222222 0.128125
1 0.37555555555555553 0.85 0.2088888888888889 0.12375
2 0.4777777777777778 0.5515625 0.19555555555555557 0.105625
4 0.6111111111111112 0.1390625 0.24444444444444444 0.148125
0 0.7055555555555556 0.70625 0.21555555555555556 0.12625
3 0.10875 0.7283333333333334 0.1125 0.26555555555555554
3 0.3509375 0.3383333333333333 0.116875 0.20333333333333334
1 0.1246875 0.4683333333333333 0.154375 0.25222222222222224
0 0.485625 0.3472222222222222 0.13875 0.29444444444444445
4 0.7177777777777777 0.7146875 0.2088888888888889 0.110625
4 0.2738888888888889 0.871875 0.31 0.165
3 0.66 0.584375 0.2911111111111111 0.10875
4 0.2427777777777778 0.699375 0.2544444444444444 0.13375
3 0.5677777777777778 0.42625 0.3111111111111111 0.175
1 0.6422222222222222 0.8628125 0.26222222222222225 0.166875
0 0.3244444444444444 0.1040625 0.22 0.116875
4 0.6733333333333333 0.088125 0.2866666666666667 0.1175
1 0.49944444444444447 0.5615625 0.33 0.150625
0 0.5438888888888889 0.7015625 0.22333333333333333 0.125625
4 0.285625 0.7127777777777777 0.145 0.23222222222222222
4 0.865625 0.6327777777777778 0.1575 0.30333333333333334
4 0.5859375 0.19 0.171875 0.33555555555555555
0 0.13375 0.37444444444444447 0.1275 0.24666666666666667
4 0.4315625 0.49833333333333335 0.150625 0.2633333333333333
