4 0.849375 0.19 0.15125 0.2777777777777778
0 0.4578125 0.4488888888888889 0.136875 0.23333333333333334
1 0.6540625 0.715 0.145625 0.20333333333333334
0 0.0809375 0.36944444444444446 0.125625 0.19444444444444445
4 0.40625 0.75 0.1625 0.2866666666666667
1 0.2421875 0.15944444444444444 0.141875 0.21888888888888888
4 0.5309375 0.48 0.105625 0.19333333333333333
0 0.6228125 0.45111111111111113 0.163125 0.31777777777777777
1 0.840625 0.245 0.11875 0.2411111111111111
3 0.4059375 0.6527777777777778 0.125625 0.27666666666666667
2 0.1328125 0.7416666666666667 0.170625 0.24555555555555555
4 0.8603125 0.32 0.146875 0.23777777777777778
0 0.21833333333333332 0.841875 0.22333333333333333 0.11875
4 0.4077777777777778 0.6146875 0.27111111111111114 0.181875
0 0.6140625 0.5044444444444445 0.164375 0.33555555555555555
1 0.745625 0.4111111111111111 0.175 0.33111111111111113
0 0.3559375 0.20277777777777778 0.153125 0.2788888888888889
4 0.1084375 0.30944444444444447 0.163125 0.31
4 0.3377777777777778 0.360625 0.1622222222222222 0.1075
0 0.6044444444444445 0.14625 0.33555555555555555 0.16
4 0.205 0.86 0.2544444444444444 0.14125
