4 0.35388888888888886 0.5484375 0.2833333333333333 0.148125
1 0.25277777777777777 0.7159375 0.2877777777777778 0.175625
4 0.6577777777777778 0.3921875 0.26666666666666666 0.143125
4 0.7794444444444445 0.111875 0.3011111111111111 0.1975
4 0.8453125 0.39666666666666667 0.121875 0.24888888888888888
1 0.14375 0.285 0.135 0.25666666666666665
4 0.47055555555555556 0.238125 0.27444444444444444 0.15
3 0.3327777777777778 0.619375 0.18333333333333332 0.1625
1 0.24833333333333332 0.47625 0.1988888888888889 0.12625
0 0.5516666666666666 0.8625 0.25222222222222224 0.1475
2 0.354375 0.7483333333333333 0.135 0.2388888888888889
0 0.605625 0.41444444444444445 0.14 0.2822222222222222
0 0.7355555555555555 0.5603125 0.22444444444444445 0.138125
4 0.43944444444444447 0.865625 0.3233333333333333 0.15875
0 0.0903125 0.6027777777777777 0.164375 0.30777777777777776
4 0.645625 0.3811111111111111 0.11625 0.15555555555555556
3 0.83875 0.7372222222222222 0.11625 0.2833333333333333
0 0.4628125 0.16166666666666665 0.136875 0.3011111111111111
3 0.66125 0.6155555555555555 0.1225 0.26666666666666666
1 0.4909375 0.15888888888888889 0.141875 0.18888888888888888
3 0.3053125 0.325 0.131875 0.24333333333333335
0 0.82375 0.7305555555555555 0.08625 0.21666666666666667
