4 0.3825 0.16944444444444445 0.18375 0.26555555555555554
0 0.1275 0.2961111111111111 0.16125 0.3233333333333333
0 0.2540625 0.7955555555555556 0.170625 0.3333333333333333
3 0.5709375 0.5866666666666667 0.088125 0.2866666666666667
4 0.33611111111111114 0.6021875 0.2011111111111111 0.119375
4 0.25722222222222224 0.3675 0.22555555555555556 0.1425
1 0.6388888888888888 0.26375 0.2577777777777778 0.18125
3 0.455 0.1278125 0.2544444444444444 0.154375
0 0.5494444444444444 0.74125 0.2611111111111111 0.15125
0 0.7565625 0.7883333333333333 0.180625 0.3388888888888889
4 0.60375 0.37277777777777776 0.11 0.22777777777777777
1 0.3928125 0.31 0.158125 0.2822222222222222
2 0.5140625 0.22833333333333333 0.165625 0.29888888888888887
2 0.2584375 0.48833333333333334 0.124375 0.2788888888888889
3 0.7383333333333333 0.8525 0.2833333333333333 0.15875
4 0.18777777777777777 0.0859375 0.1288888888888889 0.111875
1 0.3861111111111111 0.59125 0.21 0.1325
2 0.5722222222222222 0.351875 0.26666666666666666 0.14875
4 0.839375 0.5644444444444444 0.12 0.2222222222222222
0 0.1 0.28833333333333333 0.17125 0.3188888888888889
3 0.34875 0.42444444444444446 0.15875 0.26666666666666666
3 0.5753125 0.7416666666666667 0.101875 0.25222222222222224
2 0.2411111111111111 0.3565625 0.22666666666666666 0.151875
