0 0.4146875 0.48055555555555557 0.175625 0.3388888888888889
0 0.1140625 0.7811111111111111 0.169375 0.3244444444444444
3 0.2403125 0.23333333333333334 0.124375 0.25333333333333335
4 0.548125 0.3527777777777778 0.145 0.2877777777777778
0 0.3496875 0.7872222222222223 0.166875 0.3388888888888889
1 0.855625 0.18888888888888888 0.1325 0.27555555555555555
2 0.5878125 0.5488888888888889 0.120625 0.24
0 0.84125 0.175 0.125 0.24333333333333335
4 0.6571875 0.7238888888888889 0.129375 0.2544444444444444
0 0.4715625 0.4488888888888889 0.129375 0.24888888888888888
0 0.1103125 0.6105555555555555 0.150625 0.3011111111111111
4 0.4166666666666667 0.840625 0.18444444444444444 0.11875
2 0.5166666666666667 0.7034375 0.2 0.154375
0 0.3561111111111111 0.2325 0.2477777777777778 0.14125
3 0.1938888888888889 0.52875 0.10777777777777778 0.115
0 0.8428125 0.64 0.121875 0.24888888888888888
4 0.406875 0.35833333333333334 0.16375 0.33666666666666667
4 0.2465625 0.7866666666666666 0.146875 0.3244444444444444
2 0.711875 0.5388888888888889 0.165 0.2644444444444444
0 0.8571875 0.755 0.148125 0.2877777777777778
1 0.075625 0.4683333333333333 0.1125 0.2477777777777778
1 0.6559375 0.5933333333333334 0.128125 0.2311111111111111
1 0.2921875 0.375 0.164375 0.3277777777777778
4 0.3778125 0.6855555555555556 0.108125 0.16666666666666666
3 0.5578125 0.18888888888888888 0.158125 0.32
