3 0.1028125 0.7483333333333333 0.110625 0.25
3 0.846875 0.27111111111111114 0.1175 0.26222222222222225
2 0.6678125 0.4988888888888889 0.130625 0.23555555555555555
2 0.0940625 0.3761111111111111 0.185625 0.31666666666666665
2 0.8653125 0.16944444444444445 0.163125 0.2877777777777778
2 0.70875 0.6472222222222223 0.11 0.2388888888888889
0 0.33125 0.29388888888888887 0.135 0.2411111111111111
4 0.4653125 0.5616666666666666 0.143125 0.24555555555555555
4 0.5790625 0.47888888888888886 0.110625 0.25555555555555554
4 0.8228125 0.16277777777777777 0.078125 0.15444444444444444
4 0.061875 0.7166666666666667 0.115 0.2
3 0.180625 0.36 0.09375 0.19555555555555557
1 0.7405555555555555 0.84125 0.25222222222222224 0.10625
0 0.1411111111111111 0.1109375 0.2733333333333333 0.161875
1 0.24722222222222223 0.715 0.24333333333333335 0.1575
1 0.48444444444444446 0.398125 0.2288888888888889 0.13
2 0.7366666666666667 0.5075 0.26 0.15125
1 0.2966666666666667 0.69 0.21777777777777776 0.16
4 0.17888888888888888 0.14125 0.26 0.13
4 0.575 0.308125 0.21666666666666667 0.10875
4 0.2196875 0.5755555555555556 0.171875 0.31555555555555553
1 0.47625 0.3972222222222222 0.1625 0.33666666666666667
3 0.0525 0.14 0.0975 0.2
2 0.731875 0.2833333333333333 0.1525 0.29777777777777775
2 0.3109375 0.7 0.093125 0.18444444444444444
