0 0.5977777777777777 0.8615625 0.2288888888888889 0.174375
4 0.7377777777777778 0.6409375 0.24 0.120625
4 0.8559375 0.6161111111111112 0.128125 0.23666666666666666
0 0.24 0.7388888888888889 0.1075 0.2311111111111111
4 0.1075 0.14277777777777778 0.145 0.28555555555555556
2 0.414375 0.5183333333333333 0.15375 0.29
2 0.5828125 0.42277777777777775 0.188125 0.3477777777777778
4 0.71625 0.2772222222222222 0.1525 0.3055555555555556
2 0.33166666666666667 0.6734375 0.3277777777777778 0.180625
4 0.44277777777777777 0.0759375 0.25 0.145625
4 0.5844444444444444 0.4521875 0.23333333333333334 0.124375
1 0.6171875 0.38666666666666666 0.164375 0.3244444444444444
4 0.8328125 0.2222222222222222 0.090625 0.18
4 0.3309375 0.7405555555555555 0.130625 0.24333333333333335
1 0.7277777777777777 0.3815625 0.24888888888888888 0.164375
