4 0.7144444444444444 0.723125 0.19333333333333333 0.135
0 0.665 0.6140625 0.2877777777777778 0.155625
3 0.12277777777777778 0.4990625 0.16555555555555557 0.163125
4 0.6734375 0.3488888888888889 0.180625 0.25555555555555554
4 0.085 0.4866666666666667 0.145 0.2777777777777778
4 0.8646875 0.21166666666666667 0.181875 0.23222222222222222
3 0.27 0.695 0.135 0.19
3 0.460625 0.6138888888888889 0.135 0.2811111111111111
4 0.44 0.2903125 0.2088888888888889 0.108125
1 0.5705555555555556 0.126875 0.21 0.1475
2 0.14 0.46 0.16625 0.2822222222222222
1 0.4125 0.32555555555555554 0.13125 0.20222222222222222
4 0.5484375 0.28888888888888886 0.113125 0.31777777777777777
2 0.128125 0.7405555555555555 0.14375 0.2788888888888889
4 0.3671875 0.4172222222222222 0.144375 0.3188888888888889
1 0.600625 0.5472222222222223 0.1325 0.23666666666666666
4 0.679375 0.78 0.17 0.36
4 0.1340625 0.23722222222222222 0.146875 0.24555555555555555
3 0.2878125 0.5933333333333334 0.099375 0.2311111111111111
