3 0.295 0.32166666666666666 0.16125 0.2788888888888889
0 0.87 0.48388888888888887 0.17375 0.31
4 0.4053125 0.63 0.090625 0.21777777777777776
4 0.16 0.1146875 0.25555555555555554 0.156875
1 0.3477777777777778 0.329375 0.23555555555555555 0.09
3 0.7283333333333334 0.6015625 0.20333333333333334 0.138125
4 0.5266666666666666 0.839375 0.19777777777777777 0.1175
1 0.8446875 0.20277777777777778 0.109375 0.25666666666666665
1 0.475 0.35888888888888887 0.13375 0.29333333333333333
1 0.6615625 0.49444444444444446 0.125625 0.28888888888888886
