0 0.4671875 0.4444444444444444 0.143125 0.2777777777777778
1 0.455625 0.2838888888888889 0.13125 0.2877777777777778
0 0.3421875 0.4 0.160625 0.3377777777777778
1 0.186875 0.42277777777777775 0.105 0.2011111111111111
2 0.38722222222222225 0.731875 0.2611111111111111 0.14875
0 0.4638888888888889 0.484375 0.2388888888888889 0.13625
4 0.5338888888888889 0.838125 0.20333333333333334 0.11875
4 0.7077777777777777 0.2465625 0.19777777777777777 0.144375
4 0.8359375 0.3211111111111111 0.111875 0.19777777777777777
3 0.8428125 0.3388888888888889 0.110625 0.2511111111111111
2 0.6196875 0.26 0.163125 0.29555555555555557
0 0.229375 0.6211111111111111 0.12875 0.2111111111111111
3 0.86 0.22555555555555556 0.14125 0.28
0 0.124375 0.7405555555555555 0.125 0.2411111111111111
