4 0.108125 0.4438888888888889 0.12125 0.2388888888888889
3 0.69 0.31055555555555553 0.18 0.24333333333333335
2 0.665 0.733125 0.27666666666666667 0.18625
3 0.4633333333333333 0.236875 0.2688888888888889 0.0925
4 0.6553125 0.20277777777777778 0.103125 0.2388888888888889
4 0.3003125 0.5844444444444444 0.128125 0.2288888888888889
2 0.6772222222222222 0.8359375 0.15444444444444444 0.113125
2 0.37666666666666665 0.3928125 0.2911111111111111 0.171875
4 0.705 0.7416666666666667 0.16375 0.28555555555555556
4 0.8478125 0.23055555555555557 0.143125 0.24555555555555555
4 0.228125 0.5066666666666667 0.125 0.2088888888888889
4 0.0665625 0.3188888888888889 0.106875 0.22666666666666666
