1 0.8690625 0.20333333333333334 0.189375 0.3422222222222222
1 0.690625 0.2638888888888889 0.135 0.22777777777777777
3 0.399375 0.5255555555555556 0.1575 0.27555555555555555
1 0.8534375 0.5138888888888888 0.143125 0.1988888888888889
4 0.37833333333333335 0.6128125 0.22777777777777777 0.134375
1 0.2911111111111111 0.1384375 0.22 0.120625
0 0.6655555555555556 0.846875 0.3022222222222222 0.13375
0 0.55 0.2625 0.23777777777777778 0.135
0 0.37625 0.29444444444444445 0.1625 0.32
2 0.146875 0.7894444444444444 0.19375 0.33666666666666667
0 0.486875 0.7155555555555555 0.125 0.2088888888888889
1 0.71625 0.31 0.11625 0.2511111111111111
4 0.133125 0.5483333333333333 0.11875 0.21666666666666667
4 0.613125 0.37833333333333335 0.14375 0.21666666666666667
1 0.27875 0.25666666666666665 0.17625 0.31333333333333335
