0 0.7084375 0.24944444444444444 0.140625 0.2833333333333333
0 0.56 0.35777777777777775 0.145 0.29333333333333333
4 0.0734375 0.5111111111111111 0.115625 0.26666666666666666
0 0.4175 0.28 0.18625 0.30444444444444446
0 0.57 0.1622222222222222 0.18125 0.31777777777777777
4 0.8678125 0.3883333333333333 0.158125 0.2722222222222222
4 0.831875 0.5361111111111111 0.08875 0.23666666666666666
0 0.383125 0.6316666666666667 0.105 0.2588888888888889
2 0.256875 0.7594444444444445 0.15 0.2833333333333333
0 0.861875 0.20944444444444443 0.16875 0.3322222222222222
1 0.7455555555555555 0.111875 0.26666666666666666 0.15625
4 0.4166666666666667 0.8434375 0.24444444444444444 0.136875
4 0.5505555555555556 0.584375 0.19444444444444445 0.11375
