2 0.5796875 0.645 0.101875 0.2544444444444444
0 0.3615625 0.15222222222222223 0.156875 0.3022222222222222
2 0.225625 0.4116666666666667 0.13125 0.2011111111111111
3 0.83125 0.23333333333333334 0.11375 0.2577777777777778
3 0.111875 0.7005555555555556 0.15375 0.34555555555555556
0 0.53875 0.33444444444444443 0.11875 0.22
4 0.251875 0.25 0.1375 0.25333333333333335
4 0.19333333333333333 0.1440625 0.28 0.154375
3 0.48388888888888887 0.751875 0.28555555555555556 0.1725
0 0.6855555555555556 0.4028125 0.30444444444444446 0.193125
3 0.335 0.8675 0.17888888888888888 0.16375
3 0.5711111111111111 0.631875 0.26666666666666666 0.1725
4 0.7305555555555555 0.3284375 0.26555555555555554 0.131875
4 0.4494444444444444 0.2146875 0.2633333333333333 0.160625
3 0.16722222222222222 0.729375 0.25666666666666665 0.16625
2 0.2688888888888889 0.8678125 0.3088888888888889 0.176875
1 0.6477777777777778 0.245625 0.2111111111111111 0.13375
0 0.6072222222222222 0.38375 0.3011111111111111 0.17
1 0.48444444444444446 0.130625 0.22666666666666666 0.14375
4 0.3238888888888889 0.613125 0.2477777777777778 0.14875
