0 0.63 0.4875 0.3022222222222222 0.13875
0 0.2833333333333333 0.82 0.18666666666666668 0.0875
3 0.7394444444444445 0.321875 0.23222222222222222 0.165
1 0.4540625 0.7305555555555555 0.120625 0.26555555555555554
4 0.656875 0.575 0.1375 0.21666666666666667
4 0.095 0.6216666666666667 0.13 0.22777777777777777
4 0.6840625 0.1827777777777778 0.118125 0.23
2 0.5534375 0.31666666666666665 0.154375 0.2777777777777778
4 0.6559375 0.21 0.130625 0.2288888888888889
4 0.48875 0.3566666666666667 0.1775 0.2688888888888889
0 0.584375 0.3383333333333333 0.19375 0.3433333333333333
2 0.8359375 0.5044444444444445 0.113125 0.24
1 0.2696875 0.7466666666666667 0.146875 0.28888888888888886
