3 0.096875 0.3561111111111111 0.09625 0.2811111111111111
3 0.5865625 0.12833333333333333 0.101875 0.21888888888888888
3 0.343125 0.7305555555555555 0.1025 0.2411111111111111
1 0.129375 0.21 0.17125 0.3111111111111111
0 0.403125 0.725 0.13 0.25666666666666665
0 0.8428125 0.5005555555555555 0.124375 0.24333333333333335
4 0.7021875 0.6238888888888889 0.138125 0.2722222222222222
2 0.5911111111111111 0.6575 0.2222222222222222 0.1275
0 0.6783333333333333 0.1053125 0.12555555555555556 0.100625
1 0.4088888888888889 0.451875 0.1288888888888889 0.075
0 0.681875 0.7577777777777778 0.15625 0.2644444444444444
1 0.506875 0.6166666666666667 0.16375 0.26222222222222225
0 0.835 0.18777777777777777 0.105 0.24222222222222223
3 0.3090625 0.48277777777777775 0.125625 0.27444444444444444
4 0.25875 0.6755555555555556 0.18 0.35333333333333333
4 0.67375 0.26555555555555554 0.08875 0.20666666666666667
