1 0.5672222222222222 0.6209375 0.27666666666666667 0.175625
2 0.36 0.3571875 0.2644444444444444 0.155625
1 0.2203125 0.6544444444444445 0.139375 0.27111111111111114
4 0.321875 0.18555555555555556 0.0925 0.15777777777777777
3 0.0878125 0.3427777777777778 0.123125 0.26555555555555554
3 0.8225 0.5333333333333333 0.09625 0.23555555555555555
2 0.616875 0.5655555555555556 0.17 0.27555555555555555
1 0.86875 0.18944444444444444 0.16875 0.3233333333333333
4 0.1190625 0.22722222222222221 0.113125 0.20555555555555555
3 0.298125 0.7394444444444445 0.1125 0.22111111111111112
4 0.840625 0.5133333333333333 0.12125 0.2733333333333333
4 0.0746875 0.14444444444444443 0.143125 0.18666666666666668
3 0.2184375 0.49722222222222223 0.121875 0.21222222222222223
4 0.39875 0.325 0.17375 0.3211111111111111
4 0.6990625 0.64 0.155625 0.27111111111111114
4 0.8503125 0.39666666666666667 0.148125 0.23777777777777778
