1 0.1284375 0.4061111111111111 0.158125 0.27
1 0.354375 0.7261111111111112 0.1275 0.24333333333333335
3 0.3078125 0.5283333333333333 0.089375 0.23444444444444446
1 0.0540625 0.32555555555555554 0.103125 0.20444444444444446
2 0.853125 0.77 0.13625 0.34
0 0.32125 0.7177777777777777 0.12125 0.2111111111111111
0 0.7146875 0.2611111111111111 0.170625 0.26222222222222225
0 0.418125 0.15833333333333333 0.155 0.30333333333333334
3 0.8325 0.7261111111111112 0.09375 0.2544444444444444
4 0.6128125 0.40944444444444444 0.148125 0.2388888888888889
0 0.115 0.245 0.13875 0.21666666666666667
4 0.3578125 0.5716666666666667 0.131875 0.2544444444444444
