3 0.3761111111111111 0.12125 0.23444444444444446 0.14375
0 0.7188888888888889 0.5609375 0.24666666666666667 0.136875
1 0.47444444444444445 0.8409375 0.20666666666666667 0.104375
0 0.13777777777777778 0.2584375 0.20666666666666667 0.123125
4 0.5771875 0.20277777777777778 0.175625 0.3011111111111111
2 0.435625 0.7666666666666667 0.1825 0.3111111111111111
1 0.8625 0.16 0.1575 0.3111111111111111
3 0.668125 0.40166666666666667 0.1425 0.1988888888888889
4 0.3009375 0.30722222222222223 0.154375 0.30777777777777776
4 0.4853125 0.7344444444444445 0.149375 0.2688888888888889
0 0.0734375 0.7305555555555555 0.130625 0.27
0 0.605625 0.5844444444444444 0.1575 0.29555555555555557
4 0.1253125 0.7338888888888889 0.103125 0.20777777777777778
0 0.365 0.5722222222222222 0.1125 0.21777777777777776
4 0.860625 0.4411111111111111 0.16375 0.28888888888888886
4 0.6128125 0.2827777777777778 0.138125 0.30333333333333334
