4 0.5011111111111111 0.685 0.2222222222222222 0.12875
0 0.6088888888888889 0.3853125 0.2311111111111111 0.140625
4 0.2238888888888889 0.2171875 0.2833333333333333 0.110625
1 0.2861111111111111 0.5190625 0.20333333333333334 0.103125
3 0.685 0.82875 0.17666666666666667 0.11
0 0.353125 0.6472222222222223 0.165 0.2677777777777778
1 0.8546875 0.2727777777777778 0.144375 0.2833333333333333
1 0.6115625 0.765 0.170625 0.31222222222222223
4 0.2046875 0.37222222222222223 0.124375 0.2911111111111111
2 0.7228125 0.4444444444444444 0.136875 0.24444444444444444
1 0.0765625 0.5355555555555556 0.123125 0.23555555555555555
2 0.080625 0.5144444444444445 0.1475 0.26222222222222225
4 0.5275 0.7338888888888889 0.11625 0.22333333333333333
1 0.24125 0.42277777777777775 0.16125 0.31666666666666665
3 0.371875 0.6211111111111111 0.11375 0.23777777777777778
4 0.345 0.5796875 0.22777777777777777 0.185625
4 0.6438888888888888 0.71 0.24555555555555555 0.15
1 0.5855555555555556 0.8709375 0.32222222222222224 0.175625
1 0.085 0.7411111111111112 0.13125 0.2688888888888889
3 0.338125 0.2588888888888889 0.1275 0.27111111111111114
