3 0.1134375 0.49444444444444446 0.115625 0.2777777777777778
4 0.2971875 0.5733333333333334 0.116875 0.19555555555555557
0 0.508125 0.7327777777777778 0.1725 0.27444444444444444
0 0.8409375 0.3511111111111111 0.118125 0.2733333333333333
0 0.838125 0.3794444444444444 0.12375 0.24555555555555555
1 0.58125 0.7272222222222222 0.11625 0.2588888888888889
4 0.3434375 0.18888888888888888 0.153125 0.32222222222222224
4 0.125625 0.3038888888888889 0.15625 0.2722222222222222
2 0.2625 0.6088888888888889 0.135 0.23555555555555555
0 0.7015625 0.16555555555555557 0.128125 0.2111111111111111
0 0.5659375 0.7272222222222222 0.151875 0.25666666666666665
3 0.4321875 0.5266666666666666 0.179375 0.2866666666666667
