1 0.3584375 0.1272222222222222 0.103125 0.17444444444444446
3 0.1275 0.33666666666666667 0.1075 0.21333333333333335
4 0.841875 0.5511111111111111 0.1175 0.21555555555555556
1 0.0875 0.3983333333333333 0.13 0.27444444444444444
3 0.3011111111111111 0.4071875 0.20444444444444446 0.178125
4 0.5377777777777778 0.7065625 0.26 0.163125
2 0.2159375 0.7355555555555555 0.105625 0.26
2 0.833125 0.18166666666666667 0.11625 0.23222222222222222
0 0.115 0.2966666666666667 0.1475 0.2822222222222222
0 0.621875 0.5022222222222222 0.18375 0.3333333333333333
1 0.6244444444444445 0.875 0.2866666666666667 0.175
3 0.30666666666666664 0.4915625 0.2111111111111111 0.176875
1 0.45222222222222225 0.29 0.2222222222222222 0.15875
