2 0.3672222222222222 0.1278125 0.3388888888888889 0.175625
0 0.6383333333333333 0.5059375 0.31 0.193125
3 0.7655555555555555 0.6815625 0.2777777777777778 0.175625
0 0.27444444444444444 0.564375 0.2577777777777778 0.1325
1 0.35444444444444445 0.2659375 0.18444444444444444 0.111875
4 0.17777777777777778 0.43875 0.29555555555555557 0.17
3 0.60125 0.43277777777777776 0.1675 0.3233333333333333
0 0.1340625 0.23666666666666666 0.114375 0.30444444444444446
0 0.43125 0.4361111111111111 0.14 0.2722222222222222
4 0.28 0.6394444444444445 0.1225 0.2477777777777778
4 0.725 0.873125 0.2411111111111111 0.18625
2 0.4061111111111111 0.065 0.23444444444444446 0.11375
1 0.15888888888888889 0.524375 0.16 0.10625
1 0.5544444444444444 0.415625 0.32222222222222224 0.1975
