1 0.35388888888888886 0.59 0.23 0.1375
0 0.15 0.084375 0.2088888888888889 0.1325
3 0.755 0.333125 0.2544444444444444 0.1275
0 0.6915625 0.39166666666666666 0.110625 0.21666666666666667
0 0.250625 0.7311111111111112 0.13625 0.2088888888888889
3 0.5690625 0.21388888888888888 0.168125 0.3188888888888889
2 0.8575 0.6027777777777777 0.13875 0.23444444444444446
1 0.3084375 0.4822222222222222 0.141875 0.2822222222222222
0 0.35555555555555557 0.8646875 0.22 0.153125
1 0.44222222222222224 0.6103125 0.2088888888888889 0.144375
4 0.2 0.110625 0.27555555555555555 0.145
