3 0.81875 0.5838888888888889 0.0875 0.25222222222222224
1 0.115625 0.23444444444444446 0.085 0.2
0 0.619375 0.43777777777777777 0.1575 0.28444444444444444
1 0.825625 0.40444444444444444 0.1025 0.23555555555555555
2 0.065 0.5494444444444444 0.11625 0.21222222222222223
4 0.3378125 0.25722222222222224 0.150625 0.25222222222222224
3 0.656875 0.42444444444444446 0.12375 0.20666666666666667
1 0.11875 0.14722222222222223 0.15375 0.22333333333333333
2 0.465 0.5872222222222222 0.10875 0.2477777777777778
4 0.855625 0.27944444444444444 0.1525 0.20333333333333334
1 0.299375 0.49444444444444446 0.0675 0.1622222222222222
4 0.8590625 0.16666666666666666 0.141875 0.29777777777777775
3 0.0659375 0.7427777777777778 0.123125 0.2633333333333333
