0 0.3478125 0.37 0.128125 0.2644444444444444
2 0.101875 0.5533333333333333 0.12625 0.24888888888888888
0 0.8528125 0.18888888888888888 0.155625 0.2822222222222222
0 0.8578125 0.5644444444444444 0.153125 0.30444444444444446
1 0.5828125 0.6361111111111111 0.124375 0.24555555555555555
3 0.4478125 0.10944444444444444 0.114375 0.20333333333333334
4 0.086875 0.7727777777777778 0.1725 0.31666666666666665
0 0.74 0.3388888888888889 0.17875 0.2577777777777778
4 0.7011111111111111 0.8315625 0.20222222222222222 0.110625
1 0.32555555555555554 0.3725 0.20222222222222222 0.15
0 0.466875 0.29 0.14 0.27111111111111114
2 0.0984375 0.14166666666666666 0.159375 0.2833333333333333
0 0.284375 0.6083333333333333 0.15375 0.28555555555555556
