0 0.3016666666666667 0.1271875 0.2588888888888889 0.170625
4 0.6761111111111111 0.51125 0.31444444444444447 0.19
1 0.7122222222222222 0.83875 0.21333333333333335 0.09625
1 0.485 0.3825 0.2788888888888889 0.1825
0 0.4022222222222222 0.625625 0.2866666666666667 0.17
3 0.8315625 0.19 0.096875 0.21777777777777776
1 0.096875 0.5861111111111111 0.15125 0.30777777777777776
4 0.596875 0.3838888888888889 0.13625 0.2544444444444444
0 0.41 0.4559375 0.19777777777777777 0.119375
2 0.335 0.7375 0.25222222222222224 0.1625
3 0.5561111111111111 0.869375 0.2877777777777778 0.165
4 0.7538888888888889 0.3471875 0.27666666666666667 0.161875
4 0.36 0.728125 0.23555555555555555 0.145
3 0.23666666666666666 0.3403125 0.17333333333333334 0.139375
3 0.18555555555555556 0.5965625 0.25555555555555554 0.138125
0 0.6677777777777778 0.4859375 0.29777777777777775 0.174375
3 0.5416666666666666 0.8709375 0.23 0.173125
