0 0.1203125 0.4477777777777778 0.145625 0.2511111111111111
2 0.4178125 0.7394444444444445 0.153125 0.2677777777777778
0 0.546875 0.3416666666666667 0.1175 0.22777777777777777
1 0.70375 0.26611111111111113 0.1375 0.26555555555555554
0 0.091875 0.7488888888888889 0.12625 0.2733333333333333
3 0.6653125 0.33166666666666667 0.155625 0.31222222222222223
4 0.10375 0.35777777777777775 0.13375 0.22444444444444445
1 0.7321875 0.21611111111111111 0.141875 0.31444444444444447
1 0.85375 0.4666666666666667 0.135 0.25555555555555554
3 0.475625 0.5744444444444444 0.12875 0.28444444444444444
4 0.2184375 0.25277777777777777 0.114375 0.2011111111111111
4 0.3690625 0.7483333333333333 0.165625 0.2588888888888889
0 0.555 0.5433333333333333 0.13625 0.24222222222222223
3 0.2734375 0.49166666666666664 0.155625 0.3322222222222222
4 0.4028125 0.26944444444444443 0.123125 0.27
