4 0.3278125 0.7327777777777778 0.123125 0.21888888888888888
3 0.843125 0.3794444444444444 0.12875 0.2388888888888889
4 0.4778125 0.17333333333333334 0.154375 0.25333333333333335
4 0.873125 0.5944444444444444 0.17 0.26222222222222225
0 0.2925 0.7461111111111111 0.17125 0.2877777777777778
0 0.5011111111111111 0.708125 0.2111111111111111 0.13125
0 0.29944444444444446 0.139375 0.22555555555555556 0.14125
3 0.6883333333333334 0.280625 0.16555555555555557 0.1375
4 0.6265625 0.5766666666666667 0.161875 0.3111111111111111
0 0.3634375 0.6127777777777778 0.126875 0.1988888888888889
