2 0.6240625 0.49722222222222223 0.145625 0.29
1 0.2834375 0.335 0.175625 0.33444444444444443
0 0.5325 0.7011111111111111 0.2 0.3288888888888889
1 0.7322222222222222 0.619375 0.2288888888888889 0.165
3 0.33444444444444443 0.1096875 0.16666666666666666 0.093125
0 0.185 0.846875 0.23222222222222222 0.14625
4 0.82375 0.5288888888888889 0.0975 0.32
2 0.0821875 0.7372222222222222 0.140625 0.23444444444444446
4 0.191875 0.28888888888888886 0.10625 0.17333333333333334
4 0.5921875 0.6111111111111112 0.143125 0.31777777777777777
3 0.715625 0.39444444444444443 0.13625 0.21777777777777776
4 0.31 0.235625 0.2311111111111111 0.12375
4 0.7133333333333334 0.083125 0.16666666666666666 0.12125
4 0.6316666666666667 0.688125 0.22111111111111112 0.11875
3 0.19666666666666666 0.4121875 0.22 0.173125
1 0.45611111111111113 0.575625 0.3055555555555556 0.1975
