0 0.336875 0.3411111111111111 0.14625 0.26666666666666666
3 0.0609375 0.12444444444444444 0.109375 0.2288888888888889
1 0.8525 0.5366666666666666 0.145 0.26222222222222225
0 0.3634375 0.44222222222222224 0.160625 0.3022222222222222
2 0.600625 0.5633333333333334 0.1325 0.21333333333333335
4 0.8553125 0.2461111111111111 0.139375 0.2388888888888889
3 0.54 0.565625 0.3244444444444444 0.1625
2 0.36 0.3953125 0.2111111111111111 0.120625
4 0.12055555555555555 0.2409375 0.22555555555555556 0.110625
3 0.5966666666666667 0.279375 0.2511111111111111 0.12
3 0.19611111111111112 0.8628125 0.25 0.164375
1 0.3022222222222222 0.459375 0.19555555555555557 0.10625
