0 0.2288888888888889 0.686875 0.28888888888888886 0.17875
0 0.305 0.8503125 0.17888888888888888 0.116875
0 0.7655555555555555 0.109375 0.31333333333333335 0.18625
4 0.2740625 0.5594444444444444 0.131875 0.28555555555555556
3 0.423125 0.2644444444444444 0.14375 0.27111111111111114
1 0.6366666666666667 0.2415625 0.2511111111111111 0.115625
3 0.4938888888888889 0.1265625 0.16333333333333333 0.128125
4 0.7755555555555556 0.6371875 0.33111111111111113 0.179375
4 0.3433333333333333 0.8678125 0.2577777777777778 0.155625
4 0.12555555555555556 0.733125 0.21555555555555556 0.12875
0 0.2561111111111111 0.503125 0.2811111111111111 0.15375
2 0.3275 0.6322222222222222 0.1725 0.30444444444444446
0 0.15375 0.49166666666666664 0.19 0.2922222222222222
2 0.485 0.7233333333333334 0.12125 0.21555555555555556
0 0.8303125 0.29888888888888887 0.079375 0.17555555555555555
4 0.661875 0.18777777777777777 0.10875 0.2222222222222222
