0 0.55375 0.3794444444444444 0.15125 0.24555555555555555
1 0.2628125 0.2761111111111111 0.178125 0.2788888888888889
4 0.4075 0.5994444444444444 0.16375 0.20555555555555555
4 0.205625 0.73 0.145 0.26666666666666666
2 0.60125 0.6488888888888888 0.15625 0.29333333333333333
1 0.4071875 0.2311111111111111 0.140625 0.20666666666666667
4 0.095625 0.7127777777777777 0.1175 0.20777777777777778
3 0.5515625 0.6427777777777778 0.129375 0.2611111111111111
0 0.8490625 0.5327777777777778 0.124375 0.23444444444444446
3 0.6853125 0.3194444444444444 0.096875 0.1922222222222222
3 0.260625 0.5616666666666666 0.15625 0.3011111111111111
3 0.0771875 0.7488888888888889 0.093125 0.26666666666666666
4 0.846875 0.21555555555555556 0.11 0.22
