1 0.2190625 0.31222222222222223 0.129375 0.23777777777777778
3 0.829375 0.5555555555555556 0.11375 0.22
3 0.07375 0.20944444444444443 0.085 0.1988888888888889
3 0.7075 0.4861111111111111 0.1175 0.2477777777777778
1 0.4216666666666667 0.23875 0.23 0.13625
1 0.06 0.2911111111111111 0.11625 0.25333333333333335
4 0.5328125 0.5005555555555555 0.130625 0.23222222222222222
1 0.704375 0.6022222222222222 0.16375 0.21555555555555556
1 0.2446875 0.4111111111111111 0.175625 0.2733333333333333
4 0.4633333333333333 0.8640625 0.29777777777777775 0.150625
0 0.34833333333333333 0.4203125 0.2633333333333333 0.144375
2 0.2677777777777778 0.136875 0.29777777777777775 0.165
