4 0.1490625 0.5 0.153125 0.29555555555555557
0 0.8484375 0.35055555555555556 0.136875 0.2677777777777778
0 0.2940625 0.185 0.089375 0.20777777777777778
3 0.39375 0.4261111111111111 0.1325 0.33444444444444443
4 0.8528125 0.6244444444444445 0.151875 0.26666666666666666
3 0.25625 0.76 0.15625 0.30444444444444446
1 0.545 0.5033333333333333 0.135 0.25555555555555554
3 0.695 0.2222222222222222 0.13625 0.15777777777777777
0 0.5021875 0.5633333333333334 0.153125 0.20444444444444446
3 0.854375 0.37 0.1475 0.3111111111111111
4 0.7209375 0.24944444444444444 0.118125 0.23222222222222222
2 0.615 0.5127777777777778 0.1425 0.2677777777777778
0 0.2721875 0.46 0.166875 0.32666666666666666
4 0.5016666666666667 0.3584375 0.19 0.124375
3 0.7494444444444445 0.6184375 0.27666666666666667 0.164375
4 0.355 0.8490625 0.30333333333333334 0.144375
