4 0.1 0.5061111111111111 0.08 0.2011111111111111
3 0.8475 0.33444444444444443 0.13875 0.25555555555555554
4 0.345 0.7022222222222222 0.09125 0.19555555555555557
4 0.5444444444444444 0.3628125 0.2688888888888889 0.185625
2 0.7261111111111112 0.8590625 0.2411111111111111 0.166875
1 0.11375 0.7644444444444445 0.12125 0.30444444444444446
4 0.8528125 0.5505555555555556 0.138125 0.2788888888888889
1 0.4003125 0.27111111111111114 0.138125 0.25555555555555554
0 0.559375 0.37833333333333335 0.15 0.23222222222222222
4 0.730625 0.6727777777777778 0.1875 0.3433333333333333
