4 0.4938888888888889 0.146875 0.23666666666666666 0.16
0 0.7211111111111111 0.2796875 0.23555555555555555 0.138125
3 0.36277777777777775 0.7178125 0.2011111111111111 0.150625
3 0.15888888888888889 0.8753125 0.24666666666666667 0.176875
2 0.6488888888888888 0.5909375 0.32 0.184375
0 0.565 0.5338888888888889 0.15125 0.2922222222222222
3 0.8334375 0.5727777777777778 0.120625 0.14777777777777779
3 0.6909375 0.73 0.119375 0.24
3 0.3825 0.27 0.07 0.2088888888888889
1 0.2784375 0.17222222222222222 0.145625 0.23555555555555555
4 0.2761111111111111 0.2865625 0.2722222222222222 0.149375
4 0.77 0.8675 0.28888888888888886 0.17375
1 0.6461111111111111 0.4903125 0.28555555555555556 0.178125
