0 0.3675 0.5588888888888889 0.17 0.24888888888888888
0 0.0940625 0.7372222222222222 0.123125 0.25222222222222224
0 0.85 0.375 0.13375 0.23222222222222222
4 0.8640625 0.23166666666666666 0.145625 0.2611111111111111
0 0.606875 0.6238888888888889 0.1225 0.21
3 0.0921875 0.7055555555555556 0.074375 0.20444444444444446
2 0.254375 0.59 0.15375 0.3088888888888889
1 0.3603125 0.39555555555555555 0.120625 0.25555555555555554
4 0.12875 0.38 0.13 0.20222222222222222
0 0.5640625 0.31055555555555553 0.133125 0.2788888888888889
2 0.421875 0.6188888888888889 0.1375 0.24888888888888888
4 0.863125 0.7433333333333333 0.15125 0.2822222222222222
