0 0.6859375 0.25277777777777777 0.114375 0.20333333333333334
3 0.395625 0.5422222222222223 0.12375 0.30444444444444446
2 0.2788888888888889 0.1234375 0.2288888888888889 0.155625
1 0.4411111111111111 0.41375 0.32 0.15
0 0.6566666666666666 0.7178125 0.2866666666666667 0.170625
0 0.5388888888888889 0.8696875 0.28444444444444444 0.180625
0 0.22 0.580625 0.3422222222222222 0.19
4 0.866875 0.15166666666666667 0.15625 0.21888888888888888
4 0.2778125 0.31333333333333335 0.144375 0.24888888888888888
1 0.088125 0.7744444444444445 0.15375 0.28888888888888886
