4 0.5055555555555555 0.56125 0.19111111111111112 0.16125
0 0.43277777777777776 0.09875 0.23 0.11125
3 0.6927777777777778 0.6871875 0.1922222222222222 0.120625
1 0.3388888888888889 0.45625 0.22 0.12375
1 0.42388888888888887 0.0625 0.20555555555555555 0.1225
1 0.6066666666666667 0.725 0.2 0.1375
1 0.5511111111111111 0.209375 0.2733333333333333 0.155
4 0.8628125 0.5783333333333334 0.155625 0.3011111111111111
1 0.1225 0.37333333333333335 0.16 0.23555555555555555
3 0.3534375 0.7616666666666667 0.126875 0.3233333333333333
