3 0.83875 0.20277777777777778 0.10875 0.2633333333333333
4 0.0890625 0.35 0.108125 0.19333333333333333
2 0.3890625 0.7516666666666667 0.155625 0.29888888888888887
2 0.2846875 0.38 0.181875 0.29777777777777775
1 0.8471875 0.5511111111111111 0.133125 0.2688888888888889
3 0.1415625 0.41444444444444445 0.129375 0.18222222222222223
1 0.8378125 0.5783333333333334 0.103125 0.2477777777777778
1 0.4675 0.7105555555555556 0.08 0.23
1 0.6790625 0.2927777777777778 0.144375 0.2388888888888889
4 0.3265625 0.45611111111111113 0.156875 0.2833333333333333
