4 0.23722222222222222 0.8340625 0.19666666666666666 0.106875
3 0.12833333333333333 0.570625 0.22111111111111112 0.17
4 0.39944444444444444 0.1103125 0.27666666666666667 0.134375
3 0.7616666666666667 0.2596875 0.2677777777777778 0.138125
1 0.4688888888888889 0.691875 0.1711111111111111 0.1175
4 0.839375 0.34833333333333333 0.12375 0.2588888888888889
3 0.3359375 0.7238888888888889 0.096875 0.22333333333333333
4 0.1046875 0.5394444444444444 0.123125 0.2477777777777778
3 0.1225 0.24888888888888888 0.09375 0.21777777777777776
0 0.4809375 0.5722222222222222 0.105625 0.22444444444444445
4 0.35375 0.37833333333333335 0.08625 0.15666666666666668
3 0.249375 0.725 0.1125 0.20777777777777778
4 0.618125 0.6694444444444444 0.145 0.2588888888888889
2 0.835 0.33166666666666667 0.10875 0.22333333333333333
1 0.7209375 0.5016666666666667 0.115625 0.24333333333333335
