0 0.18722222222222223 0.7384375 0.22333333333333333 0.156875
3 0.325 0.31875 0.15222222222222223 0.10875
3 0.4122222222222222 0.84875 0.15333333333333332 0.11375
4 0.7222222222222222 0.0771875 0.25333333333333335 0.151875
3 0.5938888888888889 0.4609375 0.17 0.129375
4 0.4871875 0.7577777777777778 0.174375 0.32
1 0.6546875 0.5777777777777777 0.126875 0.23555555555555555
4 0.2815625 0.19277777777777777 0.146875 0.2922222222222222
1 0.834375 0.28944444444444445 0.1025 0.21
3 0.0765625 0.43333333333333335 0.119375 0.2222222222222222
2 0.3516666666666667 0.085625 0.21222222222222223 0.1125
2 0.23944444444444443 0.8753125 0.34555555555555556 0.191875
