1 0.4184375 0.24 0.138125 0.29333333333333333
1 0.55625 0.7161111111111111 0.12375 0.17222222222222222
4 0.7009375 0.3488888888888889 0.123125 0.29777777777777775
0 0.88125 0.6977777777777778 0.1925 0.3511111111111111
3 0.25625 0.4172222222222222 0.10375 0.21888888888888888
1 0.6033333333333334 0.743125 0.31555555555555553 0.175
0 0.35833333333333334 0.4984375 0.3188888888888889 0.180625
0 0.7222222222222222 0.8471875 0.2222222222222222 0.135625
4 0.34944444444444445 0.2203125 0.13666666666666666 0.119375
2 0.86125 0.7611111111111111 0.16875 0.3088888888888889
1 0.5890625 0.39166666666666666 0.105625 0.21888888888888888
0 0.3678125 0.24833333333333332 0.144375 0.2544444444444444
2 0.1565625 0.62 0.201875 0.3511111111111111
