0 0.719375 0.5733333333333334 0.12625 0.26666666666666666
4 0.5828125 0.2727777777777778 0.113125 0.1922222222222222
3 0.858125 0.36277777777777775 0.1425 0.19666666666666666
0 0.348125 0.6483333333333333 0.165 0.2411111111111111
0 0.19777777777777777 0.87 0.3088888888888889 0.18125
4 0.5155555555555555 0.26 0.2733333333333333 0.15
3 0.3466666666666667 0.695 0.16 0.12875
4 0.7205555555555555 0.3946875 0.23444444444444446 0.121875
4 0.25055555555555553 0.5353125 0.1922222222222222 0.106875
1 0.09625 0.5622222222222222 0.13875 0.2822222222222222
2 0.6028125 0.7088888888888889 0.135625 0.21333333333333335
3 0.35875 0.3466666666666667 0.15625 0.21333333333333335
