4 0.7361111111111112 0.4684375 0.23 0.141875
4 0.3605555555555556 0.838125 0.22111111111111112 0.1
1 0.18333333333333332 0.214375 0.23777777777777778 0.15375
1 0.45611111111111113 0.3146875 0.22777777777777777 0.094375
1 0.645 0.153125 0.2477777777777778 0.1525
4 0.23666666666666666 0.8471875 0.24 0.139375
4 0.5511111111111111 0.3828125 0.26222222222222225 0.145625
3 0.39111111111111113 0.7190625 0.14444444444444443 0.116875
0 0.37222222222222223 0.5178125 0.3088888888888889 0.181875
3 0.5455555555555556 0.5946875 0.19555555555555557 0.130625
3 0.49444444444444446 0.2475 0.25555555555555554 0.1725
3 0.24888888888888888 0.845625 0.24888888888888888 0.14125
0 0.685 0.116875 0.31222222222222223 0.15625
1 0.7172222222222222 0.730625 0.21444444444444444 0.1575
