1 0.4659375 0.6427777777777778 0.120625 0.25666666666666665
0 0.2334375 0.3277777777777778 0.153125 0.2822222222222222
1 0.87625 0.5027777777777778 0.19625 0.30333333333333334
1 0.33875 0.3244444444444444 0.10875 0.2222222222222222
1 0.844375 0.12222222222222222 0.12375 0.22444444444444445
3 0.625625 0.5333333333333333 0.185 0.23333333333333334
1 0.1171875 0.74 0.163125 0.24
4 0.2975 0.7672222222222222 0.11 0.29
3 0.673125 0.6305555555555555 0.15 0.2922222222222222
0 0.839375 0.1811111111111111 0.12625 0.22
