4 0.82875 0.6816666666666666 0.1025 0.16555555555555557
1 0.375625 0.12222222222222222 0.12875 0.23555555555555555
1 0.149375 0.31444444444444447 0.14125 0.22444444444444445
3 0.6196875 0.5583333333333333 0.150625 0.31666666666666665
4 0.5034375 0.4633333333333333 0.161875 0.29555555555555557
4 0.6621875 0.27555555555555555 0.116875 0.2088888888888889
1 0.3028125 0.6827777777777778 0.124375 0.15888888888888889
0 0.8584375 0.5755555555555556 0.145625 0.23333333333333334
0 0.100625 0.3333333333333333 0.12 0.24666666666666667
2 0.54125 0.7133333333333334 0.10375 0.22444444444444445
3 0.8546875 0.2727777777777778 0.130625 0.3211111111111111
4 0.2671875 0.6383333333333333 0.154375 0.27
