1 0.8721875 0.7677777777777778 0.165625 0.32666666666666666
0 0.376875 0.42277777777777775 0.14125 0.2633333333333333
4 0.6134375 0.23833333333333334 0.131875 0.20777777777777778
4 0.121875 0.5594444444444444 0.11375 0.22333333333333333
0 0.639375 0.7711111111111111 0.18875 0.30666666666666664
4 0.398125 0.3011111111111111 0.1775 0.32222222222222224
2 0.360625 0.3883333333333333 0.1475 0.28555555555555556
3 0.0971875 0.16777777777777778 0.108125 0.22666666666666666
1 0.4678125 0.26666666666666666 0.118125 0.23333333333333334
4 0.2278125 0.7444444444444445 0.125625 0.23333333333333334
0 0.753125 0.51 0.20125 0.3377777777777778
