0 0.86125 0.43277777777777776 0.1675 0.3388888888888889
2 0.5803125 0.5566666666666666 0.115625 0.23555555555555555
2 0.3465625 0.22555555555555556 0.158125 0.27555555555555555
3 0.280625 0.175 0.135 0.2811111111111111
0 0.57625 0.30444444444444446 0.16125 0.31333333333333335
4 0.4259375 0.7333333333333333 0.143125 0.2644444444444444
0 0.6953125 0.6033333333333334 0.116875 0.2311111111111111
1 0.855 0.41833333333333333 0.15375 0.31444444444444447
0 0.7311111111111112 0.7278125 0.26 0.159375
1 0.2111111111111111 0.59125 0.2311111111111111 0.14125
4 0.5533333333333333 0.0890625 0.24222222222222223 0.156875
