0 0.1440625 0.7866666666666666 0.173125 0.33111111111111113
4 0.499375 0.47055555555555556 0.15875 0.20555555555555555
4 0.8478125 0.63 0.129375 0.27111111111111114
0 0.3071875 0.3688888888888889 0.136875 0.25555555555555554
0 0.1225 0.7261111111111112 0.16625 0.2611111111111111
4 0.72875 0.3016666666666667 0.14875 0.2588888888888889
4 0.8375 0.18888888888888888 0.12 0.20222222222222222
1 0.5984375 0.4638888888888889 0.134375 0.24555555555555555
2 0.34375 0.5266666666666666 0.1175 0.20222222222222222
0 0.86 0.4061111111111111 0.15375 0.29888888888888887
4 0.61 0.215 0.1575 0.27666666666666667
1 0.1034375 0.575 0.150625 0.27444444444444444
