4 0.4125 0.43166666666666664 0.13 0.30333333333333334
3 0.84125 0.2222222222222222 0.1375 0.33111111111111113
1 0.259375 0.6222222222222222 0.1075 0.23777777777777778
4 0.7153125 0.32722222222222225 0.169375 0.3188888888888889
1 0.5759375 0.12222222222222222 0.083125 0.22666666666666666
3 0.3396875 0.43277777777777776 0.115625 0.2388888888888889
4 0.1025 0.3572222222222222 0.145 0.29
3 0.3275 0.31722222222222224 0.075 0.15666666666666668
0 0.109375 0.1811111111111111 0.14 0.2733333333333333
0 0.751875 0.29888888888888887 0.17125 0.31555555555555553
4 0.4653125 0.5127777777777778 0.099375 0.15888888888888889
