4 0.605 0.25722222222222224 0.1625 0.23666666666666666
4 0.22625 0.34944444444444445 0.15125 0.2633333333333333
4 0.855625 0.6272222222222222 0.16625 0.3388888888888889
4 0.11375 0.7744444444444445 0.175 0.31333333333333335
4 0.4653125 0.5066666666666667 0.131875 0.2577777777777778
0 0.6225 0.4127777777777778 0.1425 0.2788888888888889
2 0.1334375 0.7094444444444444 0.124375 0.19
3 0.3590625 0.5538888888888889 0.095625 0.22111111111111112
1 0.525 0.7190625 0.1922222222222222 0.120625
4 0.4111111111111111 0.8571875 0.3 0.159375
3 0.46055555555555555 0.14125 0.23 0.14625
3 0.3011111111111111 0.6215625 0.24888888888888888 0.161875
2 0.20444444444444446 0.369375 0.2222222222222222 0.13
