2 0.49166666666666664 0.3090625 0.26555555555555554 0.156875
2 0.7844444444444445 0.86625 0.3088888888888889 0.18625
4 0.23277777777777778 0.5021875 0.29 0.181875
3 0.52875 0.43333333333333335 0.12625 0.22
3 0.044375 0.72 0.0875 0.19111111111111112
4 0.68375 0.6572222222222223 0.12625 0.2677777777777778
2 0.2175 0.34055555555555556 0.12375 0.23444444444444446
4 0.2765625 0.5844444444444444 0.169375 0.33555555555555555
4 0.7203125 0.14666666666666667 0.111875 0.20444444444444446
1 0.84625 0.3566666666666667 0.12625 0.25333333333333335
