0 0.4090625 0.6433333333333333 0.178125 0.32666666666666666
0 0.6875 0.14 0.12 0.24444444444444444
0 0.843125 0.7155555555555555 0.12375 0.24
4 0.5671875 0.2561111111111111 0.186875 0.24555555555555555
0 0.240625 0.4716666666666667 0.14875 0.21444444444444444
1 0.869375 0.1438888888888889 0.155 0.2677777777777778
1 0.3909375 0.5927777777777777 0.115625 0.20333333333333334
4 0.1103125 0.7622222222222222 0.164375 0.3
2 0.7311111111111112 0.1021875 0.27111111111111114 0.181875
0 0.1361111111111111 0.33 0.19444444444444445 0.13
