4 0.84875 0.5055555555555555 0.14625 0.2866666666666667
4 0.4140625 0.7555555555555555 0.154375 0.3088888888888889
1 0.2671875 0.27666666666666667 0.153125 0.30666666666666664
2 0.5421875 0.12555555555555556 0.118125 0.24222222222222223
2 0.70375 0.3838888888888889 0.14875 0.2833333333333333
2 0.7190625 0.5461111111111111 0.121875 0.3566666666666667
2 0.2625 0.2461111111111111 0.13875 0.2611111111111111
2 0.3940625 0.3338888888888889 0.169375 0.27
3 0.4878125 0.725 0.124375 0.20777777777777778
1 0.1459375 0.41055555555555556 0.138125 0.2544444444444444
1 0.6115625 0.5422222222222223 0.154375 0.26222222222222225
1 0.719375 0.4572222222222222 0.125 0.27666666666666667
1 0.115 0.7483333333333333 0.14 0.30333333333333334
4 0.8390625 0.15944444444444444 0.119375 0.23666666666666666
0 0.4890625 0.3422222222222222 0.154375 0.23333333333333334
0 0.3646875 0.2588888888888889 0.150625 0.2511111111111111
