3 0.3071875 0.22277777777777777 0.144375 0.2877777777777778
3 0.1121875 0.33055555555555555 0.116875 0.23666666666666666
0 0.815625 0.7016666666666667 0.07 0.17888888888888888
3 0.6484375 0.3022222222222222 0.123125 0.18888888888888888
1 0.8403125 0.74 0.124375 0.2777777777777778
4 0.4578125 0.455 0.124375 0.23222222222222222
3 0.27125 0.19444444444444445 0.13375 0.23555555555555555
0 0.15333333333333332 0.861875 0.24888888888888888 0.1425
2 0.7166666666666667 0.5628125 0.19777777777777777 0.143125
0 0.4866666666666667 0.4184375 0.2088888888888889 0.154375
4 0.24555555555555555 0.2803125 0.19777777777777777 0.176875
1 0.6044444444444445 0.108125 0.2088888888888889 0.13125
