4 0.4890625 0.15833333333333333 0.179375 0.30333333333333334
1 0.876875 0.44166666666666665 0.175 0.27444444444444444
4 0.2690625 0.26222222222222225 0.129375 0.21333333333333335
2 0.6584375 0.7161111111111111 0.128125 0.22777777777777777
4 0.0925 0.4888888888888889 0.1375 0.2688888888888889
3 0.5975 0.7333333333333333 0.13875 0.2288888888888889
3 0.8421875 0.5533333333333333 0.123125 0.2222222222222222
4 0.4596875 0.65 0.115625 0.24
4 0.7194444444444444 0.321875 0.22777777777777777 0.115
1 0.34944444444444445 0.5809375 0.2877777777777778 0.114375
4 0.11833333333333333 0.0646875 0.22333333333333333 0.119375
