0 0.70125 0.7322222222222222 0.1125 0.21555555555555556
0 0.429375 0.4483333333333333 0.1375 0.2722222222222222
0 0.8678125 0.57 0.160625 0.30666666666666664
4 0.1334375 0.2477777777777778 0.114375 0.28444444444444444
3 0.21222222222222223 0.2121875 0.2088888888888889 0.138125
2 0.7094444444444444 0.5878125 0.22555555555555556 0.129375
4 0.39111111111111113 0.0925 0.17555555555555555 0.15125
3 0.834375 0.7066666666666667 0.1 0.16
0 0.1259375 0.63 0.184375 0.30666666666666664
3 0.3109375 0.185 0.179375 0.31444444444444447
4 0.475 0.45611111111111113 0.1325 0.2588888888888889
