1 0.14875 0.5333333333333333 0.18875 0.3288888888888889
0 0.2975 0.28555555555555556 0.125 0.2911111111111111
1 0.668125 0.6527777777777778 0.14375 0.3388888888888889
4 0.43333333333333335 0.475625 0.3022222222222222 0.1625
0 0.5805555555555556 0.0890625 0.2588888888888889 0.155625
3 0.7366666666666667 0.8640625 0.2311111111111111 0.173125
1 0.3327777777777778 0.7115625 0.27 0.124375
1 0.43166666666666664 0.5809375 0.13 0.118125
2 0.7238888888888889 0.13 0.19 0.10875
0 0.5566666666666666 0.59625 0.22 0.1075
3 0.1688888888888889 0.836875 0.1711111111111111 0.12125
