0 0.22833333333333333 0.1453125 0.2677777777777778 0.166875
1 0.63625 0.6072222222222222 0.1825 0.3011111111111111
1 0.2484375 0.4438888888888889 0.145625 0.31444444444444447
0 0.3628125 0.32722222222222225 0.128125 0.25222222222222224
3 0.4953125 0.5238888888888888 0.146875 0.30333333333333334
1 0.3711111111111111 0.6971875 0.2088888888888889 0.118125
3 0.49444444444444446 0.84875 0.2288888888888889 0.125
1 0.6961111111111111 0.1103125 0.1811111111111111 0.124375
0 0.6294444444444445 0.42375 0.27444444444444444 0.16125
0 0.175 0.568125 0.26555555555555554 0.155
