3 0.41333333333333333 0.6128125 0.28888888888888886 0.171875
4 0.18555555555555556 0.4628125 0.18 0.129375
0 0.5994444444444444 0.3678125 0.31444444444444447 0.196875
3 0.616875 0.6605555555555556 0.1775 0.2966666666666667
0 0.735625 0.7761111111111111 0.165 0.33
4 0.3475 0.4572222222222222 0.13875 0.2833333333333333
0 0.0859375 0.23222222222222222 0.115625 0.22666666666666666
1 0.446875 0.5022222222222222 0.0875 0.17555555555555555
0 0.2390625 0.7466666666666667 0.180625 0.2911111111111111
3 0.32875 0.2722222222222222 0.10625 0.20666666666666667
