3 0.29555555555555557 0.071875 0.21333333333333335 0.09875
2 0.7083333333333334 0.4634375 0.20777777777777778 0.128125
0 0.47555555555555556 0.6625 0.29555555555555557 0.15
4 0.57 0.27125 0.2088888888888889 0.12125
0 0.7294444444444445 0.10375 0.21444444444444444 0.13625
3 0.39444444444444443 0.8490625 0.25333333333333335 0.150625
1 0.5722222222222222 0.3453125 0.25555555555555554 0.128125
1 0.856875 0.505 0.1525 0.2877777777777778
0 0.456875 0.3466666666666667 0.1175 0.21777777777777776
3 0.253125 0.7205555555555555 0.0925 0.22555555555555556
0 0.06375 0.6011111111111112 0.09625 0.23333333333333334
