3 0.7261111111111112 0.1425 0.23 0.1325
3 0.41888888888888887 0.2975 0.30666666666666664 0.15625
2 0.6283333333333333 0.43 0.26555555555555554 0.135
1 0.31555555555555553 0.7296875 0.33111111111111113 0.161875
3 0.4161111111111111 0.203125 0.16555555555555557 0.1125
0 0.10222222222222223 0.575625 0.13111111111111112 0.0975
1 0.36833333333333335 0.7315625 0.2677777777777778 0.155625
0 0.7494444444444445 0.4715625 0.2388888888888889 0.141875
4 0.8578125 0.25277777777777777 0.138125 0.27666666666666667
0 0.3725 0.7238888888888889 0.135 0.1922222222222222
1 0.6075 0.41 0.12125 0.24888888888888888
