2 0.2361111111111111 0.3478125 0.21 0.124375
0 0.591875 0.355 0.15125 0.2966666666666667
4 0.203125 0.5505555555555556 0.145 0.2811111111111111
1 0.3284375 0.4488888888888889 0.138125 0.28
2 0.1059375 0.2688888888888889 0.206875 0.3288888888888889
4 0.43625 0.7 0.09625 0.1711111111111111
4 0.3665625 0.575 0.143125 0.3211111111111111
1 0.8259375 0.6183333333333333 0.100625 0.22333333333333333
4 0.70375 0.4222222222222222 0.0975 0.2
3 0.49125 0.7483333333333333 0.1525 0.29888888888888887
4 0.598125 0.26222222222222225 0.12625 0.24888888888888888
0 0.1146875 0.1761111111111111 0.119375 0.2588888888888889
