1 0.7511111111111111 0.5575 0.24444444444444444 0.14625
1 0.6505555555555556 0.70375 0.2411111111111111 0.14375
3 0.1988888888888889 0.248125 0.12222222222222222 0.1175
0 0.3655555555555556 0.849375 0.26 0.14
1 0.5761111111111111 0.1203125 0.2877777777777778 0.156875
4 0.4528125 0.4011111111111111 0.095625 0.29777777777777775
0 0.865 0.2811111111111111 0.1725 0.2866666666666667
1 0.0775 0.47333333333333333 0.0925 0.21333333333333335
1 0.5605555555555556 0.853125 0.2544444444444444 0.15875
4 0.14944444444444444 0.0896875 0.21444444444444444 0.101875
