4 0.2396875 0.265 0.125625 0.2877777777777778
2 0.08375 0.7216666666666667 0.11625 0.23
4 0.841875 0.47555555555555556 0.12 0.22444444444444445
0 0.419375 0.41388888888888886 0.1825 0.3433333333333333
4 0.6815625 0.5894444444444444 0.101875 0.21
1 0.6244444444444445 0.1584375 0.24888888888888888 0.161875
0 0.7127777777777777 0.31125 0.17 0.1175
0 0.22 0.489375 0.20222222222222222 0.1225
3 0.31166666666666665 0.6021875 0.1988888888888889 0.109375
0 0.7672222222222222 0.1453125 0.31666666666666665 0.158125
0 0.5422222222222223 0.8690625 0.2644444444444444 0.161875
