2 0.3705555555555556 0.1071875 0.29888888888888887 0.175625
4 0.15333333333333332 0.343125 0.24 0.13375
0 0.6305555555555555 0.72125 0.25666666666666665 0.12
3 0.41055555555555556 0.5896875 0.1922222222222222 0.113125
1 0.5396875 0.16166666666666665 0.139375 0.2877777777777778
1 0.6828125 0.62 0.123125 0.25555555555555554
3 0.3690625 0.36277777777777775 0.100625 0.21666666666666667
2 0.0934375 0.765 0.154375 0.30777777777777776
1 0.824375 0.24944444444444444 0.1025 0.22777777777777777
0 0.18833333333333332 0.3478125 0.21666666666666667 0.156875
4 0.46 0.208125 0.21555555555555556 0.13
4 0.28555555555555556 0.71625 0.2311111111111111 0.13625
4 0.3605555555555556 0.4690625 0.1988888888888889 0.146875
