0 0.68375 0.43166666666666664 0.06125 0.17444444444444446
0 0.62375 0.24 0.18625 0.31777777777777777
4 0.344375 0.7022222222222222 0.11875 0.18888888888888888
0 0.2278125 0.3 0.130625 0.26222222222222225
4 0.163125 0.6672222222222223 0.17 0.27444444444444444
2 0.2684375 0.31666666666666665 0.144375 0.24888888888888888
1 0.72875 0.7161111111111111 0.11875 0.2011111111111111
3 0.8509375 0.5872222222222222 0.125625 0.2833333333333333
3 0.599375 0.19666666666666666 0.09625 0.17777777777777778
3 0.1034375 0.355 0.084375 0.2011111111111111
0 0.59875 0.5277777777777778 0.1175 0.17777777777777778
3 0.3525 0.7388888888888889 0.10375 0.2311111111111111
0 0.86 0.22944444444444445 0.16125 0.31666666666666665
