4 0.5538888888888889 0.2578125 0.24555555555555555 0.158125
3 0.285 0.4890625 0.20555555555555555 0.135625
1 0.42277777777777775 0.3884375 0.31444444444444447 0.176875
4 0.7405555555555555 0.6546875 0.22777777777777777 0.134375
3 0.5972222222222222 0.084375 0.18555555555555556 0.1325
0 0.37833333333333335 0.8328125 0.23666666666666666 0.110625
4 0.42055555555555557 0.5821875 0.20777777777777778 0.126875
3 0.1322222222222222 0.4625 0.24444444444444444 0.14375
2 0.5794444444444444 0.0865625 0.3211111111111111 0.159375
2 0.26666666666666666 0.330625 0.3088888888888889 0.13625
