3 0.575 0.23666666666666666 0.10875 0.20222222222222222
1 0.33125 0.4288888888888889 0.14125 0.27555555555555555
0 0.8234375 0.7305555555555555 0.085625 0.25222222222222224
4 0.0546875 0.5488888888888889 0.106875 0.20222222222222222
4 0.3484375 0.6388888888888888 0.131875 0.24444444444444444
0 0.22375 0.605 0.1325 0.33666666666666667
0 0.46625 0.7083333333333334 0.1175 0.22111111111111112
0 0.8571875 0.39166666666666666 0.148125 0.23222222222222222
1 0.6046875 0.5066666666666667 0.144375 0.3022222222222222
4 0.155 0.41388888888888886 0.16375 0.29444444444444445
