3 0.6065625 0.1272222222222222 0.156875 0.23666666666666666
4 0.826875 0.5 0.07625 0.19333333333333333
3 0.324375 0.31166666666666665 0.11375 0.21222222222222223
3 0.066875 0.7155555555555555 0.11875 0.2288888888888889
1 0.48 0.5638888888888889 0.1325 0.2388888888888889
3 0.7209375 0.7461111111111111 0.121875 0.2677777777777778
3 0.105 0.48277777777777775 0.12125 0.24333333333333335
4 0.2428125 0.6644444444444444 0.150625 0.2733333333333333
4 0.866875 0.7772222222222223 0.165 0.30333333333333334
2 0.14 0.39666666666666667 0.16875 0.3288888888888889
