4 0.3903125 0.5194444444444445 0.160625 0.33
0 0.85875 0.7205555555555555 0.1375 0.23444444444444446
2 0.740625 0.4022222222222222 0.14125 0.26222222222222225
0 0.6284375 0.5816666666666667 0.156875 0.29
3 0.1496875 0.6566666666666666 0.158125 0.2733333333333333
4 0.13833333333333334 0.6128125 0.25666666666666665 0.166875
4 0.5122222222222222 0.8434375 0.18666666666666668 0.104375
0 0.7883333333333333 0.1040625 0.33 0.194375
4 0.2916666666666667 0.3259375 0.15444444444444444 0.115625
4 0.466875 0.19 0.1275 0.23555555555555555
0 0.121875 0.7277777777777777 0.18125 0.2644444444444444
