0 0.7727777777777778 0.686875 0.31 0.16375
1 0.5778125 0.26166666666666666 0.101875 0.1922222222222222
4 0.2065625 0.39666666666666667 0.143125 0.28444444444444444
4 0.838125 0.6272222222222222 0.1 0.21222222222222223
2 0.0728125 0.6955555555555556 0.136875 0.1711111111111111
3 0.22555555555555556 0.47125 0.19777777777777777 0.13125
0 0.5383333333333333 0.215625 0.23666666666666666 0.1275
4 0.3138888888888889 0.0921875 0.17888888888888888 0.133125
4 0.47888888888888886 0.3690625 0.31333333333333335 0.180625
1 0.7561111111111111 0.8696875 0.2811111111111111 0.166875
