4 0.6172222222222222 0.48875 0.28555555555555556 0.1625
3 0.7694444444444445 0.2928125 0.2788888888888889 0.150625
0 0.2738888888888889 0.859375 0.22111111111111112 0.14375
0 0.5403125 0.5111111111111111 0.101875 0.22
2 0.424375 0.18777777777777777 0.16625 0.23555555555555555
4 0.8509375 0.2966666666666667 0.129375 0.23333333333333334
0 0.690625 0.625 0.10625 0.22555555555555556
0 0.2540625 0.39611111111111114 0.121875 0.21
4 0.109375 0.7355555555555555 0.12875 0.22444444444444445
4 0.6077777777777778 0.8490625 0.18222222222222223 0.144375
4 0.3527777777777778 0.2259375 0.2388888888888889 0.140625
4 0.4938888888888889 0.500625 0.3322222222222222 0.1925
2 0.5522222222222222 0.360625 0.26 0.16125
