1 0.8546875 0.4672222222222222 0.128125 0.23666666666666666
4 0.3715625 0.2061111111111111 0.114375 0.24555555555555555
3 0.2603125 0.7127777777777777 0.129375 0.19444444444444445
0 0.523125 0.6688888888888889 0.17875 0.28444444444444444
4 0.609375 0.31333333333333335 0.11375 0.28444444444444444
4 0.7403125 0.5855555555555556 0.138125 0.29555555555555557
0 0.135 0.465 0.1675 0.2922222222222222
4 0.3884375 0.35777777777777775 0.140625 0.2111111111111111
0 0.8528125 0.6333333333333333 0.154375 0.2688888888888889
3 0.5534375 0.095 0.165625 0.17888888888888888
