4 0.8415625 0.5494444444444444 0.118125 0.25222222222222224
4 0.0928125 0.3283333333333333 0.116875 0.20333333333333334
1 0.6134375 0.7833333333333333 0.160625 0.32666666666666666
2 0.825625 0.5083333333333333 0.09875 0.2788888888888889
2 0.4971875 0.7405555555555555 0.149375 0.2588888888888889
0 0.6815625 0.6488888888888888 0.164375 0.31777777777777777
2 0.3075 0.24944444444444444 0.12375 0.24555555555555555
0 0.8609375 0.7505555555555555 0.159375 0.2922222222222222
0 0.6565625 0.26722222222222225 0.108125 0.22777777777777777
4 0.4978125 0.4411111111111111 0.148125 0.27555555555555555
3 0.319375 0.10277777777777777 0.14875 0.1988888888888889
