3 0.8721875 0.7688888888888888 0.165625 0.28444444444444444
1 0.285 0.45055555555555554 0.10125 0.23444444444444446
3 0.648125 0.155 0.0875 0.23
0 0.510625 0.6233333333333333 0.1825 0.2866666666666667
1 0.389375 0.7555555555555555 0.14875 0.26
0 0.1415625 0.5844444444444444 0.129375 0.3333333333333333
4 0.6259375 0.13166666666666665 0.145625 0.2588888888888889
3 0.6909375 0.5088888888888888 0.126875 0.2644444444444444
4 0.5625 0.6283333333333333 0.1675 0.2633333333333333
2 0.4134375 0.7888888888888889 0.166875 0.34444444444444444
