3 0.5794444444444444 0.126875 0.22777777777777777 0.17875
1 0.47333333333333333 0.8715625 0.28 0.161875
2 0.7144444444444444 0.290625 0.2311111111111111 0.13
3 0.2111111111111111 0.678125 0.28444444444444444 0.1525
1 0.28555555555555556 0.4721875 0.1688888888888889 0.116875
4 0.5971875 0.7183333333333334 0.118125 0.23444444444444446
2 0.154375 0.6172222222222222 0.18375 0.34555555555555556
3 0.3740625 0.285 0.148125 0.30777777777777776
0 0.8153125 0.4361111111111111 0.078125 0.1411111111111111
0 0.4388888888888889 0.5621875 0.24222222222222223 0.153125
1 0.5527777777777778 0.7165625 0.2811111111111111 0.158125
2 0.24222222222222223 0.429375 0.22666666666666666 0.1925
