3 0.7294444444444445 0.0671875 0.20777777777777778 0.070625
1 0.3527777777777778 0.675 0.2411111111111111 0.165
0 0.22277777777777777 0.8446875 0.24333333333333335 0.129375
0 0.0825 0.7544444444444445 0.1625 0.2911111111111111
0 0.579375 0.3611111111111111 0.1175 0.25555555555555554
1 0.3271875 0.5561111111111111 0.133125 0.27
1 0.855 0.32944444444444443 0.15125 0.31444444444444447
3 0.0853125 0.39166666666666666 0.123125 0.2633333333333333
0 0.72 0.7761111111111111 0.13375 0.32555555555555554
3 0.341875 0.6633333333333333 0.1325 0.2777777777777778
4 0.600625 0.21333333333333335 0.14625 0.2577777777777778
2 0.2375 0.5927777777777777 0.17625 0.31222222222222223
