3 0.71 0.4011111111111111 0.15625 0.26222222222222225
4 0.4246875 0.7683333333333333 0.175625 0.3322222222222222
0 0.540625 0.6188888888888889 0.1125 0.25555555555555554
1 0.8234375 0.265 0.088125 0.21222222222222223
2 0.1334375 0.45944444444444443 0.173125 0.32555555555555554
1 0.7275 0.7661111111111111 0.175 0.2788888888888889
0 0.8496875 0.19944444444444445 0.121875 0.24555555555555555
4 0.415625 0.30277777777777776 0.145 0.23222222222222222
4 0.25375 0.6288888888888889 0.1175 0.22444444444444445
2 0.5725 0.54 0.16125 0.26666666666666666
4 0.3894444444444444 0.7071875 0.1922222222222222 0.125625
0 0.34444444444444444 0.8775 0.3244444444444444 0.17625
1 0.7477777777777778 0.13625 0.24222222222222223 0.1425
2 0.6588888888888889 0.591875 0.2866666666666667 0.185
