3 0.2975 0.19722222222222222 0.16375 0.3233333333333333
2 0.56125 0.49666666666666665 0.12375 0.2288888888888889
4 0.846875 0.6122222222222222 0.1275 0.2288888888888889
2 0.4165625 0.3988888888888889 0.118125 0.2644444444444444
4 0.14888888888888888 0.5084375 0.29777777777777775 0.164375
4 0.3227777777777778 0.2440625 0.22777777777777777 0.113125
1 0.7761111111111111 0.6378125 0.2966666666666667 0.184375
4 0.6438888888888888 0.1484375 0.24333333333333335 0.160625
2 0.775 0.36875 0.3011111111111111 0.16875
1 0.1338888888888889 0.855 0.23666666666666666 0.165
