0 0.1134375 0.18 0.120625 0.2577777777777778
4 0.0896875 0.14888888888888888 0.123125 0.2288888888888889
3 0.258125 0.3883333333333333 0.16 0.2544444444444444
1 0.538125 0.6038888888888889 0.11875 0.23222222222222222
1 0.6790625 0.7438888888888889 0.100625 0.28555555555555556
3 0.4009375 0.25555555555555554 0.145625 0.21555555555555556
4 0.8415625 0.5183333333333333 0.124375 0.2877777777777778
0 0.7905555555555556 0.6915625 0.35 0.170625
4 0.4861111111111111 0.51 0.23 0.1725
2 0.27666666666666667 0.866875 0.29777777777777775 0.15625
1 0.6105555555555555 0.3228125 0.23444444444444446 0.163125
