1 0.2503125 0.5455555555555556 0.163125 0.3422222222222222
4 0.7459375 0.44055555555555553 0.169375 0.2922222222222222
3 0.5925 0.57 0.10875 0.2311111111111111
2 0.5821875 0.625 0.103125 0.21
3 0.3403125 0.37555555555555553 0.121875 0.24
4 0.8471875 0.45222222222222225 0.130625 0.21777777777777776
0 0.4509375 0.5372222222222223 0.091875 0.21
0 0.24375 0.22833333333333333 0.18 0.29888888888888887
1 0.726875 0.2833333333333333 0.14125 0.23333333333333334
3 0.3003125 0.48333333333333334 0.133125 0.2288888888888889
3 0.8553125 0.5705555555555556 0.144375 0.15222222222222223
4 0.4984375 0.7738888888888888 0.163125 0.3055555555555556
