3 0.3561111111111111 0.6096875 0.2922222222222222 0.141875
4 0.5194444444444445 0.361875 0.22333333333333333 0.13
2 0.4288888888888889 0.26375 0.24 0.17625
4 0.09222222222222222 0.1096875 0.16 0.109375
1 0.22055555555555556 0.71625 0.21888888888888888 0.1125
4 0.3865625 0.3933333333333333 0.148125 0.2222222222222222
1 0.623125 0.7438888888888889 0.15375 0.2877777777777778
4 0.159375 0.27555555555555555 0.16125 0.30444444444444446
0 0.344375 0.6683333333333333 0.14875 0.27666666666666667
2 0.850625 0.39 0.14625 0.25555555555555554
0 0.7146875 0.1938888888888889 0.128125 0.22111111111111112
