3 0.53375 0.37166666666666665 0.085 0.25
0 0.716875 0.13722222222222222 0.155 0.27
0 0.4215625 0.27111111111111114 0.156875 0.29333333333333333
4 0.8559375 0.165 0.149375 0.2966666666666667
1 0.2740625 0.5622222222222222 0.159375 0.2777777777777778
2 0.14375 0.7116666666666667 0.1325 0.17
4 0.3865625 0.32222222222222224 0.149375 0.20444444444444446
3 0.7084375 0.5277777777777778 0.083125 0.19777777777777777
0 0.1478125 0.7644444444444445 0.149375 0.28
4 0.49875 0.38666666666666666 0.13875 0.30444444444444446
