2 0.1509375 0.24555555555555555 0.155625 0.3
2 0.5825 0.55 0.16375 0.28888888888888886
4 0.7296875 0.35055555555555556 0.173125 0.30333333333333334
0 0.1428125 0.43277777777777776 0.140625 0.25222222222222224
1 0.3184375 0.7583333333333333 0.139375 0.2966666666666667
2 0.6715625 0.1 0.140625 0.19333333333333333
4 0.520625 0.6061111111111112 0.19125 0.2966666666666667
1 0.3603125 0.5672222222222222 0.159375 0.2966666666666667
4 0.59625 0.7277777777777777 0.135 0.22444444444444445
1 0.1025 0.17833333333333334 0.14 0.3011111111111111
0 0.859375 0.3877777777777778 0.165 0.3288888888888889
