3 0.5222222222222223 0.2596875 0.18666666666666668 0.139375
4 0.275 0.48625 0.23 0.115
3 0.48055555555555557 0.1621875 0.2811111111111111 0.181875
4 0.4083333333333333 0.8734375 0.31666666666666665 0.173125
4 0.1440625 0.5683333333333334 0.155625 0.2922222222222222
4 0.599375 0.35888888888888887 0.11875 0.2733333333333333
2 0.363125 0.7416666666666667 0.12 0.2388888888888889
1 0.0959375 0.4033333333333333 0.131875 0.2777777777777778
0 0.6103125 0.34055555555555556 0.168125 0.3322222222222222
0 0.7440625 0.26055555555555554 0.188125 0.3522222222222222
4 0.2215625 0.47333333333333333 0.135625 0.23555555555555555
3 0.830625 0.6816666666666666 0.1125 0.2922222222222222
