0 0.7184375 0.6011111111111112 0.189375 0.3466666666666667
1 0.8390625 0.45111111111111113 0.121875 0.24
4 0.0703125 0.7283333333333334 0.126875 0.21222222222222223
1 0.53625 0.275 0.13375 0.27444444444444444
4 0.60125 0.6277777777777778 0.1225 0.2577777777777778
4 0.7190625 0.29333333333333333 0.116875 0.18222222222222223
1 0.471875 0.5072222222222222 0.105 0.21444444444444444
0 0.2546875 0.4494444444444444 0.153125 0.2966666666666667
0 0.7403125 0.4688888888888889 0.175625 0.31555555555555553
1 0.8290625 0.10611111111111111 0.109375 0.20777777777777778
0 0.1159375 0.21777777777777776 0.140625 0.22666666666666666
1 0.3521875 0.6283333333333333 0.128125 0.22333333333333333
