0 0.32375 0.7427777777777778 0.1125 0.22555555555555556
3 0.8446875 0.205 0.116875 0.2722222222222222
4 0.0765625 0.5472222222222223 0.135625 0.21
1 0.34444444444444444 0.1996875 0.19111111111111112 0.109375
3 0.27055555555555555 0.4709375 0.22555555555555556 0.138125
1 0.5938888888888889 0.7546875 0.3277777777777778 0.193125
1 0.7544444444444445 0.6165625 0.2866666666666667 0.173125
0 0.17888888888888888 0.3378125 0.2222222222222222 0.129375
0 0.8540625 0.18166666666666667 0.131875 0.21444444444444444
2 0.350625 0.5433333333333333 0.095 0.23777777777777778
3 0.6040625 0.7161111111111111 0.116875 0.23222222222222222
2 0.1540625 0.38333333333333336 0.186875 0.2688888888888889
