0 0.5972222222222222 0.316875 0.14555555555555555 0.08625
2 0.2088888888888889 0.62375 0.34 0.185
3 0.2611111111111111 0.7459375 0.2511111111111111 0.171875
3 0.7183333333333334 0.85 0.1922222222222222 0.1225
4 0.42277777777777775 0.0865625 0.18555555555555556 0.139375
4 0.5783333333333334 0.4859375 0.3011111111111111 0.166875
0 0.394375 0.4 0.16125 0.28
1 0.0640625 0.61 0.128125 0.2111111111111111
0 0.2234375 0.27 0.133125 0.2644444444444444
4 0.5278125 0.7333333333333333 0.114375 0.21333333333333335
3 0.8628125 0.5038888888888889 0.156875 0.24333333333333335
3 0.8340625 0.2783333333333333 0.118125 0.3277777777777778
1 0.26875 0.4961111111111111 0.12625 0.2633333333333333
