1 0.46 0.28833333333333333 0.13375 0.21
1 0.7090625 0.37555555555555553 0.114375 0.2111111111111111
1 0.33625 0.7516666666666667 0.14625 0.27
4 0.0634375 0.5461111111111111 0.118125 0.20555555555555555
4 0.1975 0.21944444444444444 0.1275 0.24333333333333335
1 0.8525 0.4961111111111111 0.14125 0.2788888888888889
0 0.57625 0.6422222222222222 0.1075 0.22444444444444445
3 0.06875 0.32722222222222225 0.105 0.15666666666666668
3 0.8428125 0.2411111111111111 0.129375 0.16666666666666666
4 0.4740625 0.5311111111111111 0.154375 0.20222222222222222
1 0.3240625 0.4816666666666667 0.108125 0.28555555555555556
