4 0.8740625 0.5633333333333334 0.178125 0.2822222222222222
4 0.248125 0.32944444444444443 0.14 0.1922222222222222
4 0.52875 0.6222222222222222 0.095 0.2111111111111111
1 0.706875 0.2633333333333333 0.1475 0.24666666666666667
3 0.4534375 0.4311111111111111 0.120625 0.14444444444444443
1 0.205625 0.35555555555555557 0.15 0.31777777777777777
2 0.7253125 0.4077777777777778 0.139375 0.26
4 0.845625 0.74 0.1175 0.2733333333333333
0 0.054375 0.23666666666666666 0.10875 0.24222222222222223
1 0.5944444444444444 0.438125 0.19777777777777777 0.15625
4 0.46111111111111114 0.7065625 0.14 0.125625
2 0.22444444444444445 0.5903125 0.29555555555555557 0.176875
4 0.2738888888888889 0.1453125 0.18555555555555556 0.136875
3 0.7122222222222222 0.286875 0.2222222222222222 0.1375
