0 0.4396875 0.42444444444444446 0.101875 0.20666666666666667
4 0.713125 0.255 0.13 0.24333333333333335
4 0.075625 0.7533333333333333 0.15125 0.3
4 0.5903125 0.17055555555555554 0.143125 0.2611111111111111
0 0.380625 0.23 0.11375 0.20666666666666667
1 0.669375 0.10833333333333334 0.09125 0.20333333333333334
0 0.1 0.5122222222222222 0.1525 0.28888888888888886
0 0.2359375 0.7172222222222222 0.124375 0.21444444444444444
4 0.5340625 0.6111111111111112 0.120625 0.24444444444444444
1 0.844375 0.37333333333333335 0.14125 0.2511111111111111
3 0.0984375 0.33 0.104375 0.2288888888888889
4 0.234375 0.23277777777777778 0.13125 0.22555555555555556
4 0.5921875 0.7044444444444444 0.109375 0.2088888888888889
4 0.8640625 0.12111111111111111 0.160625 0.19333333333333333
0 0.4796875 0.5244444444444445 0.129375 0.23333333333333334
