1 0.58875 0.5266666666666666 0.1 0.21333333333333335
4 0.86125 0.33944444444444444 0.17125 0.22777777777777777
4 0.128125 0.7538888888888889 0.12375 0.2788888888888889
3 0.8346875 0.6038888888888889 0.109375 0.2388888888888889
0 0.6584375 0.7533333333333333 0.131875 0.2777777777777778
4 0.4846875 0.37166666666666665 0.159375 0.29444444444444445
0 0.0996875 0.4855555555555556 0.139375 0.26222222222222225
4 0.295 0.23333333333333334 0.155 0.27555555555555555
2 0.2221875 0.5155555555555555 0.153125 0.22666666666666666
1 0.0959375 0.3561111111111111 0.158125 0.30333333333333334
3 0.874375 0.5961111111111111 0.1675 0.19
1 0.6215625 0.47 0.178125 0.3333333333333333
0 0.4653125 0.1338888888888889 0.123125 0.2544444444444444
