3 0.6477777777777778 0.4990625 0.28888888888888886 0.161875
0 0.37 0.87 0.23555555555555555 0.15625
0 0.5177777777777778 0.13125 0.28 0.17375
1 0.2040625 0.06666666666666667 0.113125 0.12666666666666668
3 0.8378125 0.7511111111111111 0.129375 0.2733333333333333
3 0.675 0.7405555555555555 0.13 0.25666666666666665
3 0.490625 0.605 0.1225 0.27444444444444444
1 0.8496875 0.1661111111111111 0.118125 0.2633333333333333
3 0.130625 0.28055555555555556 0.12375 0.20333333333333334
4 0.3071875 0.43777777777777777 0.116875 0.2288888888888889
