0 0.099375 0.27 0.14 0.29333333333333333
0 0.7215625 0.39555555555555555 0.119375 0.21555555555555556
2 0.4834375 0.34944444444444445 0.149375 0.2877777777777778
2 0.211875 0.48833333333333334 0.1125 0.23666666666666666
3 0.334375 0.25333333333333335 0.15875 0.2644444444444444
1 0.6825 0.635 0.15 0.3011111111111111
1 0.5075 0.4116666666666667 0.1525 0.3388888888888889
4 0.2234375 0.2872222222222222 0.145625 0.24555555555555555
1 0.4696875 0.45166666666666666 0.130625 0.21444444444444444
0 0.715625 0.5322222222222223 0.115 0.19777777777777777
3 0.3340625 0.64 0.113125 0.23333333333333334
4 0.103125 0.41444444444444445 0.15875 0.32
2 0.625625 0.7827777777777778 0.18875 0.3388888888888889
