0 0.17 0.2865625 0.2822222222222222 0.136875
2 0.6 0.4796875 0.25333333333333335 0.143125
0 0.7344444444444445 0.85125 0.22444444444444445 0.12625
4 0.31 0.093125 0.26666666666666666 0.12875
4 0.35875 0.565 0.125 0.25222222222222224
0 0.4975 0.3111111111111111 0.15625 0.2822222222222222
0 0.2625 0.405 0.1775 0.29
4 0.12625 0.7594444444444445 0.15 0.2811111111111111
3 0.2827777777777778 0.6828125 0.20333333333333334 0.098125
0 0.1922222222222222 0.40875 0.23333333333333334 0.14375
4 0.7644444444444445 0.2846875 0.31555555555555553 0.191875
1 0.6461111111111111 0.1215625 0.2922222222222222 0.161875
