0 0.1078125 0.7583333333333333 0.183125 0.29444444444444445
2 0.333125 0.5233333333333333 0.12375 0.2288888888888889
0 0.85625 0.14833333333333334 0.1475 0.2833333333333333
0 0.735 0.8496875 0.23666666666666666 0.146875
2 0.5388888888888889 0.0909375 0.22444444444444445 0.119375
1 0.5996875 0.3233333333333333 0.115625 0.2111111111111111
2 0.26125 0.5494444444444444 0.16125 0.26555555555555554
4 0.485625 0.5822222222222222 0.1275 0.13111111111111112
3 0.8309375 0.7155555555555555 0.095625 0.19777777777777777
1 0.3896875 0.43833333333333335 0.176875 0.2411111111111111
