3 0.1109375 0.27166666666666667 0.138125 0.27444444444444444
4 0.4659375 0.3338888888888889 0.098125 0.21222222222222223
1 0.608125 0.44277777777777777 0.1325 0.24555555555555555
4 0.3625 0.18944444444444444 0.14125 0.29444444444444445
3 0.710625 0.6116666666666667 0.0875 0.21222222222222223
2 0.8678125 0.5616666666666666 0.151875 0.2966666666666667
2 0.2240625 0.7266666666666667 0.114375 0.25555555555555554
3 0.355 0.7522222222222222 0.13625 0.31333333333333335
1 0.0759375 0.2338888888888889 0.134375 0.25
0 0.866875 0.5844444444444444 0.18 0.3022222222222222
4 0.3296875 0.4127777777777778 0.130625 0.2833333333333333
