0 0.4784375 0.27 0.146875 0.2577777777777778
4 0.24125 0.35777777777777775 0.185 0.28
2 0.07125 0.5561111111111111 0.10125 0.21222222222222223
4 0.8421875 0.48055555555555557 0.105625 0.21666666666666667
0 0.61625 0.6744444444444444 0.16625 0.29555555555555557
4 0.32555555555555554 0.4615625 0.22666666666666666 0.115625
4 0.24722222222222223 0.3434375 0.2611111111111111 0.130625
3 0.4361111111111111 0.6040625 0.25666666666666665 0.149375
4 0.72 0.8596875 0.24888888888888888 0.158125
3 0.0896875 0.35777777777777775 0.106875 0.16
