4 0.6328125 0.6877777777777778 0.165625 0.30444444444444446
4 0.243125 0.2877777777777778 0.1 0.19333333333333333
0 0.3834375 0.24666666666666667 0.143125 0.2822222222222222
4 0.75875 0.7677777777777778 0.18 0.2911111111111111
4 0.1484375 0.5011111111111111 0.148125 0.27555555555555555
0 0.4928125 0.56 0.123125 0.22
0 0.6659375 0.23722222222222222 0.151875 0.2477777777777778
4 0.2821875 0.6311111111111111 0.170625 0.30666666666666664
3 0.125 0.2311111111111111 0.11875 0.24888888888888888
0 0.4909375 0.37833333333333335 0.139375 0.2966666666666667
4 0.8384375 0.605 0.121875 0.25222222222222224
