4 0.3409375 0.5633333333333334 0.114375 0.2088888888888889
4 0.0946875 0.43833333333333335 0.125625 0.27666666666666667
1 0.846875 0.7144444444444444 0.11875 0.19111111111111112
1 0.291875 0.6394444444444445 0.16 0.31666666666666665
0 0.6596875 0.4777777777777778 0.136875 0.28888888888888886
1 0.0953125 0.18777777777777777 0.145625 0.29777777777777775
0 0.8625 0.445 0.15 0.22555555555555556
0 0.074375 0.6188888888888889 0.1125 0.2088888888888889
1 0.484375 0.585 0.16375 0.3233333333333333
2 0.2121875 0.3561111111111111 0.131875 0.23
3 0.6128125 0.7794444444444445 0.164375 0.3477777777777778
