3 0.21444444444444444 0.1303125 0.22 0.153125
1 0.16375 0.37 0.195 0.3622222222222222
2 0.75625 0.4311111111111111 0.1775 0.31333333333333335
3 0.845625 0.5511111111111111 0.115 0.2111111111111111
3 0.235625 0.6327777777777778 0.09875 0.20333333333333334
1 0.4825 0.17222222222222222 0.11125 0.13777777777777778
3 0.61375 0.7311111111111112 0.1325 0.2288888888888889
1 0.400625 0.7483333333333333 0.11375 0.25222222222222224
4 0.713125 0.4533333333333333 0.14375 0.3022222222222222
4 0.5846875 0.6705555555555556 0.184375 0.31
