3 0.365 0.5883333333333334 0.12 0.25666666666666665
3 0.2465625 0.32166666666666666 0.123125 0.23
0 0.6209375 0.23222222222222222 0.153125 0.21777777777777776
3 0.724375 0.7616666666666667 0.12125 0.26555555555555554
3 0.4875 0.5366666666666666 0.12625 0.32222222222222224
1 0.1265625 0.4038888888888889 0.121875 0.22555555555555556
4 0.6328125 0.16166666666666665 0.171875 0.31444444444444447
4 0.870625 0.6744444444444444 0.17375 0.30444444444444446
1 0.4884375 0.46444444444444444 0.119375 0.29777777777777775
0 0.119375 0.3672222222222222 0.135 0.21222222222222223
1 0.565 0.6327777777777778 0.16 0.28555555555555556
