2 0.36 0.475 0.1525 0.30777777777777776
3 0.588125 0.14444444444444443 0.10625 0.25333333333333335
0 0.7525 0.5822222222222222 0.18375 0.32
2 0.8790625 0.6761111111111111 0.185625 0.3055555555555556
4 0.0996875 0.77 0.151875 0.29777777777777775
4 0.871875 0.5855555555555556 0.165 0.3288888888888889
2 0.2371875 0.2594444444444444 0.171875 0.27666666666666667
4 0.465 0.6261111111111111 0.1175 0.21
3 0.38 0.3459375 0.2311111111111111 0.121875
4 0.7322222222222222 0.119375 0.26666666666666666 0.15625
