1 0.1309375 0.7183333333333334 0.146875 0.21222222222222223
4 0.6028125 0.3883333333333333 0.113125 0.21666666666666667
0 0.3671875 0.24388888888888888 0.130625 0.2588888888888889
4 0.8521875 0.5544444444444444 0.121875 0.21777777777777776
3 0.6871875 0.39222222222222225 0.178125 0.29777777777777775
0 0.841875 0.48 0.115 0.2311111111111111
3 0.830625 0.145 0.10875 0.21
2 0.6078125 0.325 0.150625 0.18777777777777777
1 0.3584375 0.5127777777777778 0.138125 0.17888888888888888
0 0.1265625 0.7705555555555555 0.160625 0.31
