2 0.688125 0.6316666666666667 0.175 0.2877777777777778
2 0.82875 0.7338888888888889 0.10625 0.23222222222222222
4 0.3275 0.25 0.1525 0.3022222222222222
3 0.491875 0.4777777777777778 0.13125 0.24
0 0.7196875 0.20444444444444446 0.110625 0.20444444444444446
4 0.355625 0.09833333333333333 0.115 0.1922222222222222
4 0.4875 0.6255555555555555 0.13375 0.24666666666666667
3 0.840625 0.3611111111111111 0.1075 0.31777777777777777
0 0.7421875 0.33166666666666667 0.145625 0.2588888888888889
1 0.15 0.4533333333333333 0.1825 0.33111111111111113
0 0.886875 0.5944444444444444 0.19 0.27111111111111114
