3 0.7088888888888889 0.1321875 0.2111111111111111 0.133125
4 0.185 0.8459375 0.23 0.134375
4 0.5477777777777778 0.57125 0.31555555555555553 0.15625
0 0.6172222222222222 0.703125 0.2411111111111111 0.135
4 0.435 0.27875 0.30333333333333334 0.14125
4 0.5161111111111111 0.15125 0.24555555555555555 0.17625
0 0.4 0.575625 0.2288888888888889 0.15875
3 0.14277777777777778 0.8409375 0.14555555555555555 0.110625
3 0.7122222222222222 0.2709375 0.20444444444444446 0.126875
3 0.6133333333333333 0.4265625 0.22444444444444445 0.149375
3 0.0990625 0.7005555555555556 0.128125 0.1811111111111111
4 0.2678125 0.6655555555555556 0.170625 0.3022222222222222
4 0.4259375 0.26722222222222225 0.191875 0.2677777777777778
1 0.555625 0.38722222222222225 0.15625 0.3188888888888889
