1 0.439375 0.7844444444444445 0.16375 0.31777777777777777
2 0.8340625 0.6283333333333333 0.114375 0.20777777777777778
4 0.5590625 0.3327777777777778 0.123125 0.22333333333333333
1 0.28125 0.43555555555555553 0.12625 0.22666666666666666
0 0.616875 0.13 0.1375 0.25555555555555554
3 0.3671875 0.3227777777777778 0.111875 0.22333333333333333
2 0.46944444444444444 0.22125 0.2411111111111111 0.1475
3 0.74 0.8559375 0.2688888888888889 0.131875
4 0.2961111111111111 0.0859375 0.23666666666666666 0.133125
1 0.24444444444444444 0.7515625 0.3022222222222222 0.180625
3 0.6127777777777778 0.5890625 0.18555555555555556 0.111875
