0 0.271875 0.5222222222222223 0.14875 0.2866666666666667
0 0.8721875 0.42055555555555557 0.181875 0.3277777777777778
4 0.0715625 0.6205555555555555 0.136875 0.2388888888888889
4 0.4546875 0.2738888888888889 0.125625 0.2788888888888889
4 0.3625 0.3388888888888889 0.15125 0.23555555555555555
4 0.2434375 0.7483333333333333 0.155625 0.28555555555555556
4 0.81625 0.22833333333333333 0.08625 0.20555555555555555
3 0.2615625 0.5305555555555556 0.125625 0.1322222222222222
0 0.458125 0.14166666666666666 0.125 0.21444444444444444
0 0.0678125 0.45611111111111113 0.130625 0.27
