0 0.6890625 0.7416666666666667 0.093125 0.23
3 0.2640625 0.645 0.104375 0.2611111111111111
4 0.5640625 0.305 0.130625 0.2544444444444444
0 0.435625 0.43722222222222223 0.16 0.29444444444444445
1 0.1465625 0.19111111111111112 0.155625 0.24888888888888888
0 0.36 0.35125 0.24888888888888888 0.1625
0 0.7655555555555555 0.4925 0.32 0.18875
4 0.14333333333333334 0.724375 0.18444444444444444 0.14
0 0.5816666666666667 0.229375 0.3233333333333333 0.175
0 0.4888888888888889 0.87125 0.32222222222222224 0.17625
3 0.15875 0.35888888888888887 0.18875 0.22666666666666666
2 0.3225 0.7494444444444445 0.15625 0.30333333333333334
4 0.875 0.29555555555555557 0.1775 0.3333333333333333
