3 0.71 0.5311111111111111 0.1825 0.2911111111111111
4 0.081875 0.7561111111111111 0.155 0.30333333333333334
4 0.536875 0.18555555555555556 0.14375 0.25333333333333335
1 0.8203125 0.435 0.094375 0.21222222222222223
1 0.1075 0.6355555555555555 0.19375 0.3377777777777778
1 0.4771875 0.7661111111111111 0.170625 0.3233333333333333
4 0.6403125 0.28944444444444445 0.115625 0.19666666666666666
2 0.2653125 0.135 0.128125 0.16111111111111112
1 0.84375 0.3433333333333333 0.1125 0.19777777777777777
1 0.10875 0.7844444444444445 0.17375 0.3333333333333333
0 0.586875 0.64 0.11 0.2311111111111111
