1 0.24666666666666667 0.37 0.23777777777777778 0.1275
0 0.55 0.629375 0.27111111111111114 0.1675
0 0.42777777777777776 0.731875 0.21777777777777776 0.13375
4 0.1288888888888889 0.49 0.19111111111111112 0.12875
3 0.8434375 0.22833333333333333 0.135625 0.2544444444444444
0 0.7096875 0.6083333333333333 0.111875 0.20555555555555555
4 0.504375 0.5688888888888889 0.1875 0.3288888888888889
0 0.3484375 0.4116666666666667 0.119375 0.21666666666666667
2 0.5971875 0.3244444444444444 0.130625 0.24444444444444444
4 0.6633333333333333 0.10875 0.28 0.15875
4 0.3477777777777778 0.255625 0.26222222222222225 0.14875
