0 0.3983333333333333 0.3515625 0.22777777777777777 0.135625
4 0.2916666666666667 0.1203125 0.3322222222222222 0.169375
1 0.7405555555555555 0.86375 0.2722222222222222 0.1675
1 0.545 0.59375 0.2011111111111111 0.12375
0 0.59625 0.7394444444444445 0.12875 0.25222222222222224
4 0.334375 0.23777777777777778 0.1025 0.20444444444444446
4 0.73375 0.37333333333333335 0.155 0.31777777777777777
4 0.834375 0.6322222222222222 0.10625 0.19777777777777777
4 0.2175 0.5488888888888889 0.1175 0.19111111111111112
0 0.1209375 0.5116666666666667 0.173125 0.27444444444444444
