0 0.4765625 0.5611111111111111 0.114375 0.21555555555555556
1 0.6340625 0.30333333333333334 0.186875 0.36444444444444446
0 0.26125 0.7777777777777778 0.16875 0.31555555555555553
1 0.760625 0.37166666666666665 0.1975 0.33666666666666667
4 0.09 0.715 0.10625 0.18555555555555556
0 0.6775 0.3572222222222222 0.15 0.3388888888888889
1 0.363125 0.345 0.125 0.2388888888888889
0 0.18388888888888888 0.454375 0.2588888888888889 0.12375
1 0.7338888888888889 0.84875 0.23444444444444446 0.13375
2 0.42375 0.36777777777777776 0.13 0.33111111111111113
0 0.286875 0.7594444444444445 0.1425 0.2833333333333333
4 0.26125 0.5716666666666667 0.10625 0.17444444444444446
2 0.7134375 0.39944444444444444 0.136875 0.29888888888888887
1 0.22777777777777777 0.7065625 0.2511111111111111 0.130625
4 0.4083333333333333 0.56875 0.20555555555555555 0.13875
2 0.6294444444444445 0.1403125 0.2388888888888889 0.133125
