1 0.5094444444444445 0.2853125 0.23666666666666666 0.140625
0 0.6533333333333333 0.7296875 0.31555555555555553 0.185625
0 0.461875 0.7688888888888888 0.135 0.29333333333333333
2 0.0609375 0.3488888888888889 0.114375 0.17555555555555555
0 0.350625 0.675 0.17375 0.2877777777777778
1 0.8415625 0.5527777777777778 0.113125 0.22333333333333333
1 0.2140625 0.3472222222222222 0.160625 0.3522222222222222
1 0.22111111111111112 0.8725 0.2577777777777778 0.17875
0 0.35944444444444446 0.4815625 0.2788888888888889 0.169375
1 0.7388888888888889 0.2921875 0.27111111111111114 0.176875
3 0.4816666666666667 0.670625 0.2677777777777778 0.16125
0 0.5827777777777777 0.0725 0.21444444444444444 0.12375
0 0.8596875 0.5 0.170625 0.3022222222222222
0 0.660625 0.3561111111111111 0.14875 0.2833333333333333
0 0.5753125 0.5311111111111111 0.195625 0.2733333333333333
0 0.114375 0.7661111111111111 0.17 0.2722222222222222
4 0.826875 0.26722222222222225 0.10125 0.21666666666666667
4 0.7025 0.1988888888888889 0.15125 0.31333333333333335
3 0.2484375 0.20944444444444443 0.095625 0.20777777777777778
3 0.663125 0.37666666666666665 0.1525 0.29555555555555557
0 0.079375 0.74 0.14375 0.28
0 0.14888888888888888 0.8321875 0.22666666666666666 0.115625
3 0.32944444444444443 0.1128125 0.20555555555555555 0.123125
4 0.7233333333333334 0.3859375 0.22666666666666666 0.188125
