4 0.3403125 0.195 0.146875 0.25
1 0.44875 0.5522222222222222 0.10125 0.22444444444444445
4 0.7196875 0.37 0.118125 0.2311111111111111
0 0.610625 0.7372222222222222 0.1625 0.22333333333333333
4 0.5403125 0.37 0.118125 0.2911111111111111
0 0.4196875 0.7738888888888888 0.168125 0.30777777777777776
2 0.84 0.43777777777777777 0.1325 0.2288888888888889
2 0.716875 0.6944444444444444 0.17875 0.3466666666666667
1 0.268125 0.27444444444444444 0.1575 0.29777777777777775
2 0.1265625 0.58 0.165625 0.31555555555555553
0 0.0778125 0.58 0.148125 0.2822222222222222
1 0.87375 0.7416666666666667 0.18375 0.25
4 0.3546875 0.4111111111111111 0.183125 0.29777777777777775
3 0.344375 0.7155555555555555 0.14125 0.20666666666666667
2 0.8346875 0.2388888888888889 0.119375 0.25333333333333335
4 0.236875 0.2961111111111111 0.10375 0.17444444444444446
4 0.5509375 0.43277777777777776 0.141875 0.25222222222222224
2 0.6821875 0.5172222222222222 0.109375 0.22777777777777777
0 0.8278125 0.5827777777777777 0.098125 0.21
0 0.490625 0.31777777777777777 0.14625 0.28444444444444444
0 0.315625 0.7461111111111111 0.1575 0.23444444444444446
4 0.1321875 0.4527777777777778 0.151875 0.25222222222222224
1 0.2816666666666667 0.7509375 0.2833333333333333 0.181875
2 0.13833333333333334 0.3590625 0.18555555555555556 0.120625
