1 0.82875 0.35944444444444446 0.11 0.2477777777777778
4 0.443125 0.7305555555555555 0.07625 0.24555555555555555
1 0.6646875 0.62 0.150625 0.2733333333333333
0 0.565625 0.20722222222222222 0.0675 0.15888888888888889
4 0.2996875 0.5505555555555556 0.183125 0.3477777777777778
0 0.575 0.7827777777777778 0.165 0.3277777777777778
0 0.1428125 0.4066666666666667 0.153125 0.3022222222222222
3 0.4196875 0.2577777777777778 0.139375 0.24666666666666667
3 0.56 0.1453125 0.31555555555555553 0.171875
4 0.21722222222222223 0.271875 0.22555555555555556 0.14
0 0.6438888888888888 0.4315625 0.2833333333333333 0.174375
2 0.31333333333333335 0.861875 0.22 0.1775
2 0.7561111111111111 0.571875 0.30777777777777776 0.16875
4 0.4161111111111111 0.6865625 0.22555555555555556 0.113125
2 0.5994444444444444 0.12 0.2722222222222222 0.16
3 0.4088888888888889 0.6584375 0.19111111111111112 0.138125
0 0.5972222222222222 0.094375 0.20777777777777778 0.13375
4 0.7483333333333333 0.285 0.24333333333333335 0.1425
2 0.5983333333333334 0.8665625 0.3277777777777778 0.168125
