1 0.7455555555555555 0.8540625 0.2644444444444444 0.124375
3 0.3 0.54625 0.27111111111111114 0.1175
3 0.38055555555555554 0.4059375 0.20777777777777778 0.140625
2 0.64 0.125 0.2777777777777778 0.18625
0 0.5427777777777778 0.725 0.30777777777777776 0.17125
1 0.1390625 0.22333333333333333 0.131875 0.2222222222222222
4 0.325625 0.4938888888888889 0.15125 0.2611111111111111
0 0.4840625 0.6033333333333334 0.114375 0.2288888888888889
0 0.693125 0.7561111111111111 0.17875 0.2811111111111111
4 0.83625 0.3372222222222222 0.11 0.1988888888888889
4 0.54875 0.2872222222222222 0.11 0.24333333333333335
3 0.269375 0.20777777777777778 0.14125 0.31555555555555553
4 0.1040625 0.39222222222222225 0.105625 0.2222222222222222
0 0.4134375 0.5222222222222223 0.134375 0.2511111111111111
4 0.85375 0.7655555555555555 0.12875 0.27555555555555555
3 0.098125 0.32944444444444443 0.1025 0.20777777777777778
2 0.6328125 0.5955555555555555 0.189375 0.34444444444444444
0 0.32375 0.5638888888888889 0.1125 0.25222222222222224
0 0.59 0.38555555555555554 0.135 0.24
0 0.39625 0.2461111111111111 0.1225 0.30333333333333334
3 0.108125 0.7333333333333333 0.13125 0.2733333333333333
4 0.8496875 0.31444444444444447 0.150625 0.24
2 0.463125 0.7538888888888889 0.13875 0.25666666666666665
1 0.2778125 0.6055555555555555 0.146875 0.2577777777777778
0 0.864375 0.3488888888888889 0.1825 0.33555555555555555
3 0.0875 0.12333333333333334 0.145 0.18
3 0.64875 0.44722222222222224 0.13125 0.23666666666666666
