3 0.1146875 0.2011111111111111 0.126875 0.24
1 0.6103125 0.41333333333333333 0.145625 0.30666666666666664
4 0.600625 0.37666666666666665 0.135 0.23333333333333334
2 0.1209375 0.2788888888888889 0.153125 0.22
1 0.4634375 0.6233333333333333 0.105625 0.18222222222222223
1 0.6225 0.16055555555555556 0.165 0.31222222222222223
0 0.1475 0.76 0.145 0.27555555555555555
2 0.8396875 0.5294444444444445 0.134375 0.22777777777777777
1 0.7577777777777778 0.344375 0.2644444444444444 0.135
3 0.440625 0.3977777777777778 0.09375 0.21333333333333335
1 0.07375 0.24944444444444444 0.1425 0.22777777777777777
4 0.5925 0.7466666666666667 0.1375 0.2866666666666667
4 0.725625 0.5211111111111111 0.1425 0.30444444444444446
4 0.193125 0.6305555555555555 0.12125 0.21222222222222223
0 0.751875 0.26 0.175 0.32222222222222224
1 0.2278125 0.5105555555555555 0.119375 0.29444444444444445
3 0.653125 0.16555555555555557 0.10625 0.2288888888888889
3 0.4665625 0.6044444444444445 0.091875 0.2644444444444444
4 0.1428125 0.7416666666666667 0.161875 0.25666666666666665
1 0.8684375 0.3327777777777778 0.178125 0.2833333333333333
0 0.3365625 0.49 0.190625 0.31555555555555553
