0 0.1661111111111111 0.5528125 0.17444444444444446 0.141875
4 0.7138888888888889 0.1203125 0.23444444444444446 0.155625
1 0.108125 0.39666666666666667 0.10875 0.22
2 0.2815625 0.6494444444444445 0.164375 0.29444444444444445
1 0.860625 0.5461111111111111 0.15625 0.30333333333333334
4 0.5822222222222222 0.11875 0.32222222222222224 0.19375
1 0.33444444444444443 0.6059375 0.23333333333333334 0.143125
4 0.13166666666666665 0.8515625 0.23444444444444446 0.121875
0 0.5184375 0.7688888888888888 0.179375 0.33111111111111113
3 0.3303125 0.19777777777777777 0.163125 0.32
3 0.3471875 0.7333333333333333 0.081875 0.2222222222222222
4 0.14875 0.2338888888888889 0.15375 0.2877777777777778
1 0.83375 0.3794444444444444 0.115 0.22555555555555556
2 0.6084375 0.18555555555555556 0.154375 0.23333333333333334
0 0.8553125 0.5705555555555556 0.155625 0.29888888888888887
2 0.3515625 0.365 0.133125 0.2411111111111111
3 0.365625 0.4855555555555556 0.09875 0.1711111111111111
4 0.8628125 0.63 0.143125 0.24666666666666667
3 0.6903125 0.3338888888888889 0.115625 0.29444444444444445
0 0.079375 0.2111111111111111 0.15875 0.26
