1 0.535 0.589375 0.20333333333333334 0.12625
4 0.7327777777777778 0.8315625 0.21666666666666667 0.100625
0 0.38 0.7661111111111111 0.1775 0.3211111111111111
0 0.6128125 0.21833333333333332 0.155625 0.24555555555555555
4 0.1153125 0.19666666666666666 0.105625 0.22
0 0.704375 0.6416666666666667 0.1375 0.2588888888888889
3 0.8559375 0.29944444444444446 0.153125 0.21444444444444444
1 0.5559375 0.49333333333333335 0.126875 0.17555555555555555
1 0.415625 0.4622222222222222 0.13375 0.32666666666666666
0 0.0709375 0.4222222222222222 0.130625 0.29333333333333333
3 0.8521875 0.7572222222222222 0.153125 0.2966666666666667
0 0.0759375 0.20055555555555554 0.133125 0.1988888888888889
4 0.569375 0.3938888888888889 0.1025 0.24333333333333335
0 0.08625 0.47555555555555556 0.16375 0.32
1 0.828125 0.31722222222222224 0.08125 0.20333333333333334
1 0.6975 0.2611111111111111 0.13375 0.28888888888888886
3 0.2378125 0.5983333333333334 0.154375 0.16777777777777778
4 0.5409375 0.5333333333333333 0.134375 0.23777777777777778
