3 0.8265625 0.11944444444444445 0.088125 0.2388888888888889
0 0.3075 0.3022222222222222 0.195 0.3622222222222222
2 0.545 0.7188888888888889 0.0975 0.22666666666666666
4 0.2028125 0.6488888888888888 0.135625 0.2733333333333333
4 0.7328125 0.32611111111111113 0.159375 0.28555555555555556
3 0.475625 0.5172222222222222 0.1625 0.17444444444444446
3 0.8575 0.4211111111111111 0.14875 0.3111111111111111
3 0.3546875 0.4861111111111111 0.180625 0.27666666666666667
2 0.599375 0.15555555555555556 0.14375 0.29333333333333333
4 0.215 0.23555555555555555 0.14625 0.25333333333333335
4 0.720625 0.41944444444444445 0.13 0.22111111111111112
1 0.7588888888888888 0.68625 0.3 0.18125
1 0.485 0.8678125 0.22555555555555556 0.166875
1 0.6144444444444445 0.3 0.24888888888888888 0.16125
3 0.2511111111111111 0.1003125 0.2288888888888889 0.138125
0 0.31722222222222224 0.586875 0.3011111111111111 0.1825
3 0.61 0.131875 0.23777777777777778 0.15875
1 0.22166666666666668 0.2925 0.32555555555555554 0.185
4 0.47055555555555556 0.861875 0.17444444444444446 0.14125
2 0.18555555555555556 0.519375 0.3111111111111111 0.18
4 0.405 0.8675 0.16333333333333333 0.1575
1 0.6311111111111111 0.3625 0.22444444444444445 0.10625
0 0.7783333333333333 0.150625 0.3211111111111111 0.16125
4 0.0734375 0.2511111111111111 0.118125 0.24666666666666667
3 0.33625 0.7588888888888888 0.1275 0.28444444444444444
