4 0.3584375 0.1827777777777778 0.134375 0.3277777777777778
4 0.485 0.7633333333333333 0.14125 0.29555555555555557
3 0.2228125 0.34444444444444444 0.109375 0.25333333333333335
0 0.5934375 0.22833333333333333 0.113125 0.22111111111111112
0 0.089375 0.6233333333333333 0.13125 0.24222222222222223
1 0.235625 0.2866666666666667 0.11875 0.2222222222222222
3 0.5465625 0.41 0.130625 0.2511111111111111
1 0.84625 0.19833333333333333 0.11875 0.2633333333333333
3 0.7266666666666667 0.8634375 0.22444444444444445 0.160625
0 0.20666666666666667 0.6540625 0.24888888888888888 0.129375
4 0.2396875 0.7177777777777777 0.085625 0.17555555555555555
1 0.4075 0.5444444444444444 0.1275 0.26
3 0.6834375 0.41 0.090625 0.20666666666666667
4 0.459375 0.1338888888888889 0.1225 0.19444444444444445
0 0.2690625 0.5883333333333334 0.120625 0.23444444444444446
4 0.843125 0.48944444444444446 0.1325 0.32555555555555554
3 0.6346875 0.7277777777777777 0.094375 0.2222222222222222
4 0.858125 0.64 0.15625 0.29777777777777775
3 0.2971875 0.5227777777777778 0.141875 0.3055555555555556
4 0.66625 0.755 0.1425 0.2833333333333333
4 0.106875 0.37222222222222223 0.13 0.24666666666666667
4 0.8534375 0.7211111111111111 0.135625 0.23333333333333334
4 0.4571875 0.235 0.125625 0.22777777777777777
2 0.6596875 0.615 0.139375 0.2633333333333333
