4 0.6634375 0.6116666666666667 0.118125 0.2411111111111111
0 0.505625 0.5255555555555556 0.16875 0.31333333333333335
4 0.3121875 0.7538888888888889 0.149375 0.2788888888888889
0 0.1171875 0.22722222222222221 0.125625 0.20555555555555555
4 0.680625 0.47333333333333333 0.15125 0.2311111111111111
3 0.84625 0.3522222222222222 0.11625 0.26
4 0.461875 0.19166666666666668 0.08 0.21
0 0.639375 0.7583333333333333 0.09625 0.31
2 0.5344444444444445 0.1571875 0.2733333333333333 0.168125
3 0.3472222222222222 0.6315625 0.29444444444444445 0.174375
2 0.15888888888888889 0.868125 0.31333333333333335 0.17625
4 0.6884375 0.36444444444444446 0.160625 0.29555555555555557
0 0.31125 0.7205555555555555 0.12125 0.2011111111111111
2 0.845625 0.47055555555555556 0.11625 0.2388888888888889
4 0.8503125 0.6005555555555555 0.118125 0.31444444444444447
3 0.6159375 0.4122222222222222 0.135625 0.2688888888888889
3 0.6927777777777778 0.124375 0.18777777777777777 0.10625
0 0.5016666666666667 0.8440625 0.17 0.138125
0 0.18944444444444444 0.625 0.2722222222222222 0.17
