1 0.2028125 0.30833333333333335 0.106875 0.27
1 0.586875 0.36277777777777775 0.12375 0.20555555555555555
2 0.7096875 0.6944444444444444 0.119375 0.17555555555555555
0 0.8384375 0.19444444444444445 0.125625 0.21333333333333335
4 0.095625 0.4988888888888889 0.1425 0.30444444444444446
0 0.3484375 0.6566666666666666 0.148125 0.2733333333333333
3 0.8334375 0.7327777777777778 0.086875 0.21222222222222223
4 0.2578125 0.3427777777777778 0.103125 0.2411111111111111
0 0.464375 0.7488888888888889 0.13875 0.24444444444444444
3 0.645 0.5 0.1225 0.2866666666666667
0 0.846875 0.22333333333333333 0.14875 0.27111111111111114
4 0.2040625 0.34833333333333333 0.090625 0.1922222222222222
0 0.47625 0.4761111111111111 0.14375 0.27444444444444444
4 0.114375 0.3016666666666667 0.15625 0.2722222222222222
3 0.8309375 0.6927777777777778 0.115625 0.18777777777777777
0 0.694375 0.6383333333333333 0.095 0.20555555555555555
4 0.4403125 0.4711111111111111 0.091875 0.18666666666666668
4 0.07375 0.32 0.11625 0.20222222222222222
3 0.3315625 0.7738888888888888 0.126875 0.31666666666666665
4 0.5965625 0.2594444444444444 0.151875 0.2388888888888889
1 0.8528125 0.43944444444444447 0.158125 0.2833333333333333
1 0.14375 0.3972222222222222 0.14625 0.3055555555555556
1 0.8690625 0.20333333333333334 0.171875 0.27111111111111114
3 0.3571875 0.5388888888888889 0.098125 0.23555555555555555
4 0.29444444444444445 0.359375 0.17555555555555555 0.1025
1 0.6783333333333333 0.7415625 0.2677777777777778 0.169375
2 0.5266666666666666 0.284375 0.3022222222222222 0.185
2 0.7461111111111111 0.6103125 0.23444444444444446 0.139375
