3 0.42055555555555557 0.2728125 0.29888888888888887 0.134375
0 0.7355555555555555 0.8509375 0.2288888888888889 0.135625
4 0.2811111111111111 0.42375 0.25333333333333335 0.1475
2 0.6077777777777778 0.4915625 0.27111111111111114 0.138125
0 0.46444444444444444 0.85875 0.28888888888888886 0.1575
2 0.13277777777777777 0.6675 0.23222222222222222 0.1325
0 0.738125 0.17277777777777778 0.18375 0.3433333333333333
2 0.2959375 0.2761111111111111 0.173125 0.3011111111111111
1 0.5846875 0.4172222222222222 0.168125 0.33444444444444443
1 0.39375 0.4866666666666667 0.0775 0.2222222222222222
3 0.71 0.6272222222222222 0.1175 0.21888888888888888
3 0.3440625 0.38222222222222224 0.136875 0.2822222222222222
4 0.8353125 0.16666666666666666 0.116875 0.22
3 0.215625 0.5505555555555556 0.13 0.25
1 0.601875 0.4855555555555556 0.15125 0.30444444444444446
0 0.7240625 0.37555555555555553 0.131875 0.23333333333333334
4 0.60375 0.7716666666666666 0.15125 0.2833333333333333
2 0.199375 0.7455555555555555 0.115 0.24
4 0.7428125 0.6877777777777778 0.175625 0.31555555555555553
0 0.0953125 0.5838888888888889 0.163125 0.29888888888888887
3 0.3453125 0.3938888888888889 0.150625 0.3011111111111111
4 0.5821875 0.17944444444444443 0.110625 0.25222222222222224
0 0.8484375 0.4622222222222222 0.129375 0.24666666666666667
2 0.4122222222222222 0.0846875 0.20444444444444446 0.140625
1 0.5216666666666666 0.53875 0.22111111111111112 0.135
