3 0.3328125 0.7011111111111111 0.140625 0.19555555555555557
4 0.0596875 0.5461111111111111 0.114375 0.2011111111111111
0 0.1221875 0.11277777777777778 0.095625 0.21666666666666667
3 0.6984375 0.45944444444444443 0.123125 0.18777777777777777
1 0.4334375 0.7522222222222222 0.155625 0.2911111111111111
2 0.85875 0.62 0.16125 0.2688888888888889
0 0.5578125 0.39222222222222225 0.123125 0.29555555555555557
2 0.406875 0.25277777777777777 0.2025 0.3011111111111111
1 0.1240625 0.5433333333333333 0.121875 0.18444444444444444
4 0.8478125 0.37333333333333335 0.116875 0.23555555555555555
4 0.6234375 0.5766666666666667 0.145625 0.28888888888888886
0 0.398125 0.6011111111111112 0.17875 0.33555555555555555
4 0.254375 0.7377777777777778 0.12375 0.23555555555555555
4 0.7159375 0.2088888888888889 0.118125 0.29777777777777775
1 0.835 0.28055555555555556 0.12375 0.2544444444444444
4 0.16 0.5965625 0.24666666666666667 0.144375
1 0.5483333333333333 0.105625 0.24555555555555555 0.17
3 0.7194444444444444 0.836875 0.19666666666666666 0.12125
1 0.3646875 0.6477777777777778 0.146875 0.26666666666666666
3 0.1090625 0.5011111111111111 0.118125 0.15777777777777777
4 0.60375 0.37166666666666665 0.14125 0.26555555555555554
3 0.7440625 0.47833333333333333 0.180625 0.29444444444444445
4 0.825 0.25166666666666665 0.1 0.21
