3 0.5944444444444444 0.841875 0.17777777777777778 0.12125
3 0.3233333333333333 0.5565625 0.24888888888888888 0.140625
0 0.25166666666666665 0.279375 0.30777777777777776 0.175
0 0.44666666666666666 0.4178125 0.2911111111111111 0.156875
3 0.5155555555555555 0.4740625 0.19555555555555557 0.136875
1 0.3894444444444444 0.1290625 0.31 0.191875
0 0.43722222222222223 0.3459375 0.22111111111111112 0.129375
0 0.2927777777777778 0.7421875 0.29888888888888887 0.175625
1 0.14777777777777779 0.2209375 0.19111111111111112 0.128125
2 0.6661111111111111 0.6109375 0.31444444444444447 0.161875
4 0.75 0.85875 0.29777777777777775 0.16
2 0.59875 0.37777777777777777 0.13375 0.23333333333333334
4 0.1215625 0.6222222222222222 0.121875 0.22
1 0.8240625 0.5205555555555555 0.100625 0.21888888888888888
4 0.3515625 0.7566666666666667 0.153125 0.30666666666666664
1 0.8390625 0.13277777777777777 0.128125 0.20555555555555555
4 0.449375 0.425 0.09875 0.21666666666666667
0 0.090625 0.3477777777777778 0.13 0.25333333333333335
3 0.6153125 0.63 0.180625 0.24444444444444444
1 0.7694444444444445 0.8834375 0.31222222222222223 0.189375
3 0.3283333333333333 0.66 0.19 0.13625
0 0.4711111111111111 0.2465625 0.23777777777777778 0.168125
2 0.6133333333333333 0.1028125 0.18888888888888888 0.125625
4 0.19444444444444445 0.5915625 0.18666666666666668 0.120625
1 0.7444444444444445 0.870625 0.2822222222222222 0.18625
