4 0.725 0.5616666666666666 0.16875 0.3433333333333333
4 0.109375 0.6433333333333333 0.11625 0.2822222222222222
1 0.8384375 0.16166666666666665 0.100625 0.21666666666666667
1 0.4378125 0.4177777777777778 0.184375 0.28
0 0.2825 0.34444444444444444 0.10125 0.2222222222222222
0 0.6703125 0.6322222222222222 0.155625 0.30444444444444446
4 0.846875 0.45111111111111113 0.1475 0.18888888888888888
2 0.5594444444444444 0.6275 0.2477777777777778 0.15
3 0.23777777777777778 0.1403125 0.25333333333333335 0.128125
2 0.7455555555555555 0.8696875 0.29333333333333333 0.158125
2 0.13125 0.2816666666666667 0.14375 0.2811111111111111
1 0.8534375 0.5038888888888889 0.126875 0.2677777777777778
0 0.5496875 0.7461111111111111 0.144375 0.2633333333333333
4 0.541875 0.505 0.135 0.2677777777777778
1 0.8575 0.6072222222222222 0.14 0.23
4 0.7053125 0.2827777777777778 0.149375 0.3055555555555556
4 0.3453125 0.7566666666666667 0.169375 0.31555555555555553
2 0.5796875 0.5238888888888888 0.125625 0.17666666666666667
