4 0.489375 0.4483333333333333 0.15125 0.23444444444444446
0 0.8709375 0.7266666666666667 0.166875 0.23777777777777778
1 0.2859375 0.5872222222222222 0.118125 0.23666666666666666
4 0.7377777777777778 0.8465625 0.23777777777777778 0.141875
4 0.5061111111111111 0.236875 0.21888888888888888 0.1475
4 0.40166666666666667 0.3878125 0.23222222222222222 0.143125
2 0.3784375 0.5516666666666666 0.143125 0.21666666666666667
0 0.859375 0.7438888888888889 0.14 0.25666666666666665
4 0.130625 0.39666666666666667 0.13 0.2511111111111111
0 0.21555555555555556 0.396875 0.28888888888888886 0.17
4 0.7427777777777778 0.6 0.25 0.09625
0 0.1365625 0.39 0.144375 0.26
3 0.35 0.23333333333333334 0.09625 0.28444444444444444
1 0.8425 0.7372222222222222 0.13125 0.27666666666666667
2 0.20666666666666667 0.3284375 0.20222222222222222 0.115625
1 0.675 0.0859375 0.27444444444444444 0.131875
2 0.2783333333333333 0.5875 0.17444444444444446 0.13125
1 0.5605555555555556 0.85 0.21888888888888888 0.15375
3 0.4672222222222222 0.4796875 0.20555555555555555 0.166875
0 0.833125 0.18055555555555555 0.1175 0.23444444444444446
1 0.4640625 0.7333333333333333 0.108125 0.2111111111111111
4 0.1003125 0.5927777777777777 0.109375 0.21222222222222223
2 0.2921875 0.47055555555555556 0.129375 0.25
