4 0.3321875 0.545 0.124375 0.21
1 0.4440625 0.6433333333333333 0.094375 0.22444444444444445
4 0.8178125 0.45055555555555554 0.083125 0.20333333333333334
4 0.8509375 0.21666666666666667 0.121875 0.2911111111111111
0 0.55875 0.7738888888888888 0.1675 0.3188888888888889
2 0.0715625 0.3972222222222222 0.135625 0.21888888888888888
2 0.3734375 0.615 0.110625 0.21888888888888888
2 0.2509375 0.5688888888888889 0.180625 0.34444444444444444
2 0.3446875 0.5572222222222222 0.120625 0.2411111111111111
4 0.6103125 0.7777777777777778 0.150625 0.29777777777777775
4 0.0953125 0.1527777777777778 0.123125 0.19666666666666666
4 0.850625 0.3838888888888889 0.12875 0.27666666666666667
0 0.0925 0.4255555555555556 0.17625 0.35333333333333333
1 0.61 0.22 0.16375 0.3022222222222222
1 0.73 0.6994444444444444 0.13 0.18777777777777777
2 0.3540625 0.4716666666666667 0.135625 0.2411111111111111
4 0.0996875 0.22444444444444445 0.131875 0.25555555555555554
4 0.41833333333333333 0.5984375 0.2477777777777778 0.139375
4 0.5716666666666667 0.8565625 0.22555555555555556 0.149375
1 0.2727777777777778 0.1034375 0.2833333333333333 0.160625
4 0.7027777777777777 0.33375 0.15888888888888889 0.11625
1 0.14 0.48277777777777775 0.1525 0.26555555555555554
0 0.85 0.33055555555555555 0.14625 0.2411111111111111
2 0.6665625 0.6266666666666667 0.136875 0.2733333333333333
4 0.3128125 0.7555555555555555 0.141875 0.2511111111111111
