0 0.7866666666666666 0.6234375 0.3333333333333333 0.193125
4 0.16277777777777777 0.8459375 0.17888888888888888 0.119375
2 0.301875 0.41 0.16125 0.31555555555555553
4 0.085 0.22166666666666668 0.09625 0.1811111111111111
3 0.469375 0.5027777777777778 0.12625 0.25666666666666665
4 0.830625 0.72 0.11 0.20222222222222222
1 0.68 0.6344444444444445 0.17875 0.27555555555555555
4 0.56 0.2772222222222222 0.1525 0.2611111111111111
4 0.7128125 0.6516666666666666 0.165625 0.31
1 0.235625 0.5788888888888889 0.10875 0.17555555555555555
4 0.090625 0.3527777777777778 0.115 0.2011111111111111
4 0.83125 0.14666666666666667 0.11125 0.26666666666666666
2 0.6878125 0.2411111111111111 0.124375 0.21777777777777776
0 0.5475 0.3427777777777778 0.1525 0.22777777777777777
2 0.8275 0.5266666666666666 0.09375 0.20444444444444446
3 0.3846875 0.7416666666666667 0.135625 0.24333333333333335
3 0.225625 0.45944444444444443 0.12625 0.26555555555555554
0 0.060625 0.5372222222222223 0.12 0.2588888888888889
0 0.8421875 0.14 0.124375 0.21555555555555556
1 0.5025 0.3161111111111111 0.15375 0.2833333333333333
2 0.340625 0.475 0.1875 0.29888888888888887
