4 0.3877777777777778 0.570625 0.23555555555555555 0.1475
0 0.6977777777777778 0.2765625 0.1511111111111111 0.134375
1 0.1111111111111111 0.4059375 0.1511111111111111 0.105625
4 0.5166666666666667 0.150625 0.26 0.17
4 0.2688888888888889 0.8525 0.23333333333333334 0.135
4 0.5965625 0.1461111111111111 0.121875 0.2388888888888889
3 0.7290625 0.6511111111111111 0.138125 0.28888888888888886
3 0.45125 0.7138888888888889 0.07875 0.22111111111111112
2 0.8440625 0.30444444444444446 0.119375 0.1711111111111111
2 0.628125 0.31277777777777777 0.165 0.28555555555555556
3 0.35 0.6272222222222222 0.1 0.21222222222222223
3 0.4984375 0.48 0.150625 0.2688888888888889
4 0.74125 0.41055555555555556 0.145 0.3055555555555556
1 0.3709375 0.6238888888888889 0.113125 0.2477777777777778
0 0.2075 0.7033333333333334 0.09625 0.21333333333333335
4 0.684375 0.16833333333333333 0.145 0.22333333333333333
0 0.3171875 0.7661111111111111 0.124375 0.2811111111111111
3 0.8359375 0.17222222222222222 0.098125 0.20222222222222222
3 0.3303125 0.45944444444444443 0.093125 0.23222222222222222
1 0.2353125 0.6744444444444444 0.154375 0.3
1 0.4915625 0.5761111111111111 0.164375 0.28555555555555556
2 0.6090625 0.7872222222222223 0.148125 0.3433333333333333
4 0.3353125 0.34 0.111875 0.21777777777777776
0 0.0803125 0.1622222222222222 0.110625 0.2288888888888889
