0 0.12875 0.4955555555555556 0.10125 0.22
2 0.7359375 0.7333333333333333 0.175625 0.24666666666666667
1 0.29375 0.29833333333333334 0.14625 0.27444444444444444
2 0.5684375 0.3622222222222222 0.125625 0.17777777777777778
4 0.8659375 0.1811111111111111 0.150625 0.26222222222222225
1 0.289375 0.20666666666666667 0.095 0.19777777777777777
0 0.485625 0.3655555555555556 0.125 0.26222222222222225
4 0.669375 0.7583333333333333 0.13 0.2811111111111111
4 0.8528125 0.6177777777777778 0.133125 0.25555555555555554
1 0.4784375 0.32722222222222225 0.163125 0.23444444444444446
3 0.35125 0.7016666666666667 0.1675 0.3522222222222222
4 0.7184375 0.49944444444444447 0.125625 0.2633333333333333
4 0.7444444444444445 0.85625 0.2866666666666667 0.1625
3 0.44333333333333336 0.33 0.23777777777777778 0.1575
4 0.5788888888888889 0.8334375 0.21555555555555556 0.095625
1 0.28444444444444444 0.1021875 0.21555555555555556 0.158125
2 0.14888888888888888 0.460625 0.23777777777777778 0.1125
4 0.445 0.2815625 0.2411111111111111 0.135625
4 0.3109375 0.7266666666666667 0.121875 0.24444444444444444
4 0.4965625 0.38 0.136875 0.2822222222222222
2 0.6746875 0.6083333333333333 0.136875 0.25222222222222224
0 0.7196875 0.555 0.123125 0.24333333333333335
0 0.8709375 0.665 0.161875 0.27
4 0.6159375 0.46 0.178125 0.24666666666666667
3 0.21625 0.19111111111111112 0.1675 0.2866666666666667
1 0.4521875 0.24 0.113125 0.19333333333333333
