2 0.725 0.1496875 0.23222222222222222 0.151875
0 0.3038888888888889 0.875 0.26555555555555554 0.16625
3 0.4211111111111111 0.1171875 0.21333333333333335 0.078125
4 0.2816666666666667 0.595625 0.31222222222222223 0.18375
0 0.7455555555555555 0.88625 0.29333333333333333 0.19625
2 0.5133333333333333 0.7178125 0.2088888888888889 0.144375
4 0.6333333333333333 0.2921875 0.26 0.144375
0 0.5128125 0.5188888888888888 0.174375 0.29777777777777775
4 0.631875 0.6844444444444444 0.17125 0.31777777777777777
0 0.7328125 0.6827777777777778 0.129375 0.16333333333333333
4 0.8459375 0.5077777777777778 0.109375 0.18444444444444444
4 0.1090625 0.6161111111111112 0.109375 0.21666666666666667
0 0.3790625 0.4666666666666667 0.158125 0.2866666666666667
0 0.60625 0.16333333333333333 0.12125 0.23333333333333334
2 0.17722222222222223 0.865 0.23666666666666666 0.15625
4 0.6133333333333333 0.495 0.29333333333333333 0.17875
2 0.7161111111111111 0.099375 0.22555555555555556 0.14875
0 0.4003125 0.5322222222222223 0.104375 0.2288888888888889
4 0.16 0.6594444444444445 0.1975 0.2833333333333333
0 0.544375 0.3372222222222222 0.10625 0.2388888888888889
1 0.7144444444444444 0.3015625 0.20666666666666667 0.106875
1 0.48833333333333334 0.8803125 0.29 0.180625
2 0.39222222222222225 0.5171875 0.36666666666666664 0.176875
