1 0.7694444444444445 0.1015625 0.2788888888888889 0.135625
1 0.4177777777777778 0.3503125 0.19555555555555557 0.130625
4 0.20833333333333334 0.6025 0.19 0.13125
2 0.6528125 0.4683333333333333 0.134375 0.23222222222222222
0 0.466875 0.5955555555555555 0.15125 0.23333333333333334
3 0.849375 0.33 0.13875 0.2088888888888889
4 0.8546875 0.52 0.130625 0.29555555555555557
4 0.546875 0.3605555555555556 0.14375 0.21666666666666667
1 0.690625 0.26666666666666666 0.1175 0.2688888888888889
3 0.2378125 0.7744444444444445 0.153125 0.3244444444444444
0 0.6846875 0.7855555555555556 0.185625 0.34444444444444444
2 0.4621875 0.295 0.121875 0.22333333333333333
0 0.078125 0.1461111111111111 0.11625 0.21
3 0.1040625 0.5211111111111111 0.105625 0.24888888888888888
0 0.8728125 0.24 0.169375 0.3244444444444444
1 0.3896875 0.39555555555555555 0.088125 0.2111111111111111
0 0.565625 0.29 0.145 0.21333333333333335
4 0.71375 0.7727777777777778 0.1775 0.3011111111111111
4 0.2478125 0.46555555555555556 0.141875 0.3
3 0.0796875 0.21333333333333335 0.104375 0.20444444444444446
1 0.554375 0.6783333333333333 0.1575 0.31666666666666665
4 0.843125 0.4 0.14 0.2688888888888889
4 0.209375 0.2777777777777778 0.155 0.18888888888888888
1 0.325625 0.6544444444444445 0.13125 0.2822222222222222
