4 0.1415625 0.7305555555555555 0.126875 0.21
2 0.859375 0.5361111111111111 0.15125 0.1988888888888889
0 0.615 0.3277777777777778 0.14125 0.23777777777777778
2 0.485625 0.7244444444444444 0.11875 0.25333333333333335
0 0.2459375 0.4022222222222222 0.110625 0.2311111111111111
1 0.37 0.295 0.1225 0.3277777777777778
2 0.8625 0.5872222222222222 0.165 0.29
1 0.4509375 0.30777777777777776 0.118125 0.24222222222222223
0 0.70625 0.5572222222222222 0.11125 0.23666666666666666
4 0.3134375 0.4538888888888889 0.101875 0.19666666666666666
0 0.8496875 0.3883333333333333 0.139375 0.23444444444444446
0 0.6578125 0.5994444444444444 0.143125 0.2788888888888889
2 0.8403125 0.2811111111111111 0.128125 0.22444444444444445
2 0.288125 0.19166666666666668 0.16125 0.33444444444444443
4 0.098125 0.4177777777777778 0.16 0.20666666666666667
1 0.7115625 0.7338888888888889 0.109375 0.22777777777777777
2 0.47375 0.15888888888888889 0.13875 0.28444444444444444
1 0.364375 0.23277777777777778 0.17375 0.23222222222222222
0 0.84375 0.6261111111111111 0.12 0.21444444444444444
4 0.2215625 0.4677777777777778 0.140625 0.3
3 0.7246875 0.31 0.154375 0.3422222222222222
4 0.141875 0.3738888888888889 0.13625 0.27666666666666667
2 0.4584375 0.6883333333333334 0.195625 0.3233333333333333
4 0.2884375 0.7672222222222222 0.143125 0.28555555555555556
4 0.5759375 0.46444444444444444 0.144375 0.2644444444444444
1 0.85 0.5633333333333334 0.1175 0.26666666666666666
4 0.6122222222222222 0.7125 0.22 0.1425
4 0.31222222222222223 0.438125 0.25333333333333335 0.17625
1 0.7411111111111112 0.1525 0.26666666666666666 0.1875
