4 0.7766666666666666 0.3896875 0.3288888888888889 0.183125
1 0.16277777777777777 0.1296875 0.25222222222222224 0.151875
4 0.5294444444444445 0.8471875 0.21888888888888888 0.118125
2 0.6640625 0.3616666666666667 0.121875 0.2588888888888889
4 0.843125 0.6822222222222222 0.115 0.1688888888888889
1 0.29125 0.5927777777777777 0.10625 0.23444444444444446
3 0.7272222222222222 0.85625 0.20777777777777778 0.1525
2 0.3061111111111111 0.3665625 0.3522222222222222 0.195625
1 0.4216666666666667 0.07375 0.2544444444444444 0.12
4 0.108125 0.25666666666666665 0.1725 0.24444444444444444
0 0.591875 0.39555555555555555 0.13625 0.2111111111111111
3 0.82875 0.7316666666666667 0.1075 0.2588888888888889
4 0.3040625 0.235 0.074375 0.23
2 0.4746875 0.4311111111111111 0.159375 0.28444444444444444
4 0.565625 0.6483333333333333 0.085 0.21222222222222223
2 0.854375 0.5922222222222222 0.15 0.2688888888888889
1 0.14222222222222222 0.645 0.20666666666666667 0.125
2 0.45222222222222225 0.28 0.2511111111111111 0.1575
2 0.33666666666666667 0.1025 0.3088888888888889 0.18375
3 0.685 0.8390625 0.1411111111111111 0.130625
4 0.835 0.3433333333333333 0.08625 0.25555555555555554
4 0.613125 0.7244444444444444 0.14 0.23777777777777778
3 0.096875 0.1438888888888889 0.1 0.24555555555555555
