3 0.415625 0.5338888888888889 0.1525 0.32555555555555554
4 0.251875 0.2411111111111111 0.1225 0.23555555555555555
4 0.1125 0.12666666666666668 0.14 0.25333333333333335
1 0.868125 0.7338888888888889 0.165 0.23
1 0.3565625 0.5572222222222222 0.116875 0.23666666666666666
1 0.85625 0.7644444444444445 0.13875 0.28888888888888886
3 0.14 0.3938888888888889 0.17125 0.2722222222222222
0 0.5783333333333334 0.6090625 0.27 0.161875
0 0.7094444444444444 0.84625 0.15888888888888889 0.11125
1 0.4305555555555556 0.10125 0.3477777777777778 0.19375
3 0.3834375 0.4033333333333333 0.086875 0.29777777777777775
0 0.868125 0.7655555555555555 0.15625 0.2911111111111111
1 0.1084375 0.2544444444444444 0.135625 0.24444444444444444
1 0.718125 0.6511111111111111 0.15625 0.30666666666666664
4 0.1415625 0.17277777777777778 0.140625 0.31444444444444447
1 0.8675 0.2877777777777778 0.17375 0.24
4 0.489375 0.7594444444444445 0.15625 0.2677777777777778
2 0.8471875 0.16 0.140625 0.24
1 0.12875 0.4738888888888889 0.165 0.2833333333333333
0 0.3140625 0.33166666666666667 0.170625 0.2922222222222222
1 0.6340625 0.5666666666666667 0.163125 0.30444444444444446
0 0.739375 0.425 0.135 0.22111111111111112
