0 0.145625 0.3138888888888889 0.1425 0.26555555555555554
2 0.6896875 0.19555555555555557 0.169375 0.30666666666666664
4 0.865 0.7472222222222222 0.16625 0.2922222222222222
4 0.4196875 0.47055555555555556 0.158125 0.31
4 0.27625 0.5827777777777777 0.1625 0.3277777777777778
0 0.7025 0.7794444444444445 0.14125 0.30777777777777776
1 0.5459375 0.21 0.119375 0.2
0 0.4255555555555556 0.1375 0.2311111111111111 0.1225
0 0.525 0.5621875 0.2388888888888889 0.124375
4 0.6538888888888889 0.29 0.3055555555555556 0.145
3 0.21 0.8425 0.18 0.12
3 0.091875 0.7161111111111111 0.0975 0.23
1 0.4871875 0.2722222222222222 0.130625 0.1711111111111111
1 0.310625 0.7711111111111111 0.13375 0.28888888888888886
4 0.3611111111111111 0.875625 0.28888888888888886 0.1775
0 0.5511111111111111 0.383125 0.28444444444444444 0.1475
0 0.17444444444444446 0.635625 0.3 0.175
1 0.5853125 0.7183333333333334 0.116875 0.23444444444444446
1 0.060625 0.3572222222222222 0.11 0.25666666666666665
3 0.321875 0.16444444444444445 0.11125 0.24222222222222223
3 0.8328125 0.5216666666666666 0.090625 0.21444444444444444
