2 0.49875 0.49944444444444447 0.14875 0.2922222222222222
1 0.6703125 0.6333333333333333 0.133125 0.29777777777777775
1 0.310625 0.22166666666666668 0.1325 0.2633333333333333
1 0.8453125 0.3611111111111111 0.144375 0.3
1 0.6390625 0.7166666666666667 0.110625 0.22666666666666666
3 0.704375 0.11222222222222222 0.10875 0.21333333333333335
3 0.2203125 0.2877777777777778 0.118125 0.1622222222222222
3 0.0896875 0.6283333333333333 0.100625 0.2388888888888889
4 0.480625 0.775 0.15 0.33
0 0.1315625 0.1361111111111111 0.133125 0.2544444444444444
3 0.8559375 0.5338888888888889 0.128125 0.2544444444444444
1 0.6421875 0.35 0.185625 0.28444444444444444
3 0.3709375 0.6927777777777778 0.128125 0.17222222222222222
0 0.2477777777777778 0.1109375 0.24888888888888888 0.124375
4 0.34944444444444445 0.5453125 0.21444444444444444 0.115625
3 0.6022222222222222 0.420625 0.24444444444444444 0.15875
1 0.45944444444444443 0.851875 0.19666666666666666 0.1425
1 0.8378125 0.21388888888888888 0.106875 0.2611111111111111
4 0.3296875 0.3227777777777778 0.155625 0.22333333333333333
0 0.3840625 0.6972222222222222 0.168125 0.31
4 0.25125 0.505 0.1425 0.25222222222222224
3 0.11 0.2477777777777778 0.09875 0.2288888888888889
3 0.82 0.4088888888888889 0.0825 0.22444444444444445
