1 0.7322222222222222 0.086875 0.24666666666666667 0.13875
0 0.13277777777777777 0.8415625 0.19444444444444445 0.118125
0 0.5971875 0.6244444444444445 0.100625 0.2088888888888889
3 0.2325 0.5444444444444444 0.08375 0.2288888888888889
4 0.7321875 0.45944444444444443 0.133125 0.2388888888888889
1 0.68375 0.5583333333333333 0.11375 0.25222222222222224
3 0.5384375 0.7866666666666666 0.125625 0.31333333333333335
4 0.07 0.6172222222222222 0.09375 0.17222222222222222
1 0.40375 0.37 0.1575 0.27111111111111114
1 0.839375 0.24944444444444444 0.12875 0.2811111111111111
4 0.304375 0.5188888888888888 0.15375 0.3022222222222222
4 0.4884375 0.3738888888888889 0.156875 0.2722222222222222
3 0.1246875 0.7705555555555555 0.159375 0.28555555555555556
0 0.6022222222222222 0.8709375 0.2777777777777778 0.179375
3 0.6877777777777778 0.0559375 0.1688888888888889 0.084375
2 0.25722222222222224 0.6484375 0.14777777777777779 0.118125
0 0.19611111111111112 0.476875 0.3055555555555556 0.15875
1 0.61625 0.2922222222222222 0.17 0.23333333333333334
3 0.83 0.6194444444444445 0.115 0.3433333333333333
3 0.23625 0.22111111111111112 0.13375 0.27111111111111114
0 0.6234375 0.25 0.189375 0.31555555555555553
4 0.2046875 0.6244444444444445 0.134375 0.17555555555555555
