4 0.6483333333333333 0.08125 0.3011111111111111 0.155
3 0.715 0.644375 0.19444444444444445 0.12625
4 0.856875 0.73 0.145 0.23777777777777778
4 0.0875 0.14777777777777779 0.1 0.2733333333333333
3 0.34875 0.4938888888888889 0.125 0.16555555555555557
4 0.101875 0.32222222222222224 0.095 0.18666666666666668
4 0.8490625 0.7772222222222223 0.145625 0.2966666666666667
1 0.605625 0.17333333333333334 0.14 0.2866666666666667
4 0.1903125 0.2477777777777778 0.101875 0.28444444444444444
3 0.45125 0.5833333333333334 0.10625 0.2644444444444444
4 0.351875 0.5066666666666667 0.16625 0.28444444444444444
4 0.7490625 0.42055555555555557 0.184375 0.28555555555555556
1 0.8615625 0.3566666666666667 0.149375 0.33111111111111113
4 0.6628125 0.3322222222222222 0.124375 0.23555555555555555
3 0.8396875 0.44055555555555553 0.121875 0.18555555555555556
1 0.505 0.6283333333333333 0.16375 0.2966666666666667
3 0.29875 0.7183333333333334 0.1075 0.21
1 0.146875 0.22277777777777777 0.15875 0.2811111111111111
3 0.4584375 0.6744444444444444 0.091875 0.15777777777777777
2 0.8459375 0.64 0.123125 0.24444444444444444
1 0.218125 0.3688888888888889 0.1075 0.16444444444444445
4 0.1003125 0.325 0.119375 0.23
2 0.1603125 0.4172222222222222 0.169375 0.31
1 0.61875 0.26055555555555554 0.1575 0.3477777777777778
4 0.839375 0.5705555555555556 0.13375 0.26555555555555554
