3 0.071875 0.5733333333333334 0.095 0.2111111111111111
4 0.658125 0.4288888888888889 0.13125 0.22
1 0.26875 0.6405555555555555 0.1275 0.24555555555555555
4 0.1378125 0.5494444444444444 0.154375 0.2611111111111111
4 0.7025 0.3466666666666667 0.12625 0.2511111111111111
4 0.0803125 0.4677777777777778 0.125625 0.23555555555555555
0 0.4403125 0.1988888888888889 0.089375 0.25555555555555554
4 0.20625 0.2816666666666667 0.12625 0.23666666666666666
0 0.70625 0.7427777777777778 0.1175 0.22777777777777777
2 0.325 0.665 0.11125 0.2588888888888889
1 0.8378125 0.3605555555555556 0.128125 0.20777777777777778
4 0.585 0.5755555555555556 0.1275 0.26666666666666666
0 0.654375 0.2011111111111111 0.10375 0.18222222222222223
4 0.1421875 0.37222222222222223 0.159375 0.27111111111111114
3 0.28875 0.5983333333333334 0.0925 0.21444444444444444
0 0.8503125 0.4855555555555556 0.134375 0.24222222222222223
1 0.136875 0.41388888888888886 0.1475 0.2411111111111111
4 0.61375 0.28 0.15125 0.30444444444444446
1 0.3615625 0.5788888888888889 0.121875 0.24
3 0.45611111111111113 0.7146875 0.30333333333333334 0.164375
4 0.25555555555555554 0.44 0.32666666666666666 0.18375
0 0.6655555555555556 0.1303125 0.29777777777777775 0.131875
0 0.5266666666666666 0.5696875 0.23333333333333334 0.158125
4 0.6434375 0.47333333333333333 0.105625 0.22
4 0.26625 0.2544444444444444 0.13125 0.25333333333333335
1 0.075625 0.7327777777777778 0.13875 0.2677777777777778
1 0.8215625 0.3605555555555556 0.071875 0.23
