2 0.733125 0.3877777777777778 0.135 0.2577777777777778
0 0.855625 0.5927777777777777 0.14125 0.30333333333333334
3 0.608125 0.6922222222222222 0.12375 0.13777777777777778
3 0.4846875 0.6722222222222223 0.115625 0.28
4 0.251875 0.2777777777777778 0.1275 0.22
3 0.1084375 0.36777777777777776 0.139375 0.2288888888888889
2 0.8415625 0.2638888888888889 0.130625 0.2544444444444444
0 0.6333333333333333 0.5728125 0.27111111111111114 0.163125
1 0.22277777777777777 0.1321875 0.23444444444444446 0.171875
3 0.3061111111111111 0.41375 0.20555555555555555 0.1425
3 0.51 0.26375 0.22 0.13875
3 0.4088888888888889 0.86125 0.21555555555555556 0.14625
0 0.2140625 0.2838888888888889 0.163125 0.3277777777777778
0 0.8440625 0.7127777777777777 0.110625 0.2011111111111111
1 0.5978125 0.475 0.143125 0.31666666666666665
2 0.455 0.13444444444444445 0.12 0.22444444444444445
0 0.0665625 0.6438888888888888 0.129375 0.2611111111111111
1 0.3340625 0.37222222222222223 0.140625 0.30666666666666664
0 0.7259375 0.5205555555555555 0.136875 0.21
0 0.1221875 0.30777777777777776 0.161875 0.28444444444444444
3 0.6634375 0.6233333333333333 0.145625 0.30444444444444446
3 0.27875 0.7088888888888889 0.10875 0.1688888888888889
1 0.20333333333333334 0.8353125 0.2 0.119375
4 0.73875 0.6616666666666666 0.15875 0.2922222222222222
2 0.859375 0.2222222222222222 0.15625 0.24888888888888888
