1 0.84875 0.5783333333333334 0.1325 0.28555555555555556
3 0.095625 0.5994444444444444 0.14125 0.2877777777777778
1 0.48 0.32 0.1475 0.3288888888888889
4 0.850625 0.7738888888888888 0.12625 0.33666666666666667
0 0.375625 0.1461111111111111 0.17 0.23666666666666666
4 0.2575 0.6627777777777778 0.18 0.2811111111111111
0 0.081875 0.6966666666666667 0.07375 0.14888888888888888
3 0.7127777777777777 0.0959375 0.19 0.183125
3 0.31555555555555553 0.28875 0.30444444444444446 0.18375
1 0.3409375 0.5494444444444444 0.156875 0.2811111111111111
4 0.1690625 0.5361111111111111 0.179375 0.33666666666666667
4 0.6725 0.7188888888888889 0.12875 0.20444444444444446
4 0.3340625 0.36666666666666664 0.156875 0.24666666666666667
0 0.84875 0.6538888888888889 0.12375 0.28555555555555556
0 0.4165625 0.5794444444444444 0.181875 0.33
0 0.7134375 0.485 0.160625 0.3322222222222222
4 0.2628125 0.2966666666666667 0.181875 0.34
