1 0.3788888888888889 0.3021875 0.2577777777777778 0.166875
4 0.22944444444444445 0.4709375 0.21222222222222223 0.124375
0 0.1475 0.29388888888888887 0.16875 0.31222222222222223
3 0.8465625 0.1438888888888889 0.143125 0.2388888888888889
4 0.4215625 0.3977777777777778 0.148125 0.2911111111111111
0 0.2909375 0.6294444444444445 0.175625 0.33
3 0.4803125 0.3377777777777778 0.174375 0.2688888888888889
4 0.65875 0.4583333333333333 0.15125 0.2477777777777778
0 0.4803125 0.17944444444444443 0.111875 0.24555555555555555
4 0.244375 0.5533333333333333 0.11125 0.23333333333333334
4 0.4 0.3877777777777778 0.18625 0.2822222222222222
1 0.85625 0.7033333333333334 0.15625 0.3422222222222222
3 0.6059375 0.2594444444444444 0.126875 0.21666666666666667
1 0.725625 0.45444444444444443 0.13125 0.22444444444444445
0 0.6316666666666667 0.334375 0.20777777777777778 0.10875
0 0.7722222222222223 0.86 0.28888888888888886 0.13625
2 0.46166666666666667 0.7421875 0.26555555555555554 0.156875
4 0.5216666666666666 0.4728125 0.18777777777777777 0.129375
0 0.37166666666666665 0.2459375 0.28555555555555556 0.188125
1 0.3178125 0.2238888888888889 0.149375 0.3011111111111111
1 0.145 0.6455555555555555 0.1575 0.32222222222222224
2 0.2722222222222222 0.8759375 0.31333333333333335 0.170625
0 0.31722222222222224 0.58875 0.20333333333333334 0.12125
4 0.7372222222222222 0.2121875 0.2388888888888889 0.154375
2 0.175 0.4665625 0.3188888888888889 0.138125
0 0.6333333333333333 0.7340625 0.23333333333333334 0.149375
3 0.415 0.33875 0.19666666666666666 0.145
