0 0.855 0.18833333333333332 0.1525 0.31666666666666665
0 0.6003125 0.7188888888888889 0.115625 0.2311111111111111
1 0.3915625 0.3522222222222222 0.170625 0.26222222222222225
4 0.5477777777777778 0.61625 0.24888888888888888 0.15
0 0.4494444444444444 0.350625 0.22555555555555556 0.1075
2 0.2777777777777778 0.146875 0.22666666666666666 0.18875
1 0.18888888888888888 0.7375 0.22 0.1475
3 0.0596875 0.705 0.091875 0.16555555555555557
4 0.2415625 0.6272222222222222 0.149375 0.22777777777777777
1 0.8246875 0.1827777777777778 0.089375 0.21
1 0.5503125 0.4033333333333333 0.154375 0.21555555555555556
3 0.2303125 0.5811111111111111 0.150625 0.32222222222222224
4 0.0921875 0.6561111111111111 0.126875 0.2722222222222222
3 0.466875 0.16111111111111112 0.11875 0.2822222222222222
4 0.868125 0.4666666666666667 0.1625 0.29333333333333333
4 0.361875 0.2594444444444444 0.16125 0.2788888888888889
4 0.6040625 0.3844444444444444 0.140625 0.3288888888888889
0 0.0878125 0.2388888888888889 0.124375 0.2311111111111111
2 0.849375 0.3711111111111111 0.13625 0.29777777777777775
0 0.4696875 0.455 0.133125 0.2677777777777778
4 0.35875 0.6438888888888888 0.1625 0.25222222222222224
4 0.5996875 0.5505555555555556 0.140625 0.2633333333333333
1 0.6925 0.235 0.11125 0.20555555555555555
4 0.5628125 0.6727777777777778 0.158125 0.32555555555555554
1 0.2446875 0.5377777777777778 0.118125 0.23333333333333334
2 0.1515625 0.63 0.170625 0.24
3 0.618125 0.4677777777777778 0.145 0.27111111111111114
0 0.5 0.7422222222222222 0.14875 0.2866666666666667
1 0.7365625 0.22611111111111112 0.141875 0.3211111111111111
