0 0.8575 0.19111111111111112 0.14375 0.26
4 0.3746875 0.555 0.143125 0.2477777777777778
1 0.62 0.7755555555555556 0.15125 0.31777777777777777
4 0.135625 0.365 0.1475 0.2388888888888889
3 0.57 0.5361111111111111 0.08125 0.21222222222222223
0 0.8684375 0.76 0.174375 0.3288888888888889
4 0.074375 0.33666666666666667 0.1375 0.3111111111111111
0 0.25625 0.4588888888888889 0.115 0.2644444444444444
2 0.8615625 0.7538888888888889 0.163125 0.27
2 0.460625 0.225 0.09375 0.18777777777777777
1 0.598125 0.41444444444444445 0.12875 0.24222222222222223
4 0.245 0.3411111111111111 0.1425 0.2577777777777778
2 0.185 0.0865625 0.33444444444444443 0.154375
1 0.595625 0.5177777777777778 0.12375 0.21555555555555556
0 0.2259375 0.12833333333333333 0.120625 0.2477777777777778
3 0.1065625 0.37166666666666665 0.114375 0.2011111111111111
2 0.85125 0.7161111111111111 0.155 0.21666666666666667
