1 0.4940625 0.5711111111111111 0.148125 0.22444444444444445
4 0.88375 0.3111111111111111 0.20125 0.2866666666666667
1 0.23 0.844375 0.22 0.105
1 0.8584375 0.6033333333333334 0.143125 0.26666666666666666
1 0.6725 0.7588888888888888 0.15125 0.29333333333333333
2 0.1121875 0.34944444444444445 0.170625 0.3277777777777778
4 0.4740625 0.13777777777777778 0.134375 0.18666666666666668
1 0.6678125 0.47 0.136875 0.24666666666666667
4 0.8515625 0.6411111111111111 0.151875 0.3288888888888889
1 0.8315625 0.3088888888888889 0.093125 0.21777777777777776
0 0.124375 0.48 0.1525 0.2866666666666667
4 0.7483333333333333 0.379375 0.2722222222222222 0.16375
3 0.270625 0.31166666666666665 0.1 0.25666666666666665
4 0.868125 0.41944444444444445 0.16375 0.2544444444444444
