3 0.6165625 0.755 0.149375 0.3188888888888889
2 0.133125 0.19944444444444445 0.12625 0.22333333333333333
4 0.5283333333333333 0.83375 0.18777777777777777 0.1225
0 0.28944444444444445 0.7153125 0.29 0.129375
4 0.16777777777777778 0.346875 0.24 0.12
1 0.43944444444444447 0.6025 0.20333333333333334 0.14625
4 0.8321875 0.40944444444444444 0.095625 0.20555555555555555
3 0.655625 0.7027777777777777 0.09875 0.19666666666666666
0 0.1378125 0.14333333333333334 0.129375 0.26666666666666666
4 0.4483333333333333 0.7159375 0.1811111111111111 0.116875
1 0.4 0.49875 0.24666666666666667 0.1525
1 0.5494444444444444 0.2359375 0.21888888888888888 0.096875
4 0.635 0.3690625 0.22777777777777777 0.128125
1 0.29055555555555557 0.1278125 0.1922222222222222 0.115625
1 0.5609375 0.16444444444444445 0.179375 0.3244444444444444
4 0.865 0.7361111111111112 0.15875 0.23222222222222222
4 0.206875 0.22944444444444445 0.1 0.20777777777777778
3 0.68125 0.5266666666666666 0.10625 0.3088888888888889
4 0.455 0.6184375 0.30333333333333334 0.171875
4 0.745625 0.6477777777777778 0.15 0.26666666666666666
3 0.1378125 0.48444444444444446 0.129375 0.28
4 0.373125 0.5461111111111111 0.1225 0.23222222222222222
