0 0.6021875 0.6311111111111111 0.130625 0.2222222222222222
0 0.1121875 0.5266666666666666 0.160625 0.32666666666666666
4 0.2228125 0.7361111111111112 0.129375 0.27444444444444444
0 0.715625 0.4033333333333333 0.105 0.23777777777777778
3 0.4465625 0.3088888888888889 0.071875 0.20666666666666667
1 0.0959375 0.37277777777777776 0.156875 0.2588888888888889
0 0.8646875 0.6322222222222222 0.165625 0.3022222222222222
3 0.285625 0.5016666666666667 0.155 0.2788888888888889
2 0.653125 0.2861111111111111 0.125 0.3211111111111111
1 0.4640625 0.7272222222222222 0.129375 0.2544444444444444
4 0.1322222222222222 0.870625 0.24 0.1575
4 0.6127777777777778 0.366875 0.2011111111111111 0.11375
4 0.5072222222222222 0.4959375 0.19 0.130625
2 0.25222222222222224 0.75375 0.28 0.165
1 0.7533333333333333 0.62625 0.28 0.15125
4 0.8575 0.5077777777777778 0.1425 0.29777777777777775
0 0.26125 0.5783333333333334 0.12 0.2011111111111111
1 0.454375 0.2288888888888889 0.11625 0.21333333333333335
3 0.64 0.36833333333333335 0.0975 0.25666666666666665
2 0.378125 0.5716666666666667 0.17875 0.3211111111111111
4 0.7471875 0.3655555555555556 0.166875 0.30666666666666664
3 0.204375 0.4161111111111111 0.08125 0.20777777777777778
4 0.600625 0.1361111111111111 0.12375 0.24555555555555555
0 0.485 0.6372222222222222 0.1425 0.25222222222222224
1 0.105625 0.7361111111111112 0.1325 0.25
4 0.5878125 0.40555555555555556 0.111875 0.24666666666666667
0 0.860625 0.7388888888888889 0.14 0.23333333333333334
1 0.5411111111111111 0.8578125 0.22 0.159375
4 0.33111111111111113 0.0909375 0.15555555555555556 0.109375
3 0.17333333333333334 0.359375 0.19555555555555557 0.1525
