0 0.488125 0.6072222222222222 0.1225 0.21
1 0.6153125 0.5327777777777778 0.139375 0.2611111111111111
4 0.7175 0.40555555555555556 0.10625 0.20666666666666667
3 0.38375 0.31055555555555553 0.15125 0.21666666666666667
2 0.7361111111111112 0.34 0.23222222222222222 0.14
4 0.215 0.075 0.19444444444444445 0.12875
0 0.4255555555555556 0.6090625 0.2822222222222222 0.159375
0 0.5511111111111111 0.85 0.19777777777777777 0.12125
3 0.4288888888888889 0.4046875 0.27111111111111114 0.145625
0 0.3005555555555556 0.25125 0.22111111111111112 0.1425
0 0.7283333333333334 0.713125 0.25 0.155
3 0.5 0.56 0.20666666666666667 0.1525
0 0.56 0.31444444444444447 0.17625 0.3333333333333333
3 0.07875 0.4866666666666667 0.125 0.2222222222222222
4 0.7075 0.17555555555555555 0.1675 0.2822222222222222
4 0.39125 0.6138888888888889 0.1425 0.25
3 0.25625 0.7116666666666667 0.0825 0.2011111111111111
2 0.479375 0.4444444444444444 0.12625 0.22
0 0.8540625 0.6172222222222222 0.126875 0.20333333333333334
0 0.1184375 0.2061111111111111 0.151875 0.28555555555555556
2 0.6146875 0.5622222222222222 0.146875 0.2733333333333333
0 0.29875 0.7327777777777778 0.1275 0.20777777777777778
