4 0.13277777777777777 0.355 0.1922222222222222 0.11875
2 0.6 0.8365625 0.17333333333333334 0.111875
1 0.7194444444444444 0.6121875 0.22111111111111112 0.148125
3 0.5834375 0.5611111111111111 0.106875 0.24888888888888888
4 0.8396875 0.18333333333333332 0.108125 0.25555555555555554
4 0.226875 0.40555555555555556 0.16 0.32
1 0.110625 0.7722222222222223 0.1825 0.28888888888888886
2 0.474375 0.4672222222222222 0.14375 0.25222222222222224
4 0.13375 0.58 0.1425 0.20444444444444446
3 0.6640625 0.7161111111111111 0.128125 0.1922222222222222
4 0.2990625 0.16333333333333333 0.115625 0.21777777777777776
1 0.840625 0.34 0.1225 0.28888888888888886
4 0.5022222222222222 0.25875 0.2288888888888889 0.14625
2 0.6633333333333333 0.4196875 0.31555555555555553 0.166875
0 0.3927777777777778 0.705625 0.24555555555555555 0.1375
0 0.7444444444444445 0.555 0.24222222222222223 0.1375
4 0.3005555555555556 0.1090625 0.2966666666666667 0.146875
4 0.21388888888888888 0.68125 0.23 0.155
3 0.49833333333333335 0.1396875 0.29 0.159375
4 0.35944444444444446 0.8646875 0.2677777777777778 0.159375
4 0.8503125 0.2311111111111111 0.128125 0.22
2 0.4859375 0.39555555555555555 0.155625 0.3
1 0.0859375 0.5038888888888889 0.110625 0.26555555555555554
0 0.648125 0.7272222222222222 0.1025 0.21222222222222223
