3 0.385 0.12222222222222222 0.09375 0.19777777777777777
1 0.6946875 0.42055555555555557 0.133125 0.31
0 0.6127777777777778 0.319375 0.29444444444444445 0.1875
4 0.445 0.67625 0.2677777777777778 0.14625
2 0.2594444444444444 0.464375 0.20555555555555555 0.1
3 0.07 0.10625 0.13333333333333333 0.1375
0 0.3821875 0.755 0.138125 0.29888888888888887
0 0.1646875 0.3827777777777778 0.170625 0.31666666666666665
4 0.5894444444444444 0.3940625 0.34555555555555556 0.186875
3 0.7727777777777778 0.841875 0.3233333333333333 0.1225
3 0.1461111111111111 0.1340625 0.23666666666666666 0.146875
2 0.5344444444444445 0.406875 0.23777777777777778 0.135
3 0.33555555555555555 0.1471875 0.2111111111111111 0.156875
4 0.48 0.318125 0.24 0.1425
1 0.21777777777777776 0.50875 0.23333333333333334 0.1675
1 0.5884375 0.4438888888888889 0.134375 0.2588888888888889
3 0.7115625 0.12166666666666667 0.126875 0.23222222222222222
4 0.4721875 0.5366666666666666 0.155625 0.24
4 0.8290625 0.64 0.106875 0.24
1 0.3575 0.29 0.18125 0.36444444444444446
