4 0.114375 0.2561111111111111 0.16 0.26555555555555554
4 0.565 0.11055555555555556 0.155 0.21888888888888888
1 0.2409375 0.7455555555555555 0.111875 0.26
1 0.4128125 0.39055555555555554 0.153125 0.2877777777777778
2 0.3788888888888889 0.351875 0.2822222222222222 0.16875
0 0.18555555555555556 0.089375 0.2511111111111111 0.155
3 0.5283333333333333 0.575 0.22333333333333333 0.10375
4 0.3840625 0.43166666666666664 0.166875 0.3655555555555556
0 0.128125 0.7505555555555555 0.13125 0.2633333333333333
4 0.83 0.5461111111111111 0.10375 0.22555555555555556
1 0.2565625 0.6355555555555555 0.133125 0.25333333333333335
3 0.544375 0.29333333333333333 0.11 0.2088888888888889
0 0.4184375 0.44722222222222224 0.158125 0.30333333333333334
3 0.6915625 0.20166666666666666 0.105625 0.23666666666666666
2 0.825625 0.5088888888888888 0.09625 0.20666666666666667
0 0.3575 0.1238888888888889 0.12375 0.23
2 0.1253125 0.3488888888888889 0.140625 0.28444444444444444
3 0.596875 0.7361111111111112 0.12125 0.2633333333333333
1 0.841875 0.555 0.11375 0.25666666666666665
4 0.11125 0.3888888888888889 0.1375 0.26222222222222225
1 0.7571875 0.14444444444444443 0.175625 0.28
1 0.856875 0.6372222222222222 0.13 0.23222222222222222
4 0.2309375 0.41888888888888887 0.101875 0.2088888888888889
