1 0.17333333333333334 0.711875 0.2288888888888889 0.155
4 0.6422222222222222 0.269375 0.29555555555555557 0.16875
1 0.3466666666666667 0.2865625 0.26 0.148125
3 0.0928125 0.19777777777777777 0.065625 0.22
3 0.4984375 0.4961111111111111 0.146875 0.29888888888888887
1 0.1171875 0.34444444444444444 0.103125 0.22666666666666666
3 0.8271875 0.18222222222222223 0.094375 0.27111111111111114
4 0.595625 0.7061111111111111 0.1075 0.21222222222222223
1 0.2872222222222222 0.379375 0.16111111111111112 0.145
0 0.5866666666666667 0.6284375 0.2688888888888889 0.174375
3 0.6738888888888889 0.861875 0.2811111111111111 0.17125
4 0.18333333333333332 0.8559375 0.29333333333333333 0.138125
1 0.23166666666666666 0.5325 0.16111111111111112 0.1125
0 0.3433333333333333 0.565 0.2866666666666667 0.17375
4 0.6072222222222222 0.065625 0.18333333333333332 0.08125
