4 0.124375 0.5061111111111111 0.10375 0.19444444444444445
4 0.85625 0.44277777777777777 0.14 0.26555555555555554
4 0.598125 0.15888888888888889 0.1275 0.1711111111111111
3 0.344375 0.5411111111111111 0.09625 0.2288888888888889
4 0.1353125 0.3838888888888889 0.154375 0.2677777777777778
0 0.4659375 0.7194444444444444 0.131875 0.22111111111111112
4 0.845625 0.4816666666666667 0.1425 0.29
1 0.2678125 0.5894444444444444 0.110625 0.23444444444444446
4 0.1059375 0.5416666666666666 0.136875 0.2411111111111111
0 0.845 0.3388888888888889 0.1225 0.24888888888888888
2 0.1275 0.18166666666666667 0.16 0.30777777777777776
0 0.6125 0.3194444444444444 0.1525 0.2011111111111111
1 0.3565625 0.5555555555555556 0.129375 0.2911111111111111
0 0.6165625 0.7833333333333333 0.154375 0.3111111111111111
0 0.8515625 0.6138888888888889 0.154375 0.31666666666666665
3 0.1303125 0.42 0.119375 0.2733333333333333
4 0.36125 0.45166666666666666 0.1325 0.22333333333333333
4 0.86625 0.6477777777777778 0.1525 0.23555555555555555
4 0.220625 0.5766666666666667 0.09875 0.2822222222222222
0 0.71375 0.25555555555555554 0.095 0.2111111111111111
3 0.5915625 0.7511111111111111 0.098125 0.2511111111111111
