3 0.6188888888888889 0.2796875 0.2777777777777778 0.155625
1 0.2038888888888889 0.46375 0.30777777777777776 0.1375
2 0.485625 0.46111111111111114 0.11625 0.23333333333333334
4 0.139375 0.17722222222222223 0.12 0.23
3 0.3275 0.6105555555555555 0.14875 0.25
0 0.8540625 0.3416666666666667 0.156875 0.27666666666666667
4 0.8703125 0.7161111111111111 0.169375 0.2388888888888889
0 0.5634375 0.3244444444444444 0.145625 0.22
2 0.095 0.24 0.09125 0.24222222222222223
1 0.6203125 0.5244444444444445 0.159375 0.3333333333333333
0 0.3784375 0.4361111111111111 0.174375 0.3233333333333333
3 0.240625 0.3233333333333333 0.1475 0.2644444444444444
2 0.1040625 0.2127777777777778 0.123125 0.21
1 0.6484375 0.5855555555555556 0.095625 0.2111111111111111
3 0.849375 0.7833333333333333 0.1425 0.3511111111111111
4 0.3109375 0.47944444444444445 0.129375 0.2544444444444444
4 0.495 0.3416666666666667 0.1425 0.23444444444444446
4 0.695 0.334375 0.15 0.11125
4 0.38166666666666665 0.09375 0.23 0.13
3 0.5925 0.695 0.13 0.17
0 0.864375 0.5633333333333334 0.15375 0.26
3 0.335625 0.16555555555555557 0.13625 0.1711111111111111
