3 0.22 0.56125 0.1688888888888889 0.17625
4 0.535 0.2228125 0.2388888888888889 0.126875
3 0.32666666666666666 0.0615625 0.19555555555555557 0.118125
4 0.41 0.1209375 0.3377777777777778 0.195625
0 0.2 0.3653125 0.29333333333333333 0.174375
1 0.5527777777777778 0.595 0.24555555555555555 0.12375
1 0.3327777777777778 0.36125 0.18777777777777777 0.125
2 0.7188888888888889 0.8371875 0.2288888888888889 0.126875
0 0.083125 0.44555555555555554 0.12625 0.2688888888888889
3 0.8496875 0.7588888888888888 0.149375 0.29777777777777775
4 0.458125 0.1288888888888889 0.12125 0.2311111111111111
2 0.285625 0.29555555555555557 0.15375 0.26666666666666666
3 0.8371875 0.39555555555555555 0.100625 0.33111111111111113
3 0.24875 0.7316666666666667 0.18 0.22333333333333333
2 0.723125 0.435 0.12375 0.21444444444444444
4 0.6159375 0.5611111111111111 0.160625 0.2733333333333333
1 0.19277777777777777 0.0834375 0.27444444444444444 0.156875
4 0.3688888888888889 0.34625 0.24444444444444444 0.16125
3 0.0971875 0.69 0.124375 0.1622222222222222
3 0.46625 0.4938888888888889 0.115 0.29444444444444445
0 0.8525 0.225 0.14 0.2788888888888889
3 0.290625 0.33611111111111114 0.1375 0.2411111111111111
