0 0.6294444444444445 0.539375 0.24333333333333335 0.1375
2 0.2338888888888889 0.69 0.20777777777777778 0.125
0 0.3661111111111111 0.08875 0.2833333333333333 0.175
1 0.7816666666666666 0.28 0.34555555555555556 0.14375
1 0.3416666666666667 0.4121875 0.1922222222222222 0.124375
4 0.7053125 0.775 0.158125 0.32555555555555554
2 0.2309375 0.15722222222222224 0.144375 0.22111111111111112
4 0.085625 0.4272222222222222 0.165 0.31
4 0.535625 0.6083333333333333 0.13 0.21888888888888888
1 0.845 0.5205555555555555 0.125 0.27
0 0.37625 0.27055555555555555 0.12375 0.22333333333333333
1 0.29875 0.3433333333333333 0.1475 0.3422222222222222
3 0.461875 0.5894444444444444 0.1025 0.23222222222222222
1 0.8403125 0.14833333333333334 0.115625 0.25222222222222224
0 0.7288888888888889 0.700625 0.23555555555555555 0.1375
3 0.22277777777777777 0.8559375 0.18333333333333332 0.131875
1 0.4766666666666667 0.381875 0.2111111111111111 0.13125
2 0.2421875 0.77 0.135625 0.28444444444444444
2 0.701875 0.3888888888888889 0.14125 0.24222222222222223
4 0.10875 0.31333333333333335 0.1725 0.33111111111111113
0 0.3803125 0.6127777777777778 0.106875 0.21
4 0.139375 0.3761111111111111 0.1225 0.17666666666666667
