1 0.6877777777777778 0.7153125 0.18 0.126875
0 0.49444444444444446 0.1103125 0.28444444444444444 0.156875
3 0.22722222222222221 0.1978125 0.2411111111111111 0.084375
0 0.585 0.49125 0.30333333333333334 0.175
1 0.12 0.73 0.1275 0.20666666666666667
1 0.3228125 0.515 0.170625 0.30333333333333334
0 0.675625 0.3888888888888889 0.14875 0.31333333333333335
4 0.3190625 0.6172222222222222 0.141875 0.25222222222222224
1 0.8328125 0.48 0.118125 0.25555555555555554
4 0.6878125 0.8033333333333333 0.179375 0.3466666666666667
3 0.4940625 0.18555555555555556 0.141875 0.22
0 0.5983333333333334 0.6446875 0.2922222222222222 0.190625
0 0.45611111111111113 0.8515625 0.24333333333333335 0.129375
1 0.7105555555555556 0.6621875 0.21 0.143125
3 0.31055555555555553 0.0753125 0.22333333333333333 0.146875
0 0.4494444444444444 0.87 0.30777777777777776 0.16125
3 0.5816666666666667 0.62625 0.25222222222222224 0.1675
2 0.25555555555555554 0.1265625 0.24 0.153125
4 0.160625 0.33611111111111114 0.1775 0.29
0 0.6871875 0.21666666666666667 0.175625 0.32
