3 0.25555555555555554 0.4675 0.23777777777777778 0.14375
3 0.5627777777777778 0.8146875 0.21444444444444444 0.066875
4 0.7422222222222222 0.2271875 0.25333333333333335 0.176875
4 0.3194444444444444 0.5725 0.20777777777777778 0.09625
4 0.3153125 0.13555555555555557 0.141875 0.24
3 0.833125 0.5994444444444444 0.12 0.2611111111111111
4 0.395625 0.6011111111111112 0.11875 0.19333333333333333
0 0.5821875 0.15444444444444444 0.189375 0.29777777777777775
4 0.0778125 0.23222222222222222 0.089375 0.20444444444444446
3 0.22 0.3672222222222222 0.07125 0.22555555555555556
1 0.8609375 0.39611111111111114 0.174375 0.3055555555555556
4 0.584375 0.19111111111111112 0.09125 0.24888888888888888
1 0.355625 0.515 0.1025 0.18777777777777777
0 0.1621875 0.7777777777777778 0.184375 0.35777777777777775
4 0.595 0.3422222222222222 0.135 0.2111111111111111
0 0.8625 0.7733333333333333 0.16375 0.32222222222222224
0 0.099375 0.5733333333333334 0.155 0.29777777777777775
0 0.693125 0.3655555555555556 0.10125 0.20444444444444446
1 0.42 0.13555555555555557 0.12375 0.23333333333333334
4 0.8709375 0.6638888888888889 0.171875 0.31222222222222223
1 0.5640625 0.23944444444444443 0.128125 0.19666666666666666
