4 0.49166666666666664 0.3884375 0.16555555555555557 0.121875
0 0.27944444444444444 0.1103125 0.3188888888888889 0.165625
2 0.625 0.548125 0.2388888888888889 0.14
3 0.31055555555555553 0.8465625 0.19 0.135625
1 0.0878125 0.2038888888888889 0.115625 0.22111111111111112
1 0.3178125 0.7116666666666667 0.070625 0.2011111111111111
4 0.2015625 0.35888888888888887 0.090625 0.18666666666666668
4 0.86 0.6544444444444445 0.145 0.26
2 0.6146875 0.3877777777777778 0.143125 0.3022222222222222
0 0.864375 0.22111111111111112 0.16625 0.33111111111111113
4 0.1396875 0.7527777777777778 0.144375 0.30333333333333334
1 0.2584375 0.6483333333333333 0.150625 0.2811111111111111
0 0.5375 0.5177777777777778 0.10625 0.22444444444444445
1 0.3884375 0.3111111111111111 0.109375 0.21777777777777776
2 0.0928125 0.7122222222222222 0.119375 0.20444444444444446
0 0.6934375 0.4083333333333333 0.116875 0.20777777777777778
4 0.8315625 0.7222222222222222 0.109375 0.22666666666666666
0 0.261875 0.2061111111111111 0.12125 0.23
0 0.6565625 0.47888888888888886 0.143125 0.2577777777777778
0 0.71875 0.3472222222222222 0.12 0.2477777777777778
0 0.8375 0.43666666666666665 0.12125 0.2311111111111111
4 0.6411111111111111 0.2440625 0.22 0.148125
1 0.3827777777777778 0.3678125 0.20333333333333334 0.151875
