3 0.5825 0.22944444444444445 0.16875 0.3277777777777778
4 0.730625 0.6455555555555555 0.17875 0.27555555555555555
4 0.2984375 0.7633333333333333 0.173125 0.28888888888888886
3 0.6809375 0.2911111111111111 0.098125 0.21555555555555556
2 0.2740625 0.22444444444444445 0.165625 0.3
3 0.103125 0.3844444444444444 0.11625 0.18444444444444444
4 0.11875 0.7622222222222222 0.1625 0.30444444444444446
0 0.5978125 0.3511111111111111 0.140625 0.2688888888888889
1 0.3690625 0.17055555555555554 0.173125 0.29888888888888887
0 0.845 0.5733333333333334 0.14375 0.32
0 0.621875 0.5738888888888889 0.17125 0.2922222222222222
0 0.86 0.1622222222222222 0.165 0.25333333333333335
4 0.105625 0.3572222222222222 0.10125 0.25222222222222224
1 0.8765625 0.75 0.178125 0.3
4 0.7165625 0.6655555555555556 0.154375 0.32666666666666666
0 0.130625 0.5633333333333334 0.1625 0.31777777777777777
1 0.709375 0.22277777777777777 0.155 0.3011111111111111
0 0.24875 0.6194444444444445 0.08875 0.23444444444444446
4 0.1459375 0.7661111111111111 0.168125 0.31222222222222223
0 0.854375 0.5644444444444444 0.15875 0.34
4 0.4203125 0.3022222222222222 0.146875 0.24666666666666667
3 0.47444444444444445 0.5221875 0.16444444444444445 0.106875
3 0.6188888888888889 0.3821875 0.22444444444444445 0.136875
3 0.16555555555555557 0.678125 0.2311111111111111 0.10875
3 0.7105555555555556 0.06125 0.17888888888888888 0.115
