4 0.8503125 0.20277777777777778 0.118125 0.24555555555555555
3 0.6390625 0.575 0.076875 0.19666666666666666
0 0.296875 0.7455555555555555 0.155 0.2733333333333333
4 0.09875 0.3388888888888889 0.13875 0.25333333333333335
3 0.59125 0.27 0.12375 0.2688888888888889
4 0.823125 0.5522222222222222 0.0775 0.2088888888888889
3 0.5590625 0.6222222222222222 0.123125 0.22444444444444445
1 0.7196875 0.7794444444444445 0.154375 0.3211111111111111
3 0.263125 0.49666666666666665 0.11 0.18888888888888888
4 0.8578125 0.3438888888888889 0.140625 0.31444444444444447
0 0.1146875 0.18833333333333332 0.101875 0.21888888888888888
0 0.7096875 0.28444444444444444 0.145625 0.3111111111111111
3 0.5484375 0.5355555555555556 0.128125 0.2511111111111111
0 0.85125 0.32166666666666666 0.1225 0.1988888888888889
4 0.535 0.86625 0.31444444444444447 0.17
4 0.26166666666666666 0.27 0.2611111111111111 0.1625
4 0.7522222222222222 0.415 0.25333333333333335 0.15625
1 0.6696875 0.7216666666666667 0.136875 0.25222222222222224
0 0.858125 0.2833333333333333 0.13625 0.2688888888888889
2 0.481875 0.12444444444444444 0.13875 0.24666666666666667
0 0.11375 0.4577777777777778 0.15625 0.32
0 0.3078125 0.5933333333333334 0.168125 0.29333333333333333
3 0.26611111111111113 0.6621875 0.20777777777777778 0.141875
1 0.715 0.8565625 0.19666666666666666 0.145625
