1 0.3471875 0.29444444444444445 0.141875 0.31555555555555553
4 0.838125 0.6133333333333333 0.09375 0.20666666666666667
3 0.5846875 0.35 0.101875 0.24
4 0.08625 0.4761111111111111 0.135 0.3055555555555556
3 0.0665625 0.34055555555555556 0.106875 0.23666666666666666
4 0.4628125 0.5327777777777778 0.124375 0.23222222222222222
4 0.7190625 0.2477777777777778 0.120625 0.24666666666666667
1 0.2178125 0.7333333333333333 0.095625 0.22666666666666666
1 0.1059375 0.3611111111111111 0.118125 0.2822222222222222
4 0.616875 0.27055555555555555 0.155 0.2611111111111111
0 0.7596875 0.7094444444444444 0.194375 0.3388888888888889
4 0.3478125 0.5066666666666667 0.109375 0.25333333333333335
2 0.846875 0.41333333333333333 0.1225 0.22666666666666666
1 0.4975 0.63 0.1625 0.34
0 0.73625 0.49444444444444446 0.15125 0.2911111111111111
3 0.3665625 0.26166666666666666 0.120625 0.17222222222222222
0 0.274375 0.41833333333333333 0.1725 0.31222222222222223
4 0.6009375 0.7044444444444444 0.116875 0.18888888888888888
2 0.8403125 0.4216666666666667 0.114375 0.22333333333333333
3 0.0615625 0.12444444444444444 0.104375 0.24
4 0.2959375 0.28944444444444445 0.186875 0.26555555555555554
0 0.6572222222222223 0.7215625 0.2388888888888889 0.141875
3 0.74 0.3303125 0.23333333333333334 0.101875
1 0.2761111111111111 0.5034375 0.3277777777777778 0.200625
4 0.3438888888888889 0.6046875 0.29444444444444445 0.155625
4 0.48944444444444446 0.8371875 0.24333333333333335 0.125625
4 0.5622222222222222 0.2190625 0.22 0.126875
3 0.4175 0.5855555555555556 0.15 0.18888888888888888
