0 0.0821875 0.45944444444444443 0.154375 0.3011111111111111
4 0.26 0.10111111111111111 0.1175 0.2
0 0.5227777777777778 0.0728125 0.22333333333333333 0.104375
3 0.2038888888888889 0.7209375 0.16555555555555557 0.123125
0 0.73 0.3540625 0.2511111111111111 0.155625
4 0.216875 0.5111111111111111 0.145 0.3377777777777778
4 0.4609375 0.7072222222222222 0.120625 0.22111111111111112
4 0.355625 0.23722222222222222 0.16625 0.29888888888888887
0 0.719375 0.5211111111111111 0.125 0.18888888888888888
0 0.108125 0.6444444444444445 0.18375 0.26666666666666666
2 0.13277777777777777 0.1296875 0.20555555555555555 0.131875
1 0.7488888888888889 0.688125 0.2777777777777778 0.16875
2 0.31333333333333335 0.300625 0.25333333333333335 0.145
3 0.1811111111111111 0.125 0.26666666666666666 0.1675
1 0.0884375 0.7777777777777778 0.171875 0.32222222222222224
4 0.31875 0.41444444444444445 0.1125 0.2733333333333333
4 0.5703125 0.22777777777777777 0.094375 0.23777777777777778
3 0.0984375 0.7711111111111111 0.130625 0.29333333333333333
0 0.3653125 0.1988888888888889 0.159375 0.3088888888888889
4 0.60375 0.3794444444444444 0.13125 0.2833333333333333
