3 0.0971875 0.40055555555555555 0.084375 0.29
4 0.586875 0.3327777777777778 0.0875 0.20777777777777778
2 0.7409375 0.6661111111111111 0.150625 0.31222222222222223
1 0.253125 0.25833333333333336 0.15625 0.24555555555555555
1 0.130625 0.7433333333333333 0.15625 0.2777777777777778
2 0.369375 0.4588888888888889 0.14375 0.27111111111111114
1 0.065 0.14 0.125 0.18222222222222223
3 0.2165625 0.6294444444444445 0.116875 0.25222222222222224
4 0.703125 0.5216666666666666 0.15375 0.2633333333333333
0 0.6146875 0.5738888888888889 0.155625 0.31666666666666665
4 0.478125 0.45555555555555555 0.12875 0.26666666666666666
1 0.07875 0.5927777777777777 0.07125 0.16777777777777778
3 0.7353125 0.3461111111111111 0.149375 0.23444444444444446
4 0.824375 0.23277777777777778 0.08 0.19444444444444445
4 0.384375 0.5972222222222222 0.1825 0.32555555555555554
0 0.8553125 0.77 0.148125 0.2822222222222222
4 0.6128125 0.34444444444444444 0.151875 0.24888888888888888
3 0.098125 0.5405555555555556 0.1 0.23222222222222222
3 0.5194444444444445 0.6896875 0.19 0.124375
4 0.7172222222222222 0.2153125 0.18555555555555556 0.101875
1 0.45444444444444443 0.3953125 0.2577777777777778 0.153125
