1 0.0825 0.30666666666666664 0.1175 0.22
4 0.5434375 0.61 0.094375 0.2
3 0.15125 0.22055555555555556 0.15375 0.29888888888888887
2 0.72 0.35388888888888886 0.12375 0.21666666666666667
0 0.1128125 0.6055555555555555 0.109375 0.17777777777777778
2 0.2471875 0.19555555555555557 0.138125 0.26222222222222225
0 0.8565625 0.40555555555555556 0.150625 0.2688888888888889
0 0.1290625 0.7816666666666666 0.133125 0.31222222222222223
0 0.3696875 0.5661111111111111 0.135625 0.23666666666666666
1 0.1165625 0.46166666666666667 0.144375 0.26555555555555554
4 0.5325 0.635 0.0875 0.22777777777777777
1 0.4184375 0.5633333333333334 0.155625 0.2777777777777778
4 0.69625 0.23444444444444446 0.11875 0.19555555555555557
2 0.27 0.7638888888888888 0.155 0.2922222222222222
0 0.473125 0.2772222222222222 0.1575 0.2966666666666667
4 0.070625 0.35888888888888887 0.13125 0.29333333333333333
3 0.748125 0.5761111111111111 0.18875 0.22777777777777777
0 0.2021875 0.4938888888888889 0.135625 0.23
4 0.5925 0.6655555555555556 0.1375 0.24
1 0.120625 0.345 0.17125 0.2633333333333333
0 0.599375 0.5622222222222222 0.14375 0.28444444444444444
