3 0.490625 0.32 0.1875 0.2733333333333333
0 0.8425 0.4538888888888889 0.13375 0.2477777777777778
3 0.4955555555555556 0.2384375 0.20444444444444446 0.114375
4 0.7638888888888888 0.56 0.27 0.1475
4 0.27055555555555555 0.3946875 0.22555555555555556 0.121875
3 0.1922222222222222 0.72375 0.3022222222222222 0.17
0 0.6303125 0.5527777777777778 0.168125 0.2611111111111111
0 0.369375 0.7144444444444444 0.13625 0.20444444444444446
4 0.865 0.38666666666666666 0.1475 0.3088888888888889
4 0.2540625 0.38222222222222224 0.136875 0.21777777777777776
2 0.3821875 0.6688888888888889 0.156875 0.2688888888888889
4 0.824375 0.5555555555555556 0.09375 0.21555555555555556
4 0.615 0.7533333333333333 0.14875 0.26222222222222225
2 0.1446875 0.7361111111111112 0.178125 0.2788888888888889
4 0.853125 0.5511111111111111 0.16 0.2777777777777778
3 0.5875 0.3566666666666667 0.1075 0.2577777777777778
4 0.358125 0.265 0.15625 0.2611111111111111
1 0.483125 0.7138888888888889 0.125 0.23222222222222222
0 0.6734375 0.6088888888888889 0.149375 0.2911111111111111
0 0.1553125 0.4855555555555556 0.181875 0.3111111111111111
