3 0.324375 0.5761111111111111 0.1075 0.23444444444444446
0 0.5925 0.24555555555555555 0.135 0.24888888888888888
2 0.091875 0.43555555555555553 0.15 0.2911111111111111
4 0.843125 0.4716666666666667 0.125 0.2011111111111111
4 0.70125 0.7283333333333334 0.13625 0.2411111111111111
4 0.631875 0.6027777777777777 0.1675 0.32555555555555554
2 0.2728125 0.32666666666666666 0.156875 0.27555555555555555
4 0.51 0.6716666666666666 0.15875 0.2966666666666667
2 0.1046875 0.7722222222222223 0.188125 0.31777777777777777
4 0.8525 0.4 0.145 0.26
4 0.5796875 0.23222222222222222 0.113125 0.26666666666666666
0 0.3421875 0.5944444444444444 0.150625 0.30666666666666664
4 0.834375 0.5116666666666667 0.11 0.17
4 0.0715625 0.7288888888888889 0.103125 0.2088888888888889
1 0.608125 0.155 0.16375 0.24555555555555555
0 0.0784375 0.7294444444444445 0.126875 0.2388888888888889
4 0.329375 0.5222222222222223 0.1175 0.19555555555555557
3 0.848125 0.38 0.13 0.2822222222222222
4 0.8509375 0.7027777777777777 0.140625 0.20777777777777778
1 0.3503125 0.4216666666666667 0.171875 0.33
