4 0.3233333333333333 0.386875 0.2311111111111111 0.15875
3 0.5640625 0.2088888888888889 0.123125 0.1688888888888889
3 0.4225 0.36 0.12375 0.27555555555555555
1 0.288125 0.5666666666666667 0.13875 0.29777777777777775
2 0.136875 0.7066666666666667 0.12 0.18666666666666668
0 0.736875 0.6894444444444444 0.185 0.3477777777777778
0 0.6540625 0.5694444444444444 0.104375 0.15
3 0.10625 0.4672222222222222 0.1375 0.19444444444444445
0 0.3075 0.7766666666666666 0.16375 0.31333333333333335
0 0.6625 0.2838888888888889 0.135 0.21444444444444444
4 0.09875 0.5555555555555556 0.13125 0.1622222222222222
3 0.8328125 0.13111111111111112 0.100625 0.20444444444444446
0 0.4984375 0.7883333333333333 0.181875 0.33
0 0.5777777777777777 0.369375 0.27555555555555555 0.1575
0 0.775 0.8684375 0.2966666666666667 0.176875
2 0.278125 0.2611111111111111 0.13375 0.2511111111111111
1 0.4153125 0.7455555555555555 0.120625 0.27111111111111114
4 0.5803125 0.6388888888888888 0.163125 0.29555555555555557
4 0.3746875 0.7361111111111112 0.128125 0.26555555555555554
4 0.1596875 0.3888888888888889 0.161875 0.26222222222222225
