4 0.5427777777777778 0.1321875 0.2411111111111111 0.140625
4 0.7327777777777778 0.8375 0.22111111111111112 0.12125
1 0.43555555555555553 0.720625 0.24666666666666667 0.11875
0 0.7444444444444445 0.6034375 0.25333333333333335 0.143125
3 0.28055555555555556 0.855 0.1411111111111111 0.12875
4 0.12277777777777778 0.0896875 0.23222222222222222 0.150625
2 0.8553125 0.21166666666666667 0.148125 0.3433333333333333
4 0.114375 0.34833333333333333 0.16 0.23
3 0.59875 0.5633333333333334 0.13375 0.27111111111111114
2 0.7566666666666667 0.084375 0.2688888888888889 0.13125
4 0.6277777777777778 0.29375 0.29777777777777775 0.17
4 0.41444444444444445 0.4484375 0.15555555555555556 0.098125
0 0.3461111111111111 0.6734375 0.30333333333333334 0.168125
4 0.38555555555555554 0.551875 0.27555555555555555 0.15875
2 0.7166666666666667 0.0928125 0.21333333333333335 0.150625
4 0.22444444444444445 0.8515625 0.19555555555555557 0.150625
4 0.1438888888888889 0.2271875 0.27444444444444444 0.116875
4 0.5833333333333334 0.37875 0.18888888888888888 0.11625
1 0.4722222222222222 0.6890625 0.2088888888888889 0.129375
4 0.46 0.6 0.10625 0.19777777777777777
0 0.8440625 0.77 0.140625 0.2822222222222222
4 0.6503125 0.19555555555555557 0.120625 0.14888888888888888
2 0.293125 0.36333333333333334 0.13875 0.2311111111111111
4 0.5890625 0.4527777777777778 0.108125 0.27666666666666667
4 0.2621875 0.385 0.170625 0.33444444444444443
0 0.1203125 0.7172222222222222 0.124375 0.23
4 0.48375 0.2538888888888889 0.13625 0.2633333333333333
3 0.3609375 0.6666666666666666 0.129375 0.32222222222222224
0 0.7284375 0.15722222222222224 0.148125 0.2611111111111111
