1 0.8721875 0.4661111111111111 0.160625 0.23222222222222222
0 0.0915625 0.6427777777777778 0.164375 0.31222222222222223
4 0.6446875 0.73 0.096875 0.2111111111111111
3 0.1296875 0.5888888888888889 0.130625 0.25333333333333335
0 0.68375 0.7594444444444445 0.155 0.2877777777777778
1 0.8403125 0.3022222222222222 0.106875 0.29333333333333333
2 0.50875 0.46 0.16625 0.3022222222222222
0 0.6472222222222223 0.7025 0.29 0.16625
3 0.2872222222222222 0.2165625 0.15 0.116875
1 0.5072222222222222 0.83125 0.20333333333333334 0.11625
2 0.5884375 0.32944444444444443 0.121875 0.23666666666666666
3 0.0753125 0.10944444444444444 0.115625 0.20333333333333334
3 0.6415625 0.6194444444444445 0.105625 0.23222222222222222
4 0.4678125 0.7605555555555555 0.144375 0.26555555555555554
1 0.7011111111111111 0.636875 0.1688888888888889 0.105
1 0.286875 0.49166666666666664 0.08625 0.2811111111111111
3 0.4615625 0.19833333333333333 0.081875 0.2388888888888889
0 0.6584375 0.6111111111111112 0.123125 0.24888888888888888
