0 0.8509375 0.5705555555555556 0.133125 0.24333333333333335
0 0.0934375 0.27111111111111114 0.109375 0.2311111111111111
4 0.4703125 0.6966666666666667 0.118125 0.20222222222222222
4 0.7275 0.14333333333333334 0.13875 0.22444444444444445
0 0.3715625 0.36777777777777776 0.146875 0.2866666666666667
1 0.245 0.41555555555555557 0.13375 0.18888888888888888
4 0.3221875 0.5366666666666666 0.103125 0.17333333333333334
0 0.5940625 0.6322222222222222 0.129375 0.19777777777777777
3 0.08375 0.42833333333333334 0.14375 0.29
3 0.8503125 0.3838888888888889 0.148125 0.31222222222222223
0 0.2940625 0.48944444444444446 0.149375 0.27444444444444444
3 0.8325 0.10555555555555556 0.10375 0.2111111111111111
0 0.07375 0.505 0.1375 0.2833333333333333
3 0.70375 0.3877777777777778 0.1575 0.2911111111111111
4 0.3178125 0.7294444444444445 0.096875 0.22555555555555556
4 0.8346875 0.525 0.113125 0.21222222222222223
0 0.1046875 0.19166666666666668 0.178125 0.3322222222222222
1 0.51 0.5534375 0.2111111111111111 0.160625
1 0.6427777777777778 0.091875 0.25222222222222224 0.18375
1 0.7194444444444444 0.22125 0.1811111111111111 0.1275
1 0.21 0.706875 0.28 0.15125
4 0.4061111111111111 0.3740625 0.22555555555555556 0.116875
