0 0.22833333333333333 0.7559375 0.3322222222222222 0.178125
0 0.665 0.2703125 0.31666666666666665 0.166875
4 0.3561111111111111 0.383125 0.23222222222222222 0.1525
1 0.31333333333333335 0.88 0.3244444444444444 0.185
4 0.569375 0.5161111111111111 0.09875 0.19
4 0.0796875 0.3338888888888889 0.131875 0.22777777777777777
4 0.13722222222222222 0.8675 0.26555555555555554 0.1575
2 0.525 0.3753125 0.22777777777777777 0.133125
0 0.35 0.1525 0.28444444444444444 0.1675
2 0.4646875 0.18944444444444444 0.135625 0.26555555555555554
1 0.8571875 0.4577777777777778 0.130625 0.24444444444444444
4 0.0865625 0.3566666666666667 0.169375 0.32222222222222224
4 0.66 0.6038888888888889 0.13125 0.2588888888888889
3 0.278125 0.7594444444444445 0.1575 0.29
1 0.133125 0.33666666666666667 0.12 0.2288888888888889
1 0.4559375 0.31777777777777777 0.115625 0.24
4 0.21125 0.7533333333333333 0.13125 0.28
3 0.3465625 0.2388888888888889 0.149375 0.24666666666666667
3 0.325 0.83 0.22333333333333333 0.11375
1 0.37555555555555553 0.109375 0.16666666666666666 0.1275
0 0.5622222222222222 0.3575 0.22666666666666666 0.13875
3 0.7411111111111112 0.6075 0.27111111111111114 0.15375
0 0.2594444444444444 0.24125 0.2477777777777778 0.14875
