4 0.856875 0.5233333333333333 0.135 0.33555555555555555
3 0.4515625 0.20166666666666666 0.111875 0.1811111111111111
0 0.6571875 0.6211111111111111 0.129375 0.2866666666666667
0 0.265625 0.7333333333333333 0.13375 0.2644444444444444
3 0.6765625 0.46555555555555556 0.143125 0.27111111111111114
2 0.3065625 0.3238888888888889 0.128125 0.28555555555555556
0 0.155625 0.6511111111111111 0.18875 0.34444444444444444
0 0.620625 0.7577777777777778 0.14625 0.2733333333333333
0 0.2546875 0.24388888888888888 0.136875 0.25666666666666665
1 0.8596875 0.56 0.141875 0.2822222222222222
4 0.708125 0.41444444444444445 0.08 0.19333333333333333
1 0.491875 0.3 0.12875 0.16666666666666666
2 0.845625 0.7072222222222222 0.1275 0.20555555555555555
0 0.2865625 0.32 0.175625 0.3111111111111111
0 0.0703125 0.6216666666666667 0.131875 0.3277777777777778
0 0.7190625 0.7711111111111111 0.196875 0.3288888888888889
0 0.0634375 0.14 0.100625 0.2111111111111111
0 0.85 0.2927777777777778 0.15375 0.2877777777777778
4 0.4772222222222222 0.2725 0.20333333333333334 0.135
0 0.2677777777777778 0.8665625 0.25333333333333335 0.169375
3 0.5483333333333333 0.70125 0.24555555555555555 0.14125
0 0.47055555555555556 0.5628125 0.2788888888888889 0.166875
