4 0.23722222222222222 0.61875 0.23 0.14875
4 0.41 0.72125 0.24222222222222223 0.11625
4 0.58 0.4959375 0.24666666666666667 0.141875
2 0.49444444444444446 0.2525 0.24222222222222223 0.13125
0 0.8471875 0.20055555555555554 0.139375 0.2722222222222222
4 0.2740625 0.3388888888888889 0.155625 0.2777777777777778
0 0.1121875 0.5827777777777777 0.153125 0.25666666666666665
0 0.6040625 0.7761111111111111 0.136875 0.3055555555555556
2 0.8571875 0.23722222222222222 0.141875 0.2388888888888889
2 0.3778125 0.49944444444444447 0.154375 0.16111111111111112
0 0.4909375 0.3861111111111111 0.136875 0.31444444444444447
0 0.2528125 0.6611111111111111 0.149375 0.29555555555555557
3 0.8203125 0.7033333333333334 0.078125 0.20222222222222222
2 0.8553125 0.7566666666666667 0.136875 0.2866666666666667
4 0.5846875 0.20944444444444443 0.105625 0.2411111111111111
4 0.3409375 0.5738888888888889 0.126875 0.2722222222222222
0 0.2728125 0.7466666666666667 0.159375 0.2577777777777778
0 0.843125 0.6316666666666667 0.12875 0.24555555555555555
2 0.4040625 0.4305555555555556 0.129375 0.27666666666666667
1 0.70375 0.21333333333333335 0.14375 0.2733333333333333
4 0.1128125 0.5155555555555555 0.131875 0.2288888888888889
