0 0.5172222222222222 0.8465625 0.19 0.123125
0 0.17444444444444446 0.6040625 0.2511111111111111 0.151875
4 0.3433333333333333 0.3471875 0.21555555555555556 0.151875
4 0.8571875 0.38722222222222225 0.161875 0.31444444444444447
2 0.5034375 0.6383333333333333 0.159375 0.2833333333333333
0 0.38722222222222225 0.87875 0.3322222222222222 0.19375
4 0.5244444444444445 0.1971875 0.21777777777777776 0.128125
0 0.6394444444444445 0.066875 0.2544444444444444 0.12625
4 0.39166666666666666 0.5753125 0.14555555555555555 0.105625
4 0.7488888888888889 0.2528125 0.24 0.128125
4 0.8475 0.6305555555555555 0.13625 0.27
3 0.0821875 0.5172222222222222 0.159375 0.3055555555555556
4 0.845625 0.17333333333333334 0.1075 0.21777777777777776
4 0.3340625 0.35333333333333333 0.168125 0.3022222222222222
0 0.4909375 0.6166666666666667 0.120625 0.2777777777777778
3 0.65875 0.4677777777777778 0.095 0.25555555555555554
4 0.288125 0.36833333333333335 0.13625 0.22333333333333333
4 0.66125 0.6227777777777778 0.12125 0.2611111111111111
