4 0.7103125 0.15666666666666668 0.099375 0.21555555555555556
3 0.2503125 0.5366666666666666 0.114375 0.20666666666666667
3 0.5971875 0.6427777777777778 0.106875 0.22555555555555556
0 0.40125 0.48833333333333334 0.1825 0.3011111111111111
4 0.2777777777777778 0.210625 0.28 0.15875
0 0.3527777777777778 0.353125 0.27666666666666667 0.18125
0 0.48388888888888887 0.05875 0.23 0.1175
2 0.1453125 0.215 0.178125 0.2922222222222222
1 0.87625 0.38666666666666666 0.1925 0.27555555555555555
4 0.3528125 0.5416666666666666 0.110625 0.22333333333333333
3 0.649375 0.1322222222222222 0.07875 0.22444444444444445
2 0.1309375 0.7333333333333333 0.130625 0.24
1 0.41 0.5122222222222222 0.1375 0.2822222222222222
2 0.5559375 0.23444444444444446 0.130625 0.19777777777777777
1 0.2634375 0.155 0.143125 0.2722222222222222
3 0.5394444444444444 0.083125 0.2544444444444444 0.145
2 0.4538888888888889 0.7009375 0.29444444444444445 0.159375
4 0.745 0.8446875 0.24333333333333335 0.140625
3 0.3527777777777778 0.5546875 0.30333333333333334 0.171875
0 0.215 0.3925 0.2388888888888889 0.15375
4 0.678125 0.7427777777777778 0.16 0.23444444444444446
0 0.1371875 0.6266666666666667 0.138125 0.28
3 0.310625 0.4727777777777778 0.1325 0.25
1 0.865 0.21166666666666667 0.18 0.2833333333333333
