1 0.5466666666666666 0.855 0.26666666666666666 0.15375
2 0.7638888888888888 0.3934375 0.2922222222222222 0.170625
3 0.2421875 0.5772222222222222 0.183125 0.27
1 0.7303125 0.7122222222222222 0.134375 0.2222222222222222
4 0.8596875 0.42333333333333334 0.136875 0.28
4 0.5921875 0.21888888888888888 0.114375 0.18666666666666668
3 0.093125 0.34944444444444445 0.14125 0.29
0 0.4409375 0.6044444444444445 0.068125 0.16666666666666666
4 0.678125 0.28055555555555556 0.15875 0.31222222222222223
3 0.2796875 0.35888888888888887 0.118125 0.2311111111111111
1 0.49 0.49722222222222223 0.16 0.2677777777777778
1 0.4009375 0.34944444444444445 0.148125 0.26555555555555554
2 0.7316666666666667 0.3328125 0.22333333333333333 0.141875
0 0.20944444444444443 0.0759375 0.22333333333333333 0.139375
1 0.37444444444444447 0.85 0.20666666666666667 0.15375
1 0.7761111111111111 0.1453125 0.31 0.184375
2 0.5816666666666667 0.3690625 0.2677777777777778 0.146875
3 0.23333333333333334 0.8709375 0.26 0.180625
