4 0.10125 0.6038888888888889 0.12 0.20777777777777778
0 0.6921875 0.32222222222222224 0.126875 0.23555555555555555
2 0.431875 0.2816666666666667 0.19375 0.35
3 0.8625 0.5633333333333334 0.17375 0.3244444444444444
0 0.7278125 0.45 0.126875 0.2688888888888889
0 0.8546875 0.3566666666666667 0.129375 0.2911111111111111
3 0.0959375 0.515 0.116875 0.19
4 0.5978125 0.12277777777777778 0.118125 0.2411111111111111
3 0.231875 0.7344444444444445 0.13875 0.2111111111111111
0 0.7175 0.47944444444444445 0.14375 0.2788888888888889
4 0.60125 0.66 0.16625 0.26666666666666666
2 0.820625 0.25277777777777777 0.09375 0.1988888888888889
4 0.0696875 0.59 0.124375 0.31333333333333335
3 0.33125 0.5716666666666667 0.1125 0.2722222222222222
1 0.100625 0.7744444444444445 0.1525 0.32
4 0.871875 0.41444444444444445 0.18 0.3333333333333333
1 0.615625 0.22611111111111112 0.16625 0.30333333333333334
2 0.8740625 0.3655555555555556 0.171875 0.27555555555555555
4 0.42375 0.5633333333333334 0.145 0.28888888888888886
1 0.5953125 0.6766666666666666 0.196875 0.3244444444444444
4 0.2528125 0.41 0.094375 0.17333333333333334
0 0.7128125 0.2577777777777778 0.140625 0.2511111111111111
2 0.7455555555555555 0.8696875 0.29555555555555557 0.166875
