1 0.26 0.16833333333333333 0.1625 0.24333333333333335
4 0.6146875 0.27166666666666667 0.143125 0.26555555555555554
1 0.37444444444444447 0.86125 0.26 0.1525
1 0.7505555555555555 0.3375 0.24333333333333335 0.14375
4 0.555 0.6053125 0.23666666666666666 0.160625
1 0.7705555555555555 0.8846875 0.30777777777777776 0.188125
0 0.5155555555555555 0.266875 0.25555555555555554 0.1675
4 0.6327777777777778 0.4084375 0.2611111111111111 0.146875
3 0.37375 0.6122222222222222 0.12375 0.31555555555555553
4 0.2728125 0.5361111111111111 0.156875 0.33666666666666667
3 0.72125 0.3211111111111111 0.11375 0.25333333333333335
4 0.8771875 0.7116666666666667 0.190625 0.3411111111111111
3 0.39055555555555554 0.085 0.2877777777777778 0.14125
3 0.6783333333333333 0.6534375 0.16111111111111112 0.125625
1 0.84625 0.41055555555555556 0.125 0.25666666666666665
1 0.3778125 0.5005555555555555 0.148125 0.26555555555555554
0 0.6228125 0.7805555555555556 0.158125 0.31444444444444447
3 0.5046875 0.30333333333333334 0.161875 0.21333333333333335
4 0.24625 0.6627777777777778 0.125 0.25
4 0.72 0.6111111111111112 0.1125 0.31777777777777777
4 0.6183333333333333 0.4621875 0.19 0.114375
1 0.12111111111111111 0.85375 0.2 0.125
1 0.7383333333333333 0.5996875 0.22777777777777777 0.131875
