3 0.26722222222222225 0.1353125 0.19666666666666666 0.166875
0 0.5244444444444445 0.568125 0.26 0.15375
4 0.3927777777777778 0.243125 0.22333333333333333 0.09
1 0.6128125 0.3438888888888889 0.140625 0.2388888888888889
4 0.38125 0.7405555555555555 0.16 0.2722222222222222
1 0.365625 0.41888888888888887 0.17625 0.33111111111111113
2 0.8678125 0.7605555555555555 0.169375 0.2633333333333333
1 0.8478125 0.6122222222222222 0.140625 0.1688888888888889
0 0.47125 0.4727777777777778 0.1425 0.21666666666666667
4 0.2284375 0.6111111111111112 0.159375 0.33111111111111113
4 0.74 0.7327777777777778 0.14625 0.22111111111111112
4 0.61625 0.585 0.14625 0.2611111111111111
1 0.488125 0.4672222222222222 0.1375 0.19444444444444445
3 0.2578125 0.23666666666666666 0.171875 0.23555555555555555
3 0.2453125 0.315 0.133125 0.31222222222222223
1 0.841875 0.7455555555555555 0.12875 0.24666666666666667
4 0.70125 0.21388888888888888 0.1475 0.3411111111111111
0 0.550625 0.6544444444444445 0.145 0.29777777777777775
3 0.1015625 0.48277777777777775 0.144375 0.18555555555555556
2 0.3190625 0.7544444444444445 0.113125 0.27555555555555555
3 0.070625 0.5477777777777778 0.13 0.27111111111111114
