0 0.14375 0.275 0.14 0.27
4 0.725 0.6522222222222223 0.115 0.24666666666666667
4 0.394375 0.5866666666666667 0.16625 0.27111111111111114
1 0.62375 0.37555555555555553 0.15 0.31555555555555553
1 0.4834375 0.6422222222222222 0.131875 0.26666666666666666
4 0.7290625 0.7616666666666667 0.143125 0.3011111111111111
1 0.2490625 0.535 0.143125 0.2544444444444444
1 0.596875 0.44 0.11875 0.2688888888888889
0 0.1153125 0.10666666666666667 0.114375 0.2111111111111111
1 0.8159375 0.28055555555555556 0.076875 0.15222222222222223
3 0.3416666666666667 0.59 0.15 0.1
3 0.7261111111111112 0.8375 0.19444444444444445 0.12
3 0.588125 0.5688888888888889 0.105 0.25555555555555554
3 0.3453125 0.4288888888888889 0.130625 0.3088888888888889
3 0.09125 0.2288888888888889 0.13375 0.24222222222222223
2 0.8521875 0.7244444444444444 0.121875 0.23333333333333334
1 0.141875 0.6055555555555555 0.15625 0.30444444444444446
3 0.4778125 0.5338888888888889 0.118125 0.3188888888888889
4 0.8534375 0.26722222222222225 0.159375 0.2588888888888889
4 0.37 0.77 0.14 0.31777777777777777
4 0.708125 0.33666666666666667 0.10625 0.24
1 0.5984375 0.6483333333333333 0.123125 0.23222222222222222
1 0.5788888888888889 0.359375 0.3088888888888889 0.1575
0 0.6505555555555556 0.2453125 0.27444444444444444 0.181875
4 0.38722222222222225 0.4765625 0.2788888888888889 0.139375
1 0.265 0.7359375 0.21222222222222223 0.153125
4 0.7361111111111112 0.1028125 0.2677777777777778 0.148125
0 0.18833333333333332 0.8575 0.23444444444444446 0.14375
2 0.3834375 0.6783333333333333 0.168125 0.3211111111111111
0 0.7425 0.3877777777777778 0.15375 0.2688888888888889
2 0.6175 0.31277777777777777 0.1475 0.2966666666666667
0 0.140625 0.7572222222222222 0.17125 0.3011111111111111
4 0.4859375 0.47444444444444445 0.129375 0.26666666666666666
