4 0.098125 0.3672222222222222 0.15625 0.2677777777777778
4 0.3378125 0.5555555555555556 0.134375 0.24888888888888888
2 0.8703125 0.2038888888888889 0.194375 0.33444444444444443
4 0.8415625 0.5711111111111111 0.124375 0.14888888888888888
2 0.291875 0.5461111111111111 0.17875 0.3011111111111111
3 0.1253125 0.21888888888888888 0.133125 0.25333333333333335
1 0.69125 0.72 0.1125 0.24222222222222223
3 0.3288888888888889 0.2959375 0.19333333333333333 0.145625
4 0.205 0.8265625 0.2011111111111111 0.103125
0 0.48277777777777775 0.66125 0.24555555555555555 0.14125
0 0.6521875 0.3244444444444444 0.111875 0.2111111111111111
4 0.138125 0.6466666666666666 0.14875 0.3088888888888889
3 0.48875 0.7894444444444444 0.14 0.3211111111111111
2 0.3315625 0.24388888888888888 0.180625 0.3211111111111111
4 0.8309375 0.18611111111111112 0.114375 0.2544444444444444
0 0.0946875 0.7261111111111112 0.118125 0.25222222222222224
1 0.7222222222222222 0.0725 0.20666666666666667 0.13125
1 0.3211111111111111 0.225625 0.2311111111111111 0.13
2 0.24722222222222223 0.8684375 0.2877777777777778 0.181875
0 0.5338888888888889 0.5296875 0.24333333333333335 0.121875
3 0.395 0.6821875 0.17222222222222222 0.118125
