4 0.588125 0.515 0.11 0.20333333333333334
3 0.1171875 0.7216666666666667 0.168125 0.22333333333333333
0 0.24125 0.45166666666666666 0.14375 0.2877777777777778
4 0.1209375 0.7544444444444445 0.144375 0.28
4 0.3490625 0.6438888888888888 0.118125 0.2633333333333333
4 0.621875 0.24555555555555555 0.18125 0.28444444444444444
1 0.1053125 0.3838888888888889 0.141875 0.3277777777777778
1 0.463125 0.4766666666666667 0.11875 0.24888888888888888
3 0.6459375 0.19166666666666668 0.114375 0.20777777777777778
4 0.6878125 0.3333333333333333 0.129375 0.24
0 0.2196875 0.7738888888888888 0.123125 0.2877777777777778
2 0.5228125 0.6266666666666667 0.109375 0.20222222222222222
4 0.389375 0.2594444444444444 0.1525 0.29888888888888887
3 0.709375 0.185 0.175 0.2722222222222222
4 0.224375 0.38722222222222225 0.1075 0.22777777777777777
1 0.3809375 0.6038888888888889 0.119375 0.21222222222222223
3 0.8421875 0.2911111111111111 0.139375 0.26
2 0.1378125 0.7494444444444445 0.154375 0.2722222222222222
1 0.30375 0.1638888888888889 0.1725 0.29444444444444445
4 0.4453125 0.5566666666666666 0.080625 0.20444444444444446
