1 0.5572222222222222 0.1303125 0.24333333333333335 0.185625
1 0.345 0.8 0.16 0.3422222222222222
0 0.61375 0.61 0.17125 0.3022222222222222
4 0.5565625 0.4955555555555556 0.126875 0.20444444444444446
3 0.2746875 0.33166666666666667 0.129375 0.3211111111111111
0 0.4459375 0.645 0.189375 0.2811111111111111
4 0.3338888888888889 0.833125 0.21666666666666667 0.115
0 0.7344444444444445 0.138125 0.27111111111111114 0.14875
2 0.24944444444444444 0.4884375 0.23444444444444446 0.138125
4 0.5805555555555556 0.7165625 0.15 0.119375
2 0.8290625 0.2927777777777778 0.110625 0.21888888888888888
3 0.6959375 0.41 0.149375 0.2311111111111111
0 0.2565625 0.7855555555555556 0.185625 0.31555555555555553
2 0.554375 0.6711111111111111 0.17125 0.3088888888888889
0 0.1309375 0.5172222222222222 0.140625 0.2833333333333333
4 0.3890625 0.7011111111111111 0.081875 0.18666666666666668
2 0.27375 0.2638888888888889 0.13875 0.2411111111111111
4 0.54875 0.11388888888888889 0.11375 0.17222222222222222
1 0.8353125 0.5977777777777777 0.110625 0.21333333333333335
3 0.6784375 0.3705555555555556 0.085625 0.22333333333333333
0 0.1065625 0.33 0.113125 0.23333333333333334
0 0.3021875 0.6505555555555556 0.140625 0.3411111111111111
3 0.6515625 0.7605555555555555 0.111875 0.29444444444444445
