0 0.435 0.6577777777777778 0.17375 0.29555555555555557
2 0.13125 0.22277777777777777 0.14625 0.26555555555555554
3 0.5266666666666666 0.3709375 0.15555555555555556 0.129375
0 0.6666666666666666 0.265 0.2777777777777778 0.15125
2 0.42777777777777776 0.63 0.2733333333333333 0.18
4 0.3433333333333333 0.15375 0.26222222222222225 0.1625
0 0.28 0.733125 0.29333333333333333 0.1525
0 0.3825 0.42777777777777776 0.14125 0.29333333333333333
3 0.8284375 0.7022222222222222 0.094375 0.1622222222222222
4 0.85625 0.425 0.155 0.2788888888888889
3 0.2815625 0.7316666666666667 0.149375 0.22555555555555556
2 0.7140625 0.3161111111111111 0.156875 0.2833333333333333
4 0.7246875 0.5188888888888888 0.181875 0.27111111111111114
0 0.13125 0.2916666666666667 0.15 0.29444444444444445
4 0.3422222222222222 0.1475 0.28888888888888886 0.155
4 0.7355555555555555 0.6728125 0.25555555555555554 0.150625
3 0.2127777777777778 0.3365625 0.30333333333333334 0.181875
1 0.4177777777777778 0.834375 0.16666666666666666 0.12125
0 0.6427777777777778 0.52125 0.3433333333333333 0.19875
