3 0.35875 0.39222222222222225 0.145 0.24666666666666667
3 0.8403125 0.5633333333333334 0.130625 0.23777777777777778
2 0.6283333333333333 0.5446875 0.2388888888888889 0.126875
1 0.6927777777777778 0.705 0.1411111111111111 0.14875
0 0.5344444444444445 0.8640625 0.2777777777777778 0.168125
0 0.1511111111111111 0.08625 0.18666666666666668 0.10375
3 0.6894444444444444 0.33625 0.17222222222222222 0.10625
4 0.3927777777777778 0.8584375 0.21 0.150625
3 0.3865625 0.36444444444444446 0.089375 0.20666666666666667
4 0.5709375 0.7605555555555555 0.169375 0.2833333333333333
4 0.090625 0.5977777777777777 0.14375 0.3
4 0.8403125 0.23833333333333334 0.125625 0.27
3 0.57875 0.6488888888888888 0.10875 0.2311111111111111
2 0.3384375 0.7733333333333333 0.134375 0.30666666666666664
1 0.84625 0.4461111111111111 0.10875 0.2633333333333333
0 0.12875 0.125 0.1025 0.21222222222222223
4 0.665625 0.2633333333333333 0.105 0.19333333333333333
2 0.3525 0.14722222222222223 0.12875 0.24555555555555555
3 0.119375 0.37 0.15125 0.3022222222222222
