1 0.7472222222222222 0.23 0.2388888888888889 0.14
0 0.5227777777777778 0.388125 0.22333333333333333 0.1475
3 0.3988888888888889 0.5284375 0.19111111111111112 0.119375
4 0.40555555555555556 0.8540625 0.2777777777777778 0.148125
1 0.31 0.7240625 0.32222222222222224 0.174375
4 0.15444444444444444 0.273125 0.24444444444444444 0.12875
1 0.6294444444444445 0.4134375 0.2544444444444444 0.124375
1 0.5361111111111111 0.560625 0.30333333333333334 0.1325
4 0.7377777777777778 0.125625 0.23555555555555555 0.11875
3 0.6722222222222223 0.4915625 0.29777777777777775 0.146875
3 0.09944444444444445 0.601875 0.18777777777777777 0.13125
2 0.7238888888888889 0.7390625 0.1922222222222222 0.168125
0 0.2577777777777778 0.391875 0.29777777777777775 0.185
2 0.3338888888888889 0.8521875 0.24333333333333335 0.156875
4 0.7416666666666667 0.5953125 0.22333333333333333 0.126875
4 0.5116666666666667 0.844375 0.27 0.1425
0 0.5461111111111111 0.4853125 0.17 0.148125
2 0.7109375 0.4305555555555556 0.143125 0.30333333333333334
3 0.8434375 0.29555555555555557 0.126875 0.2577777777777778
4 0.2903125 0.7433333333333333 0.144375 0.25333333333333335
1 0.55375 0.17333333333333334 0.11 0.23777777777777778
3 0.1390625 0.49833333333333335 0.121875 0.21444444444444444
0 0.21333333333333335 0.2446875 0.2111111111111111 0.143125
4 0.6311111111111111 0.3734375 0.23333333333333334 0.159375
1 0.725 0.1203125 0.21666666666666667 0.135625
4 0.16444444444444445 0.733125 0.31555555555555553 0.15375
1 0.33555555555555555 0.4703125 0.2511111111111111 0.110625
4 0.41333333333333333 0.594375 0.20444444444444446 0.1175
0 0.6021875 0.5566666666666666 0.145625 0.2733333333333333
3 0.118125 0.36833333333333335 0.15 0.3011111111111111
0 0.3628125 0.7611111111111111 0.153125 0.2777777777777778
