3 0.6196875 0.7511111111111111 0.143125 0.24888888888888888
4 0.86375 0.555 0.155 0.25666666666666665
4 0.109375 0.12833333333333333 0.07375 0.20333333333333334
3 0.7222222222222222 0.48875 0.2511111111111111 0.1625
3 0.3061111111111111 0.1096875 0.30777777777777776 0.171875
0 0.5533333333333333 0.871875 0.2688888888888889 0.16125
1 0.1711111111111111 0.729375 0.21555555555555556 0.1325
1 0.7259375 0.17555555555555555 0.173125 0.24888888888888888
3 0.5659375 0.43666666666666665 0.143125 0.31555555555555553
1 0.4178125 0.2927777777777778 0.136875 0.25666666666666665
2 0.0646875 0.7488888888888889 0.118125 0.23777777777777778
1 0.4690625 0.6333333333333333 0.143125 0.25333333333333335
0 0.2584375 0.3527777777777778 0.114375 0.18555555555555556
0 0.8596875 0.5144444444444445 0.140625 0.26222222222222225
0 0.4075 0.16833333333333333 0.17875 0.3188888888888889
1 0.2475 0.765 0.16875 0.3188888888888889
1 0.554375 0.655 0.1625 0.3388888888888889
0 0.0784375 0.23833333333333334 0.140625 0.22111111111111112
3 0.0775 0.6505555555555556 0.10375 0.24555555555555555
4 0.2296875 0.7966666666666666 0.154375 0.33555555555555555
4 0.4703125 0.4361111111111111 0.128125 0.22111111111111112
0 0.67375 0.6566666666666666 0.16125 0.33555555555555555
1 0.26375 0.3711111111111111 0.09125 0.24
1 0.86375 0.745 0.16625 0.27444444444444444
