0 0.833125 0.2038888888888889 0.10875 0.2388888888888889
0 0.649375 0.7111111111111111 0.1275 0.21333333333333335
4 0.3511111111111111 0.259375 0.21555555555555556 0.115
4 0.09944444444444445 0.4109375 0.19666666666666666 0.125625
4 0.49333333333333335 0.1415625 0.2577777777777778 0.170625
1 0.2577777777777778 0.7475 0.26222222222222225 0.1625
0 0.7627777777777778 0.5225 0.30333333333333334 0.1825
0 0.6572222222222223 0.630625 0.2877777777777778 0.16375
3 0.43277777777777776 0.2515625 0.22555555555555556 0.110625
1 0.275625 0.4955555555555556 0.13625 0.2511111111111111
4 0.41 0.3566666666666667 0.1125 0.21333333333333335
1 0.46 0.2228125 0.1511111111111111 0.130625
1 0.6472222222222223 0.3915625 0.29 0.153125
0 0.40555555555555556 0.56 0.28 0.175
2 0.31125 0.4438888888888889 0.1075 0.17888888888888888
1 0.8534375 0.31722222222222224 0.161875 0.2811111111111111
4 0.0575 0.38555555555555554 0.11375 0.24
4 0.5846875 0.2 0.139375 0.2222222222222222
1 0.859375 0.7038888888888889 0.15 0.21222222222222223
4 0.5965625 0.5683333333333334 0.133125 0.2611111111111111
3 0.335 0.19444444444444445 0.11875 0.1511111111111111
