0 0.12 0.34 0.13 0.2311111111111111
0 0.8696875 0.6261111111111111 0.173125 0.2877777777777778
4 0.499375 0.7716666666666666 0.16125 0.3211111111111111
4 0.3009375 0.49166666666666664 0.128125 0.27666666666666667
1 0.666875 0.32555555555555554 0.14125 0.3333333333333333
3 0.093125 0.1438888888888889 0.1075 0.2788888888888889
3 0.293125 0.7433333333333333 0.13625 0.23555555555555555
4 0.8490625 0.44055555555555553 0.133125 0.25222222222222224
2 0.6166666666666667 0.30875 0.29555555555555557 0.14375
4 0.35055555555555556 0.1428125 0.27444444444444444 0.176875
1 0.45055555555555554 0.66 0.21888888888888888 0.115
4 0.7677777777777778 0.68875 0.3088888888888889 0.1175
4 0.1688888888888889 0.3828125 0.18666666666666668 0.114375
1 0.845625 0.5311111111111111 0.125 0.21777777777777776
4 0.374375 0.19833333333333333 0.145 0.26555555555555554
4 0.1196875 0.35944444444444446 0.116875 0.23222222222222222
1 0.403125 0.4272222222222222 0.11125 0.20333333333333334
3 0.8465625 0.7577777777777778 0.115625 0.26
4 0.823125 0.37277777777777776 0.09375 0.18777777777777777
3 0.1509375 0.595 0.144375 0.2877777777777778
