0 0.5596875 0.2 0.181875 0.31333333333333335
4 0.8503125 0.7411111111111112 0.153125 0.2577777777777778
4 0.34944444444444445 0.6225 0.25666666666666665 0.16125
1 0.10666666666666667 0.83875 0.17333333333333334 0.11
0 0.5272222222222223 0.12875 0.21 0.14
4 0.745 0.3565625 0.24333333333333335 0.113125
0 0.849375 0.125 0.12625 0.23
1 0.728125 0.5266666666666666 0.17 0.3111111111111111
2 0.2903125 0.7605555555555555 0.150625 0.29444444444444445
4 0.14375 0.26611111111111113 0.1425 0.2722222222222222
3 0.8284375 0.6233333333333333 0.089375 0.2
4 0.2715625 0.48388888888888887 0.183125 0.30777777777777776
2 0.095625 0.7544444444444445 0.1325 0.26666666666666666
0 0.6878125 0.5377777777777778 0.110625 0.2222222222222222
3 0.8565625 0.3472222222222222 0.138125 0.27444444444444444
3 0.69 0.2011111111111111 0.11875 0.20666666666666667
2 0.121875 0.32722222222222225 0.13625 0.2588888888888889
3 0.3846875 0.5022222222222222 0.085625 0.20444444444444446
3 0.8484375 0.7644444444444445 0.146875 0.3244444444444444
1 0.8390625 0.6294444444444445 0.113125 0.2811111111111111
3 0.1371875 0.36777777777777776 0.148125 0.3
4 0.489375 0.47833333333333333 0.13375 0.25
