3 0.1053125 0.4111111111111111 0.133125 0.32
0 0.36625 0.26555555555555554 0.1475 0.28888888888888886
4 0.1109375 0.3927777777777778 0.131875 0.21666666666666667
0 0.7309375 0.31777777777777777 0.133125 0.2311111111111111
4 0.8653125 0.6455555555555555 0.153125 0.2288888888888889
0 0.8728125 0.7633333333333333 0.164375 0.3088888888888889
1 0.705 0.6122222222222222 0.13625 0.24222222222222223
4 0.0840625 0.2561111111111111 0.123125 0.23
4 0.5671875 0.38 0.168125 0.24444444444444444
3 0.5388888888888889 0.08625 0.19111111111111112 0.11875
1 0.42777777777777776 0.60625 0.3088888888888889 0.14125
1 0.1403125 0.3422222222222222 0.151875 0.2288888888888889
1 0.6209375 0.5533333333333333 0.155625 0.24888888888888888
3 0.8365625 0.6377777777777778 0.106875 0.21777777777777776
0 0.7465625 0.7894444444444444 0.166875 0.3188888888888889
1 0.3853125 0.25666666666666665 0.163125 0.26
3 0.745 0.631875 0.23 0.1925
0 0.5394444444444444 0.7378125 0.21 0.149375
2 0.45055555555555554 0.35625 0.22777777777777777 0.1525
3 0.2288888888888889 0.081875 0.17555555555555555 0.115
2 0.5133333333333333 0.855 0.19111111111111112 0.1275
0 0.42333333333333334 0.7125 0.20222222222222222 0.1275
3 0.6411111111111111 0.421875 0.25555555555555554 0.11625
4 0.2633333333333333 0.1659375 0.26222222222222225 0.174375
