4 0.7205555555555555 0.2509375 0.24333333333333335 0.164375
3 0.5805555555555556 0.8540625 0.16111111111111112 0.126875
1 0.5444444444444444 0.131875 0.2866666666666667 0.17375
3 0.455 0.6228125 0.3055555555555556 0.161875
4 0.5438888888888889 0.599375 0.25 0.13875
4 0.29444444444444445 0.0875 0.1622222222222222 0.1125
3 0.1661111111111111 0.34125 0.31666666666666665 0.12125
0 0.2040625 0.5666666666666667 0.116875 0.2111111111111111
1 0.850625 0.35333333333333333 0.1475 0.2688888888888889
4 0.0778125 0.6422222222222222 0.115625 0.2
4 0.601875 0.4438888888888889 0.155 0.2877777777777778
3 0.725625 0.5283333333333333 0.15 0.29444444444444445
4 0.4565625 0.735 0.116875 0.22333333333333333
0 0.33875 0.26222222222222225 0.13375 0.24666666666666667
1 0.0846875 0.5038888888888889 0.115625 0.2477777777777778
1 0.6521875 0.57 0.101875 0.21555555555555556
0 0.479375 0.7416666666666667 0.10625 0.27
0 0.3159375 0.44 0.129375 0.24444444444444444
4 0.8425 0.2861111111111111 0.13125 0.22555555555555556
4 0.3377777777777778 0.4703125 0.24666666666666667 0.131875
0 0.555 0.2125 0.20333333333333334 0.12625
3 0.4627777777777778 0.7125 0.17888888888888888 0.10625
2 0.22555555555555556 0.8721875 0.29555555555555557 0.170625
3 0.7261111111111112 0.5425 0.1988888888888889 0.09875
0 0.5044444444444445 0.12375 0.19555555555555557 0.14
