4 0.853125 0.7422222222222222 0.12625 0.24888888888888888
0 0.3459375 0.42277777777777775 0.123125 0.25
0 0.49 0.2911111111111111 0.15875 0.30666666666666664
1 0.0971875 0.31222222222222223 0.130625 0.18888888888888888
4 0.7475 0.5294444444444445 0.16875 0.30333333333333334
4 0.583125 0.5683333333333334 0.0925 0.22111111111111112
0 0.2340625 0.6738888888888889 0.151875 0.2722222222222222
1 0.141875 0.5683333333333334 0.19625 0.3233333333333333
4 0.7477777777777778 0.8521875 0.24888888888888888 0.124375
2 0.3655555555555556 0.3653125 0.3 0.189375
0 0.44666666666666666 0.2184375 0.2577777777777778 0.155625
4 0.18611111111111112 0.458125 0.14555555555555555 0.115
3 0.863125 0.225 0.1475 0.30777777777777776
3 0.24875 0.6455555555555555 0.14125 0.2911111111111111
1 0.39125 0.5138888888888888 0.12125 0.24333333333333335
4 0.61875 0.14166666666666666 0.18375 0.25222222222222224
1 0.8528125 0.33944444444444444 0.141875 0.2611111111111111
3 0.106875 0.5472222222222223 0.1775 0.29
3 0.3340625 0.7094444444444444 0.123125 0.22555555555555556
0 0.8596875 0.22055555555555556 0.174375 0.2966666666666667
2 0.101875 0.6644444444444444 0.14 0.25555555555555554
