4 0.3459375 0.7083333333333334 0.155625 0.32555555555555554
3 0.0684375 0.35388888888888886 0.119375 0.2877777777777778
3 0.8353125 0.41 0.095625 0.2311111111111111
2 0.5622222222222222 0.7075 0.27555555555555555 0.165
3 0.6288888888888889 0.3925 0.2111111111111111 0.14125
0 0.20555555555555555 0.08125 0.15777777777777777 0.125
0 0.200625 0.6255555555555555 0.13125 0.26
3 0.4703125 0.44 0.156875 0.28444444444444444
2 0.335625 0.1361111111111111 0.14375 0.27
0 0.61 0.5416666666666666 0.17875 0.29
3 0.1096875 0.41888888888888887 0.141875 0.26666666666666666
0 0.5471875 0.6477777777777778 0.133125 0.27111111111111114
1 0.8246875 0.7327777777777778 0.098125 0.21444444444444444
0 0.125 0.29944444444444446 0.17 0.31666666666666665
3 0.6090625 0.6077777777777778 0.141875 0.2866666666666667
0 0.3283333333333333 0.85 0.2011111111111111 0.13125
3 0.7261111111111112 0.5853125 0.21444444444444444 0.104375
1 0.30375 0.24944444444444444 0.1725 0.23444444444444446
1 0.6640625 0.6327777777777778 0.148125 0.29
2 0.0971875 0.7216666666666667 0.131875 0.23
