3 0.25333333333333335 0.6425 0.11333333333333333 0.0975
4 0.4888888888888889 0.49 0.30444444444444446 0.16625
4 0.7716666666666666 0.3109375 0.30777777777777776 0.183125
0 0.6327777777777778 0.869375 0.31222222222222223 0.17625
3 0.35625 0.3927777777777778 0.17125 0.29
2 0.83 0.565 0.10875 0.27666666666666667
1 0.585 0.18944444444444444 0.12375 0.2388888888888889
3 0.8490625 0.79 0.141875 0.32
2 0.07625 0.37777777777777777 0.15125 0.3111111111111111
4 0.16555555555555557 0.6321875 0.3244444444444444 0.191875
3 0.3194444444444444 0.8525 0.21666666666666667 0.1425
0 0.5722222222222222 0.3775 0.30666666666666664 0.1725
4 0.2334375 0.14333333333333334 0.108125 0.19333333333333333
3 0.3909375 0.7411111111111112 0.125625 0.26222222222222225
0 0.0928125 0.2966666666666667 0.123125 0.27555555555555555
4 0.470625 0.45 0.12375 0.32222222222222224
4 0.22375 0.2 0.13 0.1622222222222222
3 0.328125 0.7155555555555555 0.08875 0.17333333333333334
1 0.2777777777777778 0.223125 0.2288888888888889 0.1075
1 0.6566666666666666 0.1134375 0.26 0.129375
