0 0.6478125 0.7194444444444444 0.113125 0.1988888888888889
1 0.1178125 0.31 0.199375 0.25333333333333335
0 0.4771875 0.16111111111111112 0.154375 0.24666666666666667
3 0.1084375 0.6388888888888888 0.139375 0.2577777777777778
1 0.2415625 0.5555555555555556 0.156875 0.28444444444444444
4 0.7309375 0.7572222222222222 0.140625 0.3011111111111111
4 0.339375 0.30277777777777776 0.10375 0.16555555555555557
2 0.606875 0.2544444444444444 0.14125 0.26222222222222225
4 0.7422222222222222 0.695 0.23333333333333334 0.125
4 0.5483333333333333 0.4184375 0.27 0.136875
4 0.4066666666666667 0.128125 0.2 0.12125
3 0.3153125 0.7333333333333333 0.123125 0.22
0 0.7 0.6616666666666666 0.1575 0.3211111111111111
4 0.0725 0.1438888888888889 0.12875 0.27
1 0.5340625 0.38666666666666666 0.131875 0.2644444444444444
4 0.389375 0.5327777777777778 0.15 0.31
4 0.8321875 0.42 0.113125 0.20444444444444446
1 0.2828125 0.2966666666666667 0.176875 0.34
0 0.3909375 0.7211111111111111 0.160625 0.2311111111111111
2 0.1565625 0.5505555555555556 0.156875 0.27444444444444444
3 0.6071875 0.16777777777777778 0.128125 0.2733333333333333
1 0.4984375 0.6294444444444445 0.143125 0.2411111111111111
2 0.47944444444444445 0.2503125 0.31666666666666665 0.173125
0 0.3477777777777778 0.848125 0.24666666666666667 0.125
