3 0.110625 0.515 0.16125 0.2966666666666667
0 0.29875 0.6072222222222222 0.165 0.25
0 0.849375 0.37722222222222224 0.14625 0.2544444444444444
0 0.665625 0.26611111111111113 0.1525 0.2633333333333333
0 0.2540625 0.6594444444444445 0.136875 0.2722222222222222
0 0.8375 0.16777777777777778 0.12 0.2222222222222222
4 0.0690625 0.6988888888888889 0.099375 0.19111111111111112
4 0.226875 0.2733333333333333 0.11 0.2111111111111111
1 0.8440625 0.5044444444444445 0.124375 0.23777777777777778
1 0.5628125 0.20055555555555554 0.171875 0.2833333333333333
2 0.7077777777777777 0.10625 0.2111111111111111 0.15
4 0.13333333333333333 0.5990625 0.23333333333333334 0.145625
3 0.49666666666666665 0.703125 0.18 0.10625
4 0.6083333333333333 0.4565625 0.20777777777777778 0.108125
4 0.7066666666666667 0.5615625 0.19555555555555557 0.113125
2 0.2916666666666667 0.73125 0.2633333333333333 0.1675
4 0.37222222222222223 0.1384375 0.2 0.120625
0 0.6638888888888889 0.29375 0.33444444444444443 0.1475
4 0.155 0.4296875 0.21222222222222223 0.134375
4 0.6103125 0.7716666666666666 0.155625 0.32555555555555554
3 0.091875 0.2972222222222222 0.12 0.22555555555555556
1 0.2115625 0.4 0.109375 0.26222222222222225
4 0.4734375 0.22555555555555556 0.131875 0.2511111111111111
4 0.108125 0.3288888888888889 0.1225 0.2111111111111111
3 0.355625 0.13333333333333333 0.1225 0.21333333333333335
1 0.589375 0.7322222222222222 0.09375 0.2311111111111111
