0 0.8384375 0.5222222222222223 0.103125 0.21555555555555556
0 0.71625 0.7494444444444445 0.14875 0.27
4 0.114375 0.21944444444444444 0.1 0.21
4 0.345 0.18611111111111112 0.13875 0.3277777777777778
3 0.103125 0.7738888888888888 0.11 0.29
0 0.8315625 0.14944444444444444 0.109375 0.20777777777777778
4 0.57625 0.33111111111111113 0.1825 0.3377777777777778
2 0.3888888888888889 0.8446875 0.24 0.138125
0 0.24625 0.7805555555555556 0.1875 0.3277777777777778
3 0.445625 0.6244444444444445 0.07625 0.20666666666666667
1 0.76 0.1922222222222222 0.195 0.2911111111111111
4 0.869375 0.31777777777777777 0.15875 0.35333333333333333
1 0.3409375 0.5438888888888889 0.121875 0.23444444444444446
3 0.8428125 0.54 0.120625 0.21777777777777776
0 0.5009375 0.6644444444444444 0.183125 0.27555555555555555
2 0.614375 0.7622222222222222 0.16125 0.28
4 0.36 0.12375 0.2288888888888889 0.14875
0 0.4588888888888889 0.2990625 0.17777777777777778 0.129375
0 0.6161111111111112 0.4871875 0.24333333333333335 0.134375
