0 0.135 0.8490625 0.1922222222222222 0.151875
1 0.29 0.30125 0.2088888888888889 0.15125
1 0.7633333333333333 0.470625 0.2733333333333333 0.125
4 0.4577777777777778 0.66625 0.2511111111111111 0.15125
1 0.56125 0.6855555555555556 0.13125 0.15555555555555556
2 0.1365625 0.4444444444444444 0.140625 0.2822222222222222
4 0.43125 0.6655555555555556 0.1575 0.32
0 0.696875 0.5244444444444445 0.11625 0.24
2 0.86875 0.35055555555555556 0.17375 0.2966666666666667
1 0.2675 0.3877777777777778 0.12875 0.2733333333333333
4 0.42625 0.6566666666666666 0.16 0.3088888888888889
0 0.69375 0.11388888888888889 0.1225 0.22555555555555556
4 0.4015625 0.48388888888888887 0.184375 0.34555555555555556
2 0.2759375 0.1761111111111111 0.169375 0.3211111111111111
1 0.48625 0.23666666666666666 0.11875 0.24666666666666667
1 0.5971875 0.7238888888888889 0.104375 0.23444444444444446
0 0.8475 0.62 0.13375 0.22444444444444445
0 0.75 0.35055555555555556 0.175 0.27666666666666667
1 0.099375 0.6372222222222222 0.17125 0.2833333333333333
4 0.8325 0.13111111111111112 0.11875 0.23555555555555555
0 0.67875 0.2411111111111111 0.115 0.21555555555555556
4 0.375 0.4688888888888889 0.115 0.18888888888888888
4 0.249375 0.7905555555555556 0.1675 0.3477777777777778
1 0.8490625 0.5566666666666666 0.136875 0.2644444444444444
4 0.5928125 0.13444444444444445 0.135625 0.24
2 0.5505555555555556 0.591875 0.22111111111111112 0.1025
3 0.7488888888888889 0.3703125 0.2688888888888889 0.156875
