3 0.31 0.6372222222222222 0.12375 0.33444444444444443
0 0.4875 0.15944444444444444 0.11625 0.2388888888888889
4 0.865625 0.31777777777777777 0.1475 0.2688888888888889
1 0.6896875 0.7566666666666667 0.158125 0.28444444444444444
1 0.14125 0.4483333333333333 0.1475 0.24333333333333335
2 0.16 0.5840625 0.21555555555555556 0.118125
0 0.5155555555555555 0.3328125 0.19777777777777777 0.126875
3 0.2421875 0.31166666666666665 0.095625 0.20555555555555555
4 0.0646875 0.6955555555555556 0.126875 0.19777777777777777
4 0.765 0.6734375 0.27 0.171875
0 0.49722222222222223 0.4675 0.2411111111111111 0.145
3 0.3628125 0.1938888888888889 0.113125 0.2011111111111111
0 0.6265625 0.41055555555555556 0.159375 0.29444444444444445
0 0.1140625 0.4538888888888889 0.151875 0.2966666666666667
1 0.6946875 0.7422222222222222 0.110625 0.26666666666666666
3 0.545625 0.22055555555555556 0.11375 0.23444444444444446
4 0.8446875 0.2644444444444444 0.113125 0.2777777777777778
2 0.3525 0.6133333333333333 0.1725 0.31333333333333335
0 0.08375 0.7722222222222223 0.15625 0.29777777777777775
