2 0.8609375 0.5044444444444445 0.143125 0.24666666666666667
0 0.2425 0.43222222222222223 0.1475 0.2644444444444444
4 0.336875 0.24888888888888888 0.0875 0.22
1 0.485 0.7638888888888888 0.13625 0.2788888888888889
3 0.2296875 0.6416666666666667 0.119375 0.21444444444444444
0 0.1159375 0.23833333333333334 0.138125 0.23
3 0.7434375 0.3516666666666667 0.159375 0.2922222222222222
4 0.4675 0.7494444444444445 0.10125 0.26555555555555554
1 0.3478125 0.25277777777777777 0.161875 0.27444444444444444
3 0.825625 0.12444444444444444 0.10625 0.21555555555555556
4 0.0853125 0.43722222222222223 0.141875 0.24555555555555555
2 0.2521875 0.7316666666666667 0.099375 0.21666666666666667
4 0.86 0.295 0.1575 0.2677777777777778
0 0.66625 0.44222222222222224 0.15625 0.25333333333333335
0 0.4834375 0.6472222222222223 0.175625 0.3566666666666667
3 0.6825 0.7861111111111111 0.1575 0.33
4 0.8446875 0.5911111111111111 0.108125 0.2088888888888889
4 0.2915625 0.4672222222222222 0.123125 0.23
1 0.1434375 0.2111111111111111 0.200625 0.25333333333333335
1 0.4840625 0.34833333333333333 0.134375 0.2611111111111111
3 0.46875 0.6427777777777778 0.1275 0.3322222222222222
1 0.6575 0.3477777777777778 0.12625 0.28444444444444444
2 0.371875 0.22277777777777777 0.14625 0.35444444444444445
4 0.11125 0.43222222222222223 0.09875 0.2
3 0.4659375 0.2627777777777778 0.098125 0.24333333333333335
3 0.7340625 0.6355555555555555 0.160625 0.22444444444444445
1 0.8284375 0.5472222222222223 0.111875 0.2388888888888889
