3 0.5103125 0.32055555555555554 0.166875 0.3055555555555556
4 0.84375 0.5416666666666666 0.105 0.17444444444444446
4 0.1540625 0.7305555555555555 0.181875 0.2633333333333333
3 0.3328125 0.6772222222222222 0.121875 0.1388888888888889
3 0.5828125 0.175 0.109375 0.19
4 0.1053125 0.5777777777777777 0.178125 0.29333333333333333
3 0.8540625 0.35388888888888886 0.139375 0.19666666666666666
3 0.6590625 0.365 0.115625 0.21444444444444444
2 0.3290625 0.3011111111111111 0.175625 0.32
2 0.85125 0.5188888888888888 0.14875 0.3466666666666667
0 0.148125 0.6238888888888889 0.145 0.2966666666666667
4 0.5871875 0.3227777777777778 0.124375 0.22111111111111112
3 0.3434375 0.1761111111111111 0.138125 0.3433333333333333
1 0.110625 0.7477777777777778 0.10375 0.24444444444444444
4 0.8546875 0.12944444444444445 0.140625 0.25666666666666665
4 0.506875 0.5033333333333333 0.16625 0.30666666666666664
2 0.13875 0.36 0.13875 0.26666666666666666
0 0.8475 0.7238888888888889 0.1375 0.2544444444444444
