4 0.4 0.41333333333333333 0.1725 0.2511111111111111
1 0.7090625 0.5616666666666666 0.174375 0.3411111111111111
4 0.2109375 0.2811111111111111 0.101875 0.19333333333333333
0 0.088125 0.7327777777777778 0.16375 0.2677777777777778
3 0.320625 0.14944444444444444 0.0975 0.27
4 0.8540625 0.5461111111111111 0.156875 0.24555555555555555
0 0.3934375 0.7605555555555555 0.184375 0.30333333333333334
3 0.5975 0.2911111111111111 0.105 0.2088888888888889
1 0.7271875 0.5366666666666666 0.120625 0.19333333333333333
1 0.2446875 0.6238888888888889 0.130625 0.1988888888888889
4 0.4884375 0.4411111111111111 0.130625 0.1711111111111111
4 0.8565625 0.2311111111111111 0.135625 0.25555555555555554
1 0.1246875 0.4 0.133125 0.2577777777777778
4 0.4111111111111111 0.8671875 0.28444444444444444 0.159375
1 0.7783333333333333 0.1140625 0.3388888888888889 0.150625
0 0.21944444444444444 0.603125 0.2388888888888889 0.13125
4 0.5361111111111111 0.345625 0.19444444444444445 0.115
1 0.6053125 0.6961111111111111 0.163125 0.30333333333333334
3 0.17125 0.31222222222222223 0.07 0.2111111111111111
3 0.3534375 0.44166666666666665 0.175625 0.3011111111111111
2 0.0690625 0.7394444444444445 0.123125 0.21888888888888888
4 0.83625 0.2388888888888889 0.10875 0.23333333333333334
1 0.4627777777777778 0.4921875 0.2633333333333333 0.129375
4 0.5727777777777778 0.123125 0.1922222222222222 0.1025
1 0.325 0.8790625 0.2811111111111111 0.190625
4 0.7383333333333333 0.3059375 0.23 0.113125
4 0.7175 0.6594444444444445 0.13 0.2677777777777778
2 0.3609375 0.23666666666666666 0.174375 0.34
4 0.2078125 0.5733333333333334 0.120625 0.28
1 0.8625 0.31444444444444447 0.1675 0.31333333333333335
4 0.45 0.46111111111111114 0.1 0.23777777777777778
