2 0.2088888888888889 0.0934375 0.35555555555555557 0.175625
2 0.7533333333333333 0.84 0.3022222222222222 0.11
4 0.465 0.6753125 0.2966666666666667 0.170625
3 0.5433333333333333 0.4734375 0.1688888888888889 0.156875
4 0.8128125 0.5461111111111111 0.080625 0.21888888888888888
1 0.4878125 0.6644444444444444 0.125625 0.2733333333333333
1 0.381875 0.22111111111111112 0.14625 0.29777777777777775
4 0.7203125 0.7316666666666667 0.128125 0.22333333333333333
1 0.13625 0.27166666666666667 0.1175 0.21666666666666667
4 0.1275 0.16333333333333333 0.10625 0.20666666666666667
4 0.7059375 0.4766666666666667 0.148125 0.29555555555555557
3 0.56 0.2838888888888889 0.16 0.29
0 0.2509375 0.6661111111111111 0.150625 0.2922222222222222
1 0.8696875 0.7827777777777778 0.170625 0.33444444444444443
4 0.47125 0.5838888888888889 0.12625 0.20555555555555555
3 0.08125 0.48333333333333334 0.0875 0.24222222222222223
4 0.8509375 0.5966666666666667 0.130625 0.23333333333333334
1 0.5571875 0.725 0.141875 0.2544444444444444
0 0.2575 0.1438888888888889 0.14125 0.26555555555555554
4 0.3978125 0.25055555555555553 0.123125 0.24555555555555555
4 0.435 0.6753125 0.2544444444444444 0.150625
2 0.7411111111111112 0.145 0.27555555555555555 0.16375
