4 0.205 0.3221875 0.31 0.153125
0 0.6333333333333333 0.5165625 0.3466666666666667 0.183125
3 0.6625 0.7383333333333333 0.085 0.2411111111111111
4 0.5246875 0.49777777777777776 0.116875 0.22444444444444445
4 0.2196875 0.13 0.121875 0.18444444444444444
4 0.7427777777777778 0.593125 0.23666666666666666 0.105
0 0.20722222222222222 0.5103125 0.34555555555555556 0.175625
4 0.6577777777777778 0.2478125 0.2644444444444444 0.123125
4 0.45611111111111113 0.1465625 0.2544444444444444 0.156875
1 0.5483333333333333 0.74125 0.2411111111111111 0.165
1 0.1140625 0.275 0.170625 0.2833333333333333
4 0.3046875 0.7627777777777778 0.178125 0.3322222222222222
4 0.6588888888888889 0.7334375 0.3422222222222222 0.190625
4 0.41055555555555556 0.258125 0.27444444444444444 0.14875
3 0.17 0.1228125 0.2222222222222222 0.180625
2 0.48333333333333334 0.4128125 0.20666666666666667 0.155625
1 0.2638888888888889 0.568125 0.19666666666666666 0.1625
2 0.39555555555555555 0.3975 0.34 0.185
0 0.7711111111111111 0.6328125 0.2866666666666667 0.174375
0 0.135 0.138125 0.22111111111111112 0.14625
4 0.5183333333333333 0.8484375 0.18333333333333332 0.124375
3 0.420625 0.2638888888888889 0.11375 0.19444444444444445
4 0.5721875 0.15611111111111112 0.133125 0.20777777777777778
3 0.1375 0.475 0.11625 0.15888888888888889
