4 0.6196875 0.5755555555555556 0.153125 0.29555555555555557
2 0.8540625 0.38333333333333336 0.136875 0.26666666666666666
4 0.4738888888888889 0.531875 0.17666666666666667 0.1075
4 0.2861111111111111 0.254375 0.2588888888888889 0.155
3 0.17055555555555554 0.1121875 0.25666666666666665 0.170625
4 0.3315625 0.2111111111111111 0.101875 0.22
3 0.858125 0.44166666666666665 0.1475 0.3322222222222222
3 0.6240625 0.6116666666666667 0.183125 0.3233333333333333
1 0.0778125 0.7383333333333333 0.098125 0.22777777777777777
4 0.4559375 0.5755555555555556 0.114375 0.20444444444444446
0 0.0875 0.18611111111111112 0.16 0.3388888888888889
2 0.27375 0.3138888888888889 0.14125 0.29
0 0.8840625 0.7272222222222222 0.188125 0.20333333333333334
0 0.40555555555555556 0.090625 0.22 0.13
1 0.6366666666666667 0.5921875 0.2111111111111111 0.131875
3 0.5555555555555556 0.3625 0.24444444444444444 0.1675
4 0.13055555555555556 0.708125 0.1811111111111111 0.11625
0 0.2338888888888889 0.4646875 0.1922222222222222 0.124375
4 0.2061111111111111 0.8596875 0.30333333333333334 0.164375
3 0.23555555555555555 0.69 0.14222222222222222 0.11125
1 0.40055555555555555 0.401875 0.25222222222222224 0.1075
