0 0.6696875 0.45666666666666667 0.056875 0.16666666666666666
4 0.8446875 0.7594444444444445 0.114375 0.27444444444444444
4 0.5590625 0.3738888888888889 0.126875 0.25
3 0.131875 0.23444444444444446 0.1475 0.22
0 0.28 0.625 0.1525 0.2544444444444444
0 0.719375 0.6227777777777778 0.11125 0.20777777777777778
1 0.86 0.28555555555555556 0.155 0.27111111111111114
4 0.6303125 0.7472222222222222 0.169375 0.2722222222222222
4 0.1428125 0.5511111111111111 0.140625 0.24888888888888888
4 0.50125 0.4 0.1475 0.31555555555555553
3 0.2328125 0.44722222222222224 0.084375 0.22555555555555556
0 0.3284375 0.2922222222222222 0.171875 0.31555555555555553
3 0.5040625 0.7638888888888888 0.158125 0.3188888888888889
4 0.12625 0.49666666666666665 0.13125 0.25555555555555554
1 0.850625 0.6261111111111111 0.12125 0.2788888888888889
3 0.6565625 0.3977777777777778 0.098125 0.29333333333333333
0 0.4565625 0.48 0.139375 0.2822222222222222
4 0.0796875 0.7633333333333333 0.158125 0.2911111111111111
4 0.2584375 0.595 0.129375 0.23444444444444446
4 0.7033333333333334 0.8740625 0.21555555555555556 0.184375
2 0.215 0.130625 0.31222222222222223 0.175
4 0.39666666666666667 0.410625 0.24666666666666667 0.145
4 0.6533333333333333 0.5775 0.33111111111111113 0.1825
1 0.31444444444444447 0.7353125 0.32222222222222224 0.131875
4 0.705 0.2409375 0.20333333333333334 0.118125
3 0.4027777777777778 0.4790625 0.3188888888888889 0.106875
1 0.6761111111111111 0.4003125 0.32555555555555554 0.193125
0 0.48125 0.6355555555555555 0.145 0.26222222222222225
4 0.845625 0.46555555555555556 0.12375 0.31777777777777777
1 0.08125 0.11 0.095 0.20222222222222222
4 0.3575 0.255 0.1475 0.29444444444444445
4 0.2025 0.5138888888888888 0.0875 0.21666666666666667
0 0.733125 0.3616666666666667 0.14875 0.31
