0 0.21611111111111111 0.4653125 0.21 0.131875
3 0.5988888888888889 0.836875 0.15555555555555556 0.1175
3 0.6016666666666667 0.613125 0.32555555555555554 0.175
3 0.365 0.094375 0.1811111111111111 0.1475
4 0.30666666666666664 0.7228125 0.2288888888888889 0.141875
1 0.5346875 0.6188888888888889 0.129375 0.22666666666666666
3 0.23833333333333334 0.7071875 0.17222222222222222 0.125625
1 0.4866666666666667 0.5646875 0.21333333333333335 0.129375
2 0.39555555555555555 0.423125 0.2577777777777778 0.13625
3 0.115 0.6433333333333333 0.1125 0.29777777777777775
3 0.6578125 0.16944444444444445 0.125625 0.1322222222222222
4 0.86375 0.7761111111111111 0.18 0.3011111111111111
1 0.2925 0.3438888888888889 0.11 0.22111111111111112
3 0.8709375 0.5972222222222222 0.164375 0.2833333333333333
4 0.1009375 0.21777777777777776 0.119375 0.2111111111111111
4 0.3496875 0.7355555555555555 0.119375 0.21555555555555556
0 0.858125 0.5444444444444444 0.1525 0.3088888888888889
0 0.11722222222222223 0.1059375 0.23 0.109375
4 0.6638888888888889 0.5978125 0.13666666666666666 0.114375
4 0.5211111111111111 0.3559375 0.24666666666666667 0.120625
0 0.3238888888888889 0.8603125 0.2477777777777778 0.149375
