4 0.865625 0.5383333333333333 0.16125 0.27666666666666667
3 0.396875 0.32055555555555554 0.10375 0.29888888888888887
1 0.131875 0.7977777777777778 0.16 0.33555555555555555
1 0.7128125 0.6366666666666667 0.149375 0.24444444444444444
0 0.594375 0.5927777777777777 0.15625 0.2877777777777778
1 0.0928125 0.3022222222222222 0.179375 0.3244444444444444
1 0.375 0.36 0.2922222222222222 0.19125
3 0.6772222222222222 0.2134375 0.32555555555555554 0.156875
1 0.26 0.60375 0.25333333333333335 0.16125
4 0.5461111111111111 0.7415625 0.2544444444444444 0.178125
3 0.3540625 0.5572222222222222 0.141875 0.25
4 0.33625 0.23444444444444446 0.12625 0.19777777777777777
1 0.48375 0.5877777777777777 0.17125 0.2911111111111111
4 0.7344444444444445 0.3471875 0.2688888888888889 0.153125
0 0.5566666666666666 0.6053125 0.27555555555555555 0.165625
4 0.19666666666666666 0.866875 0.28 0.18375
