4 0.5861111111111111 0.6021875 0.2922222222222222 0.173125
0 0.475 0.20875 0.25 0.15625
4 0.6871875 0.5177777777777778 0.176875 0.3088888888888889
4 0.2821875 0.5716666666666667 0.111875 0.17444444444444446
3 0.4540625 0.3561111111111111 0.083125 0.22777777777777777
3 0.838125 0.20444444444444446 0.105 0.16444444444444445
4 0.116875 0.7422222222222222 0.15375 0.2733333333333333
4 0.53 0.45375 0.21777777777777776 0.12125
1 0.7094444444444444 0.58625 0.21444444444444444 0.13375
4 0.35833333333333334 0.2240625 0.23444444444444446 0.168125
2 0.44166666666666665 0.7521875 0.2811111111111111 0.169375
0 0.15833333333333333 0.8734375 0.31222222222222223 0.174375
2 0.6372222222222222 0.2759375 0.2722222222222222 0.165625
1 0.5566666666666666 0.4078125 0.3111111111111111 0.191875
3 0.7177777777777777 0.599375 0.23333333333333334 0.10125
0 0.31277777777777777 0.1321875 0.22333333333333333 0.114375
1 0.8528125 0.43222222222222223 0.141875 0.28444444444444444
1 0.4190625 0.33 0.154375 0.29777777777777775
4 0.2603125 0.78 0.129375 0.3244444444444444
4 0.123125 0.20722222222222222 0.1475 0.27
4 0.685 0.5305555555555556 0.1 0.2633333333333333
3 0.5571875 0.6411111111111111 0.136875 0.26666666666666666
4 0.585 0.14722222222222223 0.09125 0.20777777777777778
3 0.5709375 0.5933333333333334 0.155625 0.2088888888888889
2 0.4225 0.16055555555555556 0.13875 0.18777777777777777
0 0.1640625 0.43222222222222223 0.180625 0.3088888888888889
