3 0.1046875 0.6288888888888889 0.145625 0.24
4 0.6859375 0.34055555555555556 0.121875 0.25666666666666665
4 0.5409375 0.4111111111111111 0.128125 0.2
0 0.85875 0.35055555555555556 0.16875 0.33
4 0.604375 0.5716666666666667 0.14 0.2722222222222222
3 0.361875 0.23444444444444446 0.13375 0.26222222222222225
1 0.2253125 0.6388888888888888 0.100625 0.24
2 0.491875 0.7544444444444445 0.15375 0.30444444444444446
0 0.1340625 0.4111111111111111 0.156875 0.28444444444444444
1 0.2484375 0.49944444444444447 0.160625 0.31
1 0.8478125 0.5305555555555556 0.128125 0.20555555555555555
2 0.74125 0.415 0.16125 0.31
4 0.36375 0.64 0.145 0.2577777777777778
2 0.5915625 0.2783333333333333 0.108125 0.20333333333333334
4 0.095625 0.7122222222222222 0.10125 0.23333333333333334
4 0.3238888888888889 0.595 0.17666666666666667 0.115
3 0.1411111111111111 0.1140625 0.19111111111111112 0.161875
0 0.725 0.85375 0.21888888888888888 0.1275
4 0.5461111111111111 0.3534375 0.2411111111111111 0.136875
0 0.0940625 0.6694444444444444 0.156875 0.2833333333333333
0 0.866875 0.2688888888888889 0.1525 0.2911111111111111
3 0.72125 0.39222222222222225 0.12 0.33555555555555555
2 0.495625 0.7383333333333333 0.185 0.21888888888888888
3 0.2259375 0.15333333333333332 0.163125 0.26
0 0.14944444444444444 0.624375 0.27 0.17625
4 0.703125 0.36333333333333334 0.145 0.3088888888888889
4 0.84875 0.615 0.1325 0.23222222222222222
4 0.0878125 0.7127777777777777 0.129375 0.23222222222222222
