4 0.4884375 0.31 0.145625 0.2822222222222222
4 0.27625 0.1411111111111111 0.09625 0.23555555555555555
0 0.854375 0.5561111111111111 0.12625 0.1922222222222222
3 0.6865625 0.7372222222222222 0.166875 0.2611111111111111
3 0.351875 0.5761111111111111 0.10875 0.2477777777777778
0 0.3827777777777778 0.348125 0.1988888888888889 0.12875
3 0.2884375 0.3438888888888889 0.080625 0.23444444444444446
3 0.1096875 0.215 0.080625 0.22555555555555556
4 0.6725 0.475 0.1325 0.2477777777777778
1 0.4111111111111111 0.3953125 0.2777777777777778 0.153125
2 0.13555555555555557 0.8396875 0.1711111111111111 0.125625
3 0.5388888888888889 0.1034375 0.3111111111111111 0.179375
4 0.2727777777777778 0.2321875 0.22333333333333333 0.131875
3 0.2875 0.27055555555555555 0.11875 0.3277777777777778
4 0.6428125 0.59 0.091875 0.21555555555555556
2 0.128125 0.38166666666666665 0.16875 0.3011111111111111
1 0.0796875 0.2594444444444444 0.129375 0.27444444444444444
3 0.529375 0.71 0.1125 0.21555555555555556
2 0.3790625 0.485 0.118125 0.24555555555555555
0 0.8453125 0.1338888888888889 0.133125 0.2633333333333333
1 0.69125 0.35944444444444446 0.13125 0.23444444444444446
