2 0.23944444444444443 0.1184375 0.2833333333333333 0.158125
3 0.3416666666666667 0.845 0.14333333333333334 0.12625
4 0.575 0.611875 0.26555555555555554 0.155
3 0.4434375 0.2 0.088125 0.18666666666666668
3 0.089375 0.4461111111111111 0.13875 0.17888888888888888
0 0.3675 0.55 0.11875 0.23555555555555555
4 0.24055555555555555 0.0725 0.2388888888888889 0.1325
2 0.3283333333333333 0.2253125 0.17 0.124375
0 0.6165625 0.3461111111111111 0.135625 0.21888888888888888
0 0.88 0.5911111111111111 0.19125 0.33555555555555555
4 0.6028125 0.3161111111111111 0.124375 0.14777777777777779
4 0.711875 0.4672222222222222 0.11 0.26555555555555554
4 0.39 0.20166666666666666 0.16375 0.2833333333333333
3 0.8475 0.5477777777777778 0.14875 0.24444444444444444
1 0.2490625 0.295 0.114375 0.2877777777777778
3 0.1384375 0.7572222222222222 0.124375 0.2966666666666667
0 0.4796875 0.6522222222222223 0.110625 0.27111111111111114
1 0.539375 0.6366666666666667 0.1125 0.24666666666666667
4 0.103125 0.46944444444444444 0.145 0.2877777777777778
3 0.3903125 0.5283333333333333 0.116875 0.21888888888888888
3 0.8465625 0.7461111111111111 0.123125 0.27666666666666667
