1 0.09 0.615 0.11125 0.1988888888888889
2 0.59 0.7283333333333334 0.10875 0.23222222222222222
0 0.481875 0.19666666666666666 0.1425 0.32
4 0.2971875 0.3022222222222222 0.143125 0.26222222222222225
0 0.6615625 0.6083333333333333 0.141875 0.27444444444444444
4 0.121875 0.15944444444444444 0.1575 0.27666666666666667
4 0.4940625 0.4638888888888889 0.171875 0.28555555555555556
1 0.088125 0.5533333333333333 0.1225 0.20666666666666667
4 0.648125 0.12444444444444444 0.105 0.23555555555555555
4 0.4703125 0.42777777777777776 0.128125 0.2511111111111111
3 0.3503125 0.3622222222222222 0.094375 0.3022222222222222
1 0.86375 0.7922222222222223 0.16625 0.32666666666666666
4 0.6834375 0.6083333333333333 0.113125 0.19444444444444445
3 0.080625 0.525 0.13375 0.2611111111111111
2 0.2265625 0.27944444444444444 0.119375 0.23666666666666666
3 0.04375 0.33 0.08625 0.23777777777777778
1 0.704375 0.6788888888888889 0.1625 0.32222222222222224
4 0.8434375 0.43166666666666664 0.128125 0.23666666666666666
1 0.233125 0.7838888888888889 0.15375 0.32555555555555554
4 0.494375 0.5766666666666667 0.13625 0.24888888888888888
1 0.6771875 0.15944444444444444 0.143125 0.31
