1 0.85 0.20222222222222222 0.1175 0.2777777777777778
1 0.3721875 0.7077777777777777 0.140625 0.21555555555555556
0 0.58625 0.5166666666666667 0.08 0.19111111111111112
0 0.1165625 0.34944444444444445 0.118125 0.21444444444444444
1 0.080625 0.6166666666666667 0.15625 0.3022222222222222
1 0.2659375 0.7622222222222222 0.141875 0.3022222222222222
4 0.3465625 0.7394444444444445 0.134375 0.22111111111111112
0 0.108125 0.395 0.15625 0.3388888888888889
1 0.5244444444444445 0.55 0.2222222222222222 0.1225
4 0.34055555555555556 0.410625 0.2411111111111111 0.14625
4 0.8446875 0.7188888888888889 0.126875 0.21777777777777776
0 0.3390625 0.5533333333333333 0.134375 0.2777777777777778
2 0.70125 0.48 0.155 0.3022222222222222
4 0.8440625 0.5416666666666666 0.136875 0.22555555555555556
3 0.375 0.6227777777777778 0.10875 0.18777777777777777
1 0.561875 0.3988888888888889 0.11875 0.2
0 0.4290625 0.2911111111111111 0.135625 0.19777777777777777
4 0.14375 0.6266666666666667 0.13125 0.22666666666666666
0 0.72875 0.7894444444444444 0.16875 0.33666666666666667
4 0.2803125 0.2338888888888889 0.121875 0.2966666666666667
