2 0.475 0.7290625 0.22777777777777777 0.136875
0 0.3038888888888889 0.5965625 0.21666666666666667 0.119375
1 0.53875 0.24444444444444444 0.11 0.20444444444444446
0 0.2528125 0.735 0.130625 0.21666666666666667
3 0.1521875 0.25222222222222224 0.148125 0.25555555555555554
3 0.5896875 0.5494444444444444 0.088125 0.18333333333333332
0 0.7488888888888889 0.326875 0.26 0.16875
0 0.3388888888888889 0.675625 0.23333333333333334 0.13875
1 0.26 0.4261111111111111 0.165 0.26555555555555554
3 0.1359375 0.6988888888888889 0.155625 0.3111111111111111
1 0.8675 0.8016666666666666 0.18625 0.35
0 0.2940625 0.7772222222222223 0.190625 0.3322222222222222
3 0.1190625 0.11277777777777778 0.128125 0.2011111111111111
2 0.6884375 0.21222222222222223 0.116875 0.1622222222222222
0 0.4221875 0.5227777777777778 0.159375 0.30333333333333334
2 0.5615625 0.6305555555555555 0.150625 0.2788888888888889
3 0.7053125 0.20666666666666667 0.146875 0.2511111111111111
1 0.5709375 0.46 0.160625 0.3333333333333333
3 0.14625 0.7661111111111111 0.16 0.3055555555555556
3 0.270625 0.6461111111111111 0.12625 0.2788888888888889
4 0.8459375 0.5066666666666667 0.144375 0.21333333333333335
