4 0.0825 0.5777777777777777 0.13625 0.29555555555555557
4 0.331875 0.3761111111111111 0.12125 0.2811111111111111
3 0.5865625 0.7166666666666667 0.116875 0.18444444444444444
2 0.7321875 0.2111111111111111 0.148125 0.19777777777777777
0 0.51 0.7922222222222223 0.16875 0.3622222222222222
1 0.2403125 0.6177777777777778 0.119375 0.23555555555555555
1 0.849375 0.4122222222222222 0.1425 0.24
4 0.3909375 0.29944444444444446 0.121875 0.22111111111111112
4 0.6784375 0.5166666666666667 0.099375 0.24
0 0.113125 0.7544444444444445 0.1625 0.3
4 0.7544444444444445 0.6771875 0.2733333333333333 0.164375
3 0.47555555555555556 0.2959375 0.21333333333333335 0.146875
0 0.6588888888888889 0.8759375 0.33111111111111113 0.189375
4 0.39055555555555554 0.491875 0.2922222222222222 0.16625
3 0.60625 0.1811111111111111 0.1475 0.20666666666666667
3 0.09625 0.1411111111111111 0.1125 0.2644444444444444
3 0.8484375 0.6744444444444444 0.115625 0.1511111111111111
0 0.0809375 0.7211111111111111 0.120625 0.21777777777777776
0 0.220625 0.2011111111111111 0.15 0.3111111111111111
0 0.48625 0.40166666666666667 0.17875 0.33444444444444443
1 0.355 0.48388888888888887 0.1675 0.31
1 0.8384375 0.2577777777777778 0.129375 0.23555555555555555
4 0.6115625 0.6805555555555556 0.178125 0.32555555555555554
4 0.7246875 0.5088888888888888 0.153125 0.1711111111111111
