3 0.8553125 0.3527777777777778 0.126875 0.2544444444444444
4 0.391875 0.5566666666666666 0.16125 0.27111111111111114
1 0.14375 0.7727777777777778 0.145 0.31222222222222223
4 0.3715625 0.56 0.118125 0.2511111111111111
3 0.8565625 0.17277777777777778 0.129375 0.23222222222222222
2 0.2784375 0.7577777777777778 0.148125 0.27555555555555555
0 0.1384375 0.34833333333333333 0.160625 0.2922222222222222
3 0.5375 0.4177777777777778 0.08 0.2222222222222222
2 0.3655555555555556 0.2934375 0.3511111111111111 0.180625
4 0.625 0.5721875 0.25 0.154375
0 0.225 0.135 0.27666666666666667 0.155
0 0.4211111111111111 0.868125 0.25555555555555554 0.16125
1 0.725625 0.5255555555555556 0.19625 0.2733333333333333
0 0.394375 0.2861111111111111 0.12875 0.2388888888888889
4 0.1278125 0.4022222222222222 0.190625 0.24888888888888888
1 0.255625 0.7688888888888888 0.14875 0.31333333333333335
3 0.720625 0.7477777777777778 0.16875 0.29555555555555557
0 0.2509375 0.22666666666666666 0.140625 0.2733333333333333
3 0.5328125 0.62 0.096875 0.24444444444444444
4 0.108125 0.31555555555555553 0.15875 0.24888888888888888
4 0.8525 0.4038888888888889 0.1275 0.22111111111111112
0 0.2309375 0.41388888888888886 0.126875 0.2011111111111111
2 0.5446875 0.5688888888888889 0.145625 0.31333333333333335
1 0.3921875 0.7583333333333333 0.145625 0.2966666666666667
0 0.8525 0.22833333333333333 0.1525 0.22333333333333333
2 0.680625 0.32944444444444443 0.11375 0.23
