4 0.43166666666666664 0.38375 0.2833333333333333 0.18
0 0.7688888888888888 0.145625 0.3088888888888889 0.19
0 0.495625 0.7711111111111111 0.14875 0.32222222222222224
4 0.7428125 0.6061111111111112 0.170625 0.3388888888888889
4 0.38 0.48277777777777775 0.15375 0.26555555555555554
4 0.28625 0.6911111111111111 0.2025 0.33555555555555555
4 0.5733333333333334 0.62125 0.25333333333333335 0.16
4 0.46944444444444444 0.7303125 0.20555555555555555 0.133125
2 0.5516666666666666 0.6253125 0.20777777777777778 0.158125
4 0.38555555555555554 0.83875 0.2 0.11375
2 0.6677777777777778 0.2871875 0.2777777777777778 0.188125
1 0.4861111111111111 0.3234375 0.2611111111111111 0.166875
4 0.85 0.7033333333333334 0.1275 0.19777777777777777
0 0.5940625 0.21333333333333335 0.125625 0.2644444444444444
0 0.089375 0.39166666666666666 0.13375 0.2722222222222222
4 0.0884375 0.42277777777777775 0.119375 0.18777777777777777
0 0.870625 0.745 0.18375 0.29444444444444445
4 0.275 0.5911111111111111 0.1175 0.25555555555555554
