1 0.2803125 0.5983333333333334 0.144375 0.2833333333333333
2 0.088125 0.7711111111111111 0.14625 0.33111111111111113
2 0.868125 0.285 0.15875 0.25222222222222224
4 0.5727777777777778 0.111875 0.2833333333333333 0.17375
4 0.19333333333333333 0.86625 0.2577777777777778 0.15625
3 0.7172222222222222 0.3340625 0.20333333333333334 0.109375
3 0.3438888888888889 0.6021875 0.1922222222222222 0.136875
1 0.28625 0.30333333333333334 0.14625 0.28
1 0.4665625 0.12944444444444445 0.128125 0.21888888888888888
4 0.8440625 0.555 0.125625 0.20777777777777778
0 0.1040625 0.7444444444444445 0.159375 0.29777777777777775
3 0.683125 0.635 0.18375 0.2877777777777778
1 0.4884375 0.5266666666666666 0.169375 0.3377777777777778
4 0.2928125 0.24055555555555555 0.153125 0.3011111111111111
3 0.2921875 0.63 0.158125 0.32
4 0.4521875 0.11888888888888889 0.100625 0.19333333333333333
4 0.8603125 0.7422222222222222 0.159375 0.24444444444444444
0 0.079375 0.5761111111111111 0.12625 0.2633333333333333
1 0.59875 0.2577777777777778 0.14625 0.3244444444444444
0 0.3275 0.3877777777777778 0.11375 0.23555555555555555
4 0.6888888888888889 0.271875 0.17555555555555555 0.1175
0 0.2544444444444444 0.83625 0.1711111111111111 0.10875
2 0.18833333333333332 0.4946875 0.32555555555555554 0.184375
4 0.56 0.0934375 0.20666666666666667 0.139375
