2 0.5009375 0.6611111111111111 0.156875 0.28
4 0.5990625 0.34555555555555556 0.113125 0.26222222222222225
4 0.71625 0.245 0.10875 0.21444444444444444
4 0.1203125 0.4888888888888889 0.113125 0.24222222222222223
4 0.86875 0.4538888888888889 0.17375 0.32555555555555554
0 0.0890625 0.7416666666666667 0.148125 0.29
4 0.8571875 0.2588888888888889 0.138125 0.24444444444444444
0 0.265 0.4666666666666667 0.13875 0.2866666666666667
3 0.5746875 0.6472222222222223 0.165625 0.27444444444444444
4 0.7234375 0.3522222222222222 0.166875 0.24444444444444444
3 0.8340625 0.7588888888888888 0.109375 0.28
1 0.5775 0.6783333333333333 0.16375 0.3277777777777778
1 0.7090625 0.2011111111111111 0.143125 0.20666666666666667
3 0.2959375 0.41388888888888886 0.168125 0.21666666666666667
1 0.648125 0.38 0.12625 0.2688888888888889
1 0.8396875 0.6933333333333334 0.126875 0.17555555555555555
1 0.8771875 0.585 0.174375 0.3277777777777778
2 0.26875 0.5911111111111111 0.13125 0.2111111111111111
3 0.42375 0.445 0.12375 0.22555555555555556
2 0.8540625 0.2427777777777778 0.130625 0.20333333333333334
1 0.6984375 0.7672222222222222 0.104375 0.2966666666666667
4 0.29 0.6422222222222222 0.14 0.23777777777777778
