4 0.8690625 0.34444444444444444 0.164375 0.3288888888888889
1 0.2978125 0.7483333333333333 0.161875 0.27
3 0.4515625 0.6527777777777778 0.108125 0.2388888888888889
0 0.218125 0.3188888888888889 0.14625 0.26222222222222225
0 0.0925 0.2461111111111111 0.1475 0.2877777777777778
3 0.341875 0.5961111111111111 0.14125 0.29888888888888887
3 0.711875 0.42444444444444446 0.12375 0.3
0 0.8525 0.7594444444444445 0.15125 0.2788888888888889
2 0.72125 0.25277777777777777 0.14125 0.21
3 0.2184375 0.7416666666666667 0.166875 0.2877777777777778
2 0.600625 0.20333333333333334 0.1575 0.2911111111111111
4 0.276875 0.24 0.10875 0.23333333333333334
1 0.10875 0.7238888888888889 0.14625 0.20777777777777778
2 0.6478125 0.6038888888888889 0.103125 0.21666666666666667
2 0.849375 0.4961111111111111 0.1325 0.25
4 0.5305555555555556 0.09125 0.2633333333333333 0.115
3 0.73 0.261875 0.2288888888888889 0.1575
0 0.625 0.563125 0.23666666666666666 0.1625
2 0.3088888888888889 0.6975 0.2511111111111111 0.1325
3 0.3877777777777778 0.84 0.19333333333333333 0.1175
3 0.483125 0.6322222222222222 0.1375 0.29777777777777775
0 0.2890625 0.7544444444444445 0.126875 0.2511111111111111
1 0.8546875 0.43222222222222223 0.125625 0.18888888888888888
0 0.6815625 0.2038888888888889 0.156875 0.31444444444444447
0 0.8321875 0.6983333333333334 0.108125 0.19
4 0.1415625 0.27055555555555555 0.184375 0.32555555555555554
0 0.2296875 0.3566666666666667 0.118125 0.1688888888888889
3 0.7453125 0.49944444444444447 0.178125 0.2877777777777778
