3 0.07625 0.2038888888888889 0.145 0.26555555555555554
4 0.839375 0.55 0.1125 0.21555555555555556
4 0.7171875 0.7344444444444445 0.128125 0.2111111111111111
4 0.2046875 0.6661111111111111 0.143125 0.2611111111111111
1 0.343125 0.29777777777777775 0.16 0.2688888888888889
4 0.460625 0.3883333333333333 0.135 0.2633333333333333
4 0.5566666666666666 0.104375 0.26222222222222225 0.13125
3 0.6311111111111111 0.2165625 0.21333333333333335 0.109375
0 0.18222222222222223 0.7525 0.30666666666666664 0.19625
4 0.44055555555555553 0.4740625 0.26555555555555554 0.155625
0 0.3227777777777778 0.0996875 0.33666666666666667 0.193125
0 0.5933333333333334 0.281875 0.2644444444444444 0.165
2 0.3466666666666667 0.8478125 0.23333333333333334 0.121875
3 0.4483333333333333 0.744375 0.2477777777777778 0.16625
3 0.16111111111111112 0.12 0.24 0.16875
1 0.6744444444444444 0.3803125 0.32222222222222224 0.189375
0 0.2415625 0.7338888888888889 0.171875 0.2677777777777778
4 0.3884375 0.28055555555555556 0.156875 0.2877777777777778
3 0.36444444444444446 0.4225 0.27111111111111114 0.18375
4 0.4822222222222222 0.835625 0.14 0.12625
2 0.6566666666666666 0.550625 0.30444444444444446 0.145
0 0.43666666666666665 0.2515625 0.2311111111111111 0.135625
1 0.2784375 0.42833333333333334 0.178125 0.3233333333333333
0 0.136875 0.5011111111111111 0.13 0.2911111111111111
0 0.5003125 0.2388888888888889 0.149375 0.29555555555555557
