0 0.8484375 0.4955555555555556 0.116875 0.13555555555555557
3 0.6959375 0.6438888888888888 0.100625 0.2388888888888889
4 0.58 0.3061111111111111 0.15625 0.33444444444444443
1 0.4865625 0.19166666666666668 0.158125 0.3011111111111111
0 0.113125 0.6138888888888889 0.1475 0.3055555555555556
3 0.8525 0.2866666666666667 0.15375 0.2111111111111111
2 0.3521875 0.3838888888888889 0.120625 0.21666666666666667
3 0.226875 0.5594444444444444 0.11125 0.21444444444444444
1 0.466875 0.2966666666666667 0.10875 0.22
2 0.705 0.74 0.1025 0.22
0 0.1434375 0.7088888888888889 0.184375 0.33555555555555555
1 0.2003125 0.45944444444444443 0.101875 0.21
2 0.4753125 0.33666666666666667 0.150625 0.3022222222222222
3 0.6009375 0.25666666666666665 0.150625 0.3088888888888889
4 0.11 0.565 0.17125 0.25222222222222224
0 0.3440625 0.39444444444444443 0.138125 0.24888888888888888
1 0.09875 0.39055555555555554 0.1075 0.2477777777777778
3 0.5784375 0.7005555555555556 0.079375 0.2011111111111111
2 0.848125 0.23166666666666666 0.12375 0.2611111111111111
1 0.635 0.5505555555555556 0.1775 0.2966666666666667
3 0.1003125 0.10555555555555556 0.065625 0.2111111111111111
3 0.83125 0.7161111111111111 0.09 0.22555555555555556
1 0.6127777777777778 0.4928125 0.3522222222222222 0.201875
4 0.31722222222222224 0.585625 0.2811111111111111 0.1275
0 0.385 0.2090625 0.24333333333333335 0.154375
3 0.6494444444444445 0.8596875 0.25222222222222224 0.155625
1 0.4388888888888889 0.0709375 0.17777777777777778 0.136875
