1 0.866875 0.4711111111111111 0.185 0.32222222222222224
4 0.28875 0.6783333333333333 0.14625 0.15888888888888889
0 0.6534375 0.29555555555555557 0.130625 0.26
2 0.6078125 0.6761111111111111 0.159375 0.2922222222222222
0 0.841875 0.37277777777777776 0.105 0.18777777777777777
1 0.463125 0.23777777777777778 0.13125 0.2511111111111111
3 0.08625 0.6922222222222222 0.13125 0.18
4 0.5475 0.2872222222222222 0.13 0.22555555555555556
0 0.6975 0.3988888888888889 0.12125 0.23555555555555555
4 0.883125 0.6111111111111112 0.18375 0.23333333333333334
0 0.7246875 0.2838888888888889 0.135625 0.2677777777777778
4 0.3440625 0.6477777777777778 0.133125 0.27111111111111114
2 0.8503125 0.185 0.133125 0.25
1 0.101875 0.7161111111111111 0.15375 0.22555555555555556
0 0.219375 0.5188888888888888 0.13625 0.19333333333333333
4 0.1159375 0.7638888888888888 0.139375 0.3011111111111111
4 0.265625 0.4255555555555556 0.1475 0.29333333333333333
1 0.829375 0.6033333333333334 0.11 0.20444444444444446
4 0.3996875 0.5161111111111111 0.124375 0.25222222222222224
1 0.703125 0.25277777777777777 0.14875 0.17
3 0.1511111111111111 0.3196875 0.18888888888888888 0.108125
4 0.6594444444444445 0.0884375 0.2788888888888889 0.156875
1 0.5627777777777778 0.4803125 0.27 0.174375
4 0.27944444444444444 0.7290625 0.2611111111111111 0.160625
3 0.6983333333333334 0.8365625 0.17 0.119375
3 0.13 0.5188888888888888 0.155 0.32666666666666666
4 0.851875 0.6005555555555555 0.15125 0.2411111111111111
