0 0.3359375 0.42388888888888887 0.138125 0.2966666666666667
0 0.85125 0.22333333333333333 0.1525 0.24
1 0.07625 0.5177777777777778 0.08125 0.1622222222222222
0 0.8171875 0.65 0.084375 0.2511111111111111
4 0.469375 0.3005555555555556 0.12875 0.25222222222222224
4 0.24555555555555555 0.63375 0.27555555555555555 0.18
0 0.4216666666666667 0.3915625 0.28555555555555556 0.173125
2 0.79 0.160625 0.33555555555555555 0.1875
4 0.5455555555555556 0.849375 0.19111111111111112 0.13375
4 0.6496875 0.22722222222222221 0.123125 0.2633333333333333
4 0.263125 0.6288888888888889 0.13125 0.2822222222222222
4 0.0675 0.7483333333333333 0.13 0.2588888888888889
4 0.8459375 0.4727777777777778 0.124375 0.23222222222222222
2 0.27111111111111114 0.2628125 0.23333333333333334 0.133125
3 0.6188888888888889 0.724375 0.26222222222222225 0.165
3 0.34944444444444445 0.5665625 0.16777777777777778 0.146875
2 0.3616666666666667 0.731875 0.18555555555555556 0.12625
0 0.3388888888888889 0.1678125 0.30666666666666664 0.180625
0 0.45444444444444443 0.4975 0.20666666666666667 0.13
0 0.1321875 0.7872222222222223 0.169375 0.3277777777777778
0 0.6109375 0.57 0.136875 0.28
