3 0.7216666666666667 0.135 0.25 0.14625
0 0.6561111111111111 0.263125 0.31222222222222223 0.165
4 0.1478125 0.5322222222222223 0.165625 0.2911111111111111
4 0.7353125 0.42055555555555557 0.181875 0.3055555555555556
4 0.84125 0.17222222222222222 0.10375 0.28444444444444444
4 0.4777777777777778 0.8284375 0.23333333333333334 0.100625
0 0.235 0.2684375 0.22333333333333333 0.131875
0 0.39 0.48 0.29555555555555557 0.17125
0 0.5916666666666667 0.8728125 0.30333333333333334 0.184375
3 0.32 0.1415625 0.26222222222222225 0.151875
4 0.6433333333333333 0.72625 0.24 0.13
1 0.19944444444444445 0.364375 0.18777777777777777 0.12125
3 0.39944444444444444 0.27125 0.2544444444444444 0.17375
0 0.376875 0.7444444444444445 0.14375 0.2511111111111111
3 0.1284375 0.3672222222222222 0.128125 0.27666666666666667
0 0.8690625 0.19277777777777777 0.164375 0.31666666666666665
4 0.425 0.655 0.17875 0.2966666666666667
4 0.84625 0.7588888888888888 0.1325 0.27111111111111114
4 0.2734375 0.1827777777777778 0.171875 0.2811111111111111
4 0.6959375 0.2733333333333333 0.128125 0.2311111111111111
4 0.0946875 0.4922222222222222 0.109375 0.20444444444444446
4 0.5478125 0.405 0.128125 0.2611111111111111
3 0.53125 0.7238888888888889 0.1175 0.20555555555555555
1 0.710625 0.6561111111111111 0.1725 0.31444444444444447
0 0.3828125 0.24944444444444444 0.125625 0.23222222222222222
1 0.81875 0.49166666666666664 0.08375 0.23
