0 0.089375 0.5572222222222222 0.155 0.2833333333333333
3 0.8309375 0.12611111111111112 0.110625 0.22555555555555556
1 0.69375 0.6233333333333333 0.09125 0.21333333333333335
3 0.594375 0.7727777777777778 0.1475 0.31
0 0.4875 0.36833333333333335 0.1875 0.30777777777777776
2 0.7766666666666666 0.719375 0.3111111111111111 0.11875
0 0.24722222222222223 0.5840625 0.25222222222222224 0.110625
1 0.43 0.0625 0.21777777777777776 0.1175
1 0.6061111111111112 0.325 0.17 0.1175
0 0.4953125 0.5994444444444444 0.143125 0.21888888888888888
0 0.3346875 0.2866666666666667 0.178125 0.32222222222222224
4 0.6728125 0.375 0.141875 0.25666666666666665
4 0.1428125 0.7588888888888888 0.150625 0.29333333333333333
3 0.86875 0.5083333333333333 0.17625 0.2788888888888889
1 0.6153125 0.6211111111111111 0.169375 0.33111111111111113
2 0.8340625 0.40055555555555555 0.119375 0.22333333333333333
0 0.26222222222222225 0.668125 0.25555555555555554 0.14875
3 0.7283333333333334 0.483125 0.1988888888888889 0.14125
1 0.38666666666666666 0.3146875 0.2577777777777778 0.166875
0 0.5361111111111111 0.1434375 0.31 0.185625
2 0.4388888888888889 0.614375 0.28444444444444444 0.18875
0 0.25333333333333335 0.08 0.24666666666666667 0.145
