0 0.18944444444444444 0.1534375 0.29 0.204375
1 0.595 0.854375 0.25666666666666665 0.16125
4 0.3211111111111111 0.4903125 0.2733333333333333 0.155625
4 0.105 0.09833333333333333 0.1175 0.17888888888888888
4 0.48125 0.6072222222222222 0.1425 0.21888888888888888
4 0.21125 0.21 0.0875 0.20666666666666667
1 0.3565625 0.5577777777777778 0.135625 0.31555555555555553
0 0.5840625 0.3138888888888889 0.105625 0.21888888888888888
3 0.8228125 0.4711111111111111 0.100625 0.25333333333333335
4 0.126875 0.7227777777777777 0.13625 0.21666666666666667
0 0.681875 0.23 0.17625 0.3111111111111111
3 0.8271875 0.4122222222222222 0.095625 0.22666666666666666
4 0.5028125 0.46444444444444444 0.163125 0.28888888888888886
0 0.1228125 0.36 0.136875 0.26666666666666666
4 0.62875 0.6622222222222223 0.17 0.3088888888888889
3 0.731875 0.24944444444444444 0.13125 0.23444444444444446
2 0.25 0.12111111111111111 0.1475 0.16444444444444445
3 0.326875 0.22111111111111112 0.1075 0.16666666666666666
4 0.3359375 0.6327777777777778 0.138125 0.22555555555555556
4 0.5878125 0.5477777777777778 0.131875 0.2311111111111111
4 0.09 0.4083333333333333 0.15625 0.30333333333333334
3 0.715 0.23277777777777778 0.13125 0.30333333333333334
