3 0.8384375 0.73 0.124375 0.24222222222222223
2 0.61375 0.22833333333333333 0.14125 0.2811111111111111
4 0.3734375 0.3894444444444444 0.125625 0.25666666666666665
4 0.7227777777777777 0.8590625 0.24555555555555555 0.149375
4 0.37166666666666665 0.555625 0.2811111111111111 0.145
0 0.5366666666666666 0.26125 0.24222222222222223 0.1575
0 0.1046875 0.625 0.171875 0.2722222222222222
4 0.2284375 0.135 0.118125 0.21444444444444444
0 0.6965625 0.39055555555555554 0.146875 0.26555555555555554
3 0.0775 0.7477777777777778 0.14625 0.30444444444444446
4 0.411875 0.5811111111111111 0.19875 0.3488888888888889
1 0.2253125 0.3622222222222222 0.134375 0.28888888888888886
0 0.7090625 0.4672222222222222 0.176875 0.31
0 0.835 0.6233333333333333 0.12 0.24444444444444444
4 0.4615625 0.6227777777777778 0.108125 0.1922222222222222
0 0.8775 0.7916666666666666 0.1725 0.34555555555555556
1 0.72 0.18444444444444444 0.11375 0.23333333333333334
0 0.091875 0.4955555555555556 0.135 0.30444444444444446
1 0.3484375 0.29888888888888887 0.136875 0.28
4 0.1688888888888889 0.4790625 0.23555555555555555 0.130625
4 0.7783333333333333 0.68 0.30777777777777776 0.16375
4 0.3005555555555556 0.850625 0.21222222222222223 0.13625
2 0.4494444444444444 0.291875 0.22333333333333333 0.125
4 0.2709375 0.7227777777777777 0.105625 0.22777777777777777
1 0.6765625 0.23777777777777778 0.166875 0.2688888888888889
2 0.865625 0.63 0.17 0.29555555555555557
1 0.47875 0.5044444444444445 0.14625 0.29777777777777775
0 0.093125 0.32055555555555554 0.12375 0.18333333333333332
