4 0.3461111111111111 0.1159375 0.22777777777777777 0.145625
2 0.1638888888888889 0.8609375 0.2544444444444444 0.144375
0 0.51 0.3559375 0.16444444444444445 0.129375
0 0.844375 0.4911111111111111 0.1275 0.2577777777777778
3 0.469375 0.36333333333333334 0.10625 0.23777777777777778
2 0.659375 0.7183333333333334 0.1225 0.2411111111111111
1 0.1134375 0.7216666666666667 0.113125 0.25222222222222224
3 0.85 0.3655555555555556 0.1175 0.19333333333333333
4 0.613125 0.5433333333333333 0.13375 0.2222222222222222
4 0.6733333333333333 0.1375 0.2688888888888889 0.13
1 0.5605555555555556 0.5021875 0.20777777777777778 0.149375
1 0.23277777777777778 0.37375 0.20777777777777778 0.13
4 0.43277777777777776 0.7346875 0.2811111111111111 0.141875
3 0.74 0.8459375 0.23777777777777778 0.126875
0 0.0621875 0.25555555555555554 0.116875 0.24
0 0.7277777777777777 0.5890625 0.2088888888888889 0.120625
4 0.20777777777777778 0.0840625 0.2222222222222222 0.123125
0 0.5538888888888889 0.211875 0.21222222222222223 0.12625
2 0.32944444444444443 0.32875 0.29 0.10625
2 0.67 0.8659375 0.2688888888888889 0.166875
0 0.2822222222222222 0.0925 0.22666666666666666 0.12625
1 0.5583333333333333 0.2115625 0.24555555555555555 0.111875
4 0.7316666666666667 0.479375 0.23666666666666666 0.14
1 0.20277777777777778 0.614375 0.24333333333333335 0.15625
4 0.4677777777777778 0.7340625 0.24222222222222223 0.141875
3 0.35555555555555557 0.846875 0.19555555555555557 0.11375
