3 0.0575 0.7083333333333334 0.115 0.1922222222222222
1 0.3490625 0.37833333333333335 0.170625 0.2677777777777778
4 0.6115625 0.19833333333333333 0.168125 0.27444444444444444
1 0.854375 0.5238888888888888 0.125 0.1922222222222222
4 0.4465625 0.5955555555555555 0.109375 0.2311111111111111
3 0.645625 0.1438888888888889 0.12125 0.19444444444444445
4 0.26 0.7433333333333333 0.1225 0.23555555555555555
2 0.4153125 0.62 0.139375 0.2288888888888889
4 0.13625 0.5127777777777778 0.16 0.23222222222222222
0 0.28875 0.445 0.17625 0.31666666666666665
3 0.6971875 0.20833333333333334 0.124375 0.2788888888888889
1 0.858125 0.27 0.15625 0.18444444444444444
0 0.718125 0.4738888888888889 0.1375 0.2388888888888889
4 0.2125 0.6855555555555556 0.14125 0.3022222222222222
0 0.3315625 0.7555555555555555 0.125625 0.26222222222222225
4 0.8240625 0.57 0.095625 0.2511111111111111
3 0.6034375 0.31666666666666665 0.161875 0.28444444444444444
1 0.5421875 0.17055555555555554 0.123125 0.23666666666666666
1 0.10375 0.7577777777777778 0.15 0.2644444444444444
4 0.8653125 0.17166666666666666 0.173125 0.23222222222222222
2 0.2265625 0.4255555555555556 0.116875 0.24444444444444444
1 0.4771875 0.6427777777777778 0.120625 0.1922222222222222
4 0.3690625 0.2822222222222222 0.153125 0.2822222222222222
0 0.61375 0.5222222222222223 0.145 0.27555555555555555
