1 0.1365625 0.3638888888888889 0.138125 0.2811111111111111
3 0.3609375 0.525 0.114375 0.20555555555555555
3 0.591875 0.7494444444444445 0.10375 0.25666666666666665
1 0.391875 0.5283333333333333 0.15625 0.2833333333333333
3 0.21125 0.7522222222222222 0.1075 0.27555555555555555
3 0.8325 0.4088888888888889 0.1 0.27111111111111114
4 0.5275 0.17277777777777778 0.115 0.25222222222222224
0 0.2740625 0.6661111111111111 0.140625 0.3188888888888889
2 0.4271875 0.20444444444444446 0.161875 0.31777777777777777
1 0.556875 0.5388888888888889 0.13625 0.29555555555555557
0 0.14722222222222223 0.0934375 0.17 0.115625
4 0.39555555555555555 0.574375 0.23333333333333334 0.18125
0 0.6383333333333333 0.4265625 0.2833333333333333 0.184375
3 0.28888888888888886 0.26125 0.23777777777777778 0.1525
1 0.585625 0.4338888888888889 0.17 0.2788888888888889
4 0.7196875 0.66 0.153125 0.2911111111111111
4 0.263125 0.7383333333333333 0.095 0.22777777777777777
4 0.8465625 0.5177777777777778 0.120625 0.22666666666666666
3 0.0546875 0.5788888888888889 0.094375 0.24888888888888888
2 0.5790625 0.39222222222222225 0.118125 0.21555555555555556
0 0.335625 0.2361111111111111 0.14375 0.2411111111111111
0 0.4675 0.35388888888888886 0.0975 0.25222222222222224
3 0.231875 0.15 0.1075 0.22444444444444445
3 0.8421875 0.6694444444444444 0.124375 0.31444444444444447
0 0.729375 0.43555555555555553 0.14 0.22666666666666666
4 0.3725 0.25333333333333335 0.1475 0.24222222222222223
