0 0.4821875 0.36 0.145625 0.2222222222222222
4 0.1203125 0.52 0.158125 0.29333333333333333
4 0.14722222222222223 0.15375 0.2588888888888889 0.16
3 0.7233333333333334 0.7215625 0.25333333333333335 0.146875
3 0.43944444444444447 0.8521875 0.15 0.120625
3 0.5644444444444444 0.4209375 0.1688888888888889 0.120625
4 0.35388888888888886 0.285 0.21 0.13625
3 0.7 0.8475 0.1622222222222222 0.11625
2 0.2940625 0.7277777777777777 0.126875 0.22444444444444445
4 0.8665625 0.3661111111111111 0.159375 0.3322222222222222
0 0.3796875 0.7266666666666667 0.176875 0.26
3 0.47375 0.5216666666666666 0.1175 0.2477777777777778
0 0.60875 0.6327777777777778 0.14 0.2722222222222222
4 0.3296875 0.22666666666666666 0.103125 0.3244444444444444
0 0.22625 0.27 0.145 0.2311111111111111
1 0.4521875 0.41333333333333333 0.100625 0.15333333333333332
0 0.7025 0.36944444444444446 0.105 0.2477777777777778
4 0.5377777777777778 0.8296875 0.24888888888888888 0.105625
0 0.7733333333333333 0.583125 0.3288888888888889 0.1875
1 0.65 0.2875 0.2777777777777778 0.17
