3 0.6834375 0.11333333333333333 0.100625 0.20222222222222222
3 0.8325 0.7561111111111111 0.1 0.2588888888888889
4 0.260625 0.5005555555555555 0.14875 0.2411111111111111
1 0.6544444444444445 0.845625 0.24 0.14125
0 0.5122222222222222 0.7446875 0.29777777777777775 0.183125
1 0.5772222222222222 0.606875 0.25666666666666665 0.15125
3 0.7555555555555555 0.25375 0.2688888888888889 0.17625
4 0.1075 0.7422222222222222 0.16625 0.2777777777777778
2 0.2309375 0.5522222222222222 0.158125 0.2577777777777778
1 0.7290625 0.17722222222222223 0.130625 0.22555555555555556
0 0.3721875 0.4822222222222222 0.184375 0.29777777777777775
2 0.8728125 0.6183333333333333 0.161875 0.21
2 0.288125 0.3411111111111111 0.1575 0.32
1 0.656875 0.705 0.12 0.1922222222222222
3 0.063125 0.14555555555555555 0.09375 0.21333333333333335
1 0.6146875 0.6194444444444445 0.159375 0.35
2 0.3578125 0.2427777777777778 0.138125 0.29
3 0.25375 0.7466666666666667 0.11375 0.2577777777777778
1 0.25333333333333335 0.4778125 0.26 0.158125
2 0.7572222222222222 0.6678125 0.30777777777777776 0.156875
0 0.5133333333333333 0.295625 0.3 0.175
3 0.6211111111111111 0.0765625 0.27555555555555555 0.118125
