2 0.36333333333333334 0.2375 0.24666666666666667 0.14375
0 0.77 0.749375 0.2866666666666667 0.19
4 0.69 0.1309375 0.32 0.174375
0 0.4683333333333333 0.489375 0.2633333333333333 0.15875
0 0.5638888888888889 0.858125 0.2611111111111111 0.1625
1 0.455625 0.2544444444444444 0.13125 0.2644444444444444
0 0.3490625 0.5033333333333333 0.173125 0.28444444444444444
0 0.2078125 0.5716666666666667 0.145625 0.2611111111111111
2 0.5321875 0.24388888888888888 0.126875 0.23444444444444446
0 0.09875 0.7622222222222222 0.18 0.3022222222222222
3 0.5025 0.3 0.1525 0.30444444444444446
3 0.1221875 0.4444444444444444 0.109375 0.20666666666666667
3 0.734375 0.5572222222222222 0.13875 0.2411111111111111
4 0.6196875 0.4011111111111111 0.148125 0.31333333333333335
4 0.27375 0.785 0.17375 0.31
0 0.8534375 0.15666666666666668 0.136875 0.2088888888888889
2 0.516875 0.20666666666666667 0.18125 0.2911111111111111
4 0.85875 0.45944444444444443 0.16125 0.24555555555555555
4 0.1403125 0.6133333333333333 0.130625 0.2777777777777778
4 0.45666666666666667 0.135 0.2311111111111111 0.145
3 0.26611111111111113 0.4740625 0.11444444444444445 0.095625
1 0.22444444444444445 0.8690625 0.29333333333333333 0.156875
0 0.0725 0.29777777777777775 0.11125 0.2088888888888889
3 0.38 0.22111111111111112 0.11 0.26
