0 0.6178125 0.7433333333333333 0.150625 0.24
0 0.3590625 0.36333333333333334 0.099375 0.22
1 0.8565625 0.2088888888888889 0.161875 0.28
4 0.2788888888888889 0.1190625 0.31555555555555553 0.178125
2 0.34944444444444445 0.2503125 0.25666666666666665 0.144375
0 0.5461111111111111 0.5365625 0.2477777777777778 0.123125
0 0.7561111111111111 0.8521875 0.2633333333333333 0.159375
1 0.4688888888888889 0.4140625 0.29333333333333333 0.174375
3 0.6305555555555555 0.6815625 0.21444444444444444 0.115625
3 0.42444444444444446 0.52625 0.20222222222222222 0.09875
0 0.7822222222222223 0.0978125 0.3111111111111111 0.183125
1 0.24333333333333335 0.2546875 0.24444444444444444 0.183125
4 0.35833333333333334 0.89375 0.2722222222222222 0.20625
4 0.5316666666666666 0.685625 0.21444444444444444 0.10375
4 0.6283333333333333 0.3884375 0.20555555555555555 0.136875
2 0.8578125 0.7066666666666667 0.140625 0.22
1 0.689375 0.375 0.1175 0.19666666666666666
4 0.5146875 0.15611111111111112 0.081875 0.18555555555555556
4 0.383125 0.6111111111111112 0.1325 0.24222222222222223
2 0.23125 0.36944444444444446 0.1825 0.20777777777777778
4 0.70875 0.7194444444444444 0.10625 0.24333333333333335
0 0.0815625 0.4961111111111111 0.140625 0.29444444444444445
0 0.33625 0.5422222222222223 0.135 0.2222222222222222
2 0.5411111111111111 0.691875 0.24 0.1325
1 0.4905555555555556 0.396875 0.3411111111111111 0.16125
0 0.34 0.0778125 0.24444444444444444 0.140625
4 0.21666666666666667 0.8478125 0.2 0.134375
4 0.6661111111111111 0.5321875 0.28555555555555556 0.121875
0 0.844375 0.37166666666666665 0.13 0.2611111111111111
3 0.100625 0.20222222222222222 0.14125 0.27555555555555555
3 0.72375 0.6388888888888888 0.13875 0.2644444444444444
1 0.57125 0.7116666666666667 0.08375 0.23222222222222222
2 0.225 0.5622222222222222 0.14125 0.28888888888888886
0 0.3415625 0.27555555555555555 0.124375 0.24666666666666667
