4 0.15611111111111112 0.335625 0.23666666666666666 0.13125
0 0.34944444444444445 0.07875 0.2477777777777778 0.12625
0 0.23 0.6140625 0.26 0.183125
4 0.3977777777777778 0.34 0.24888888888888888 0.1575
0 0.7711111111111111 0.08625 0.29777777777777775 0.1725
1 0.1246875 0.7188888888888889 0.129375 0.17777777777777778
3 0.3803125 0.4338888888888889 0.154375 0.22111111111111112
4 0.8521875 0.21222222222222223 0.123125 0.18666666666666668
4 0.48375 0.6355555555555555 0.1175 0.21555555555555556
2 0.435 0.0665625 0.2477777777777778 0.126875
3 0.2922222222222222 0.7159375 0.1622222222222222 0.144375
0 0.165 0.34625 0.30777777777777776 0.17375
1 0.4465625 0.18388888888888888 0.101875 0.2477777777777778
1 0.340625 0.5383333333333333 0.1525 0.1988888888888889
3 0.0690625 0.6633333333333333 0.134375 0.26
2 0.7072222222222222 0.616875 0.19666666666666666 0.12875
2 0.2375 0.3516666666666667 0.1575 0.2833333333333333
4 0.5228125 0.42833333333333334 0.113125 0.2388888888888889
