3 0.823125 0.7194444444444444 0.0975 0.21222222222222223
0 0.6659375 0.42833333333333334 0.154375 0.3433333333333333
0 0.1109375 0.22944444444444445 0.150625 0.2611111111111111
2 0.3478125 0.7283333333333334 0.133125 0.22333333333333333
1 0.586875 0.5683333333333334 0.11875 0.25
1 0.8365625 0.37666666666666665 0.125625 0.2111111111111111
2 0.85125 0.7588888888888888 0.12125 0.26666666666666666
0 0.3821875 0.3605555555555556 0.185625 0.27444444444444444
3 0.0946875 0.12222222222222222 0.110625 0.19777777777777777
4 0.7561111111111111 0.7071875 0.2877777777777778 0.091875
1 0.6344444444444445 0.49 0.2311111111111111 0.1475
4 0.14944444444444444 0.6115625 0.1922222222222222 0.145625
4 0.3927777777777778 0.1359375 0.30777777777777776 0.174375
3 0.4816666666666667 0.8578125 0.29888888888888887 0.148125
1 0.4840625 0.27444444444444444 0.124375 0.24444444444444444
0 0.7440625 0.6611111111111111 0.161875 0.28888888888888886
3 0.124375 0.7233333333333334 0.12875 0.2311111111111111
4 0.8371875 0.36333333333333334 0.106875 0.24
0 0.3625 0.4633333333333333 0.1225 0.2577777777777778
4 0.835 0.4288888888888889 0.0975 0.2777777777777778
4 0.1053125 0.25166666666666665 0.113125 0.23222222222222222
