3 0.5538888888888889 0.8646875 0.23222222222222222 0.146875
2 0.853125 0.3611111111111111 0.15875 0.25333333333333335
3 0.3753125 0.18388888888888888 0.151875 0.2677777777777778
1 0.2544444444444444 0.7303125 0.18444444444444444 0.123125
0 0.5422222222222223 0.1271875 0.20666666666666667 0.139375
4 0.19333333333333333 0.245 0.24666666666666667 0.13125
0 0.3527777777777778 0.850625 0.19666666666666666 0.11875
3 0.59875 0.21611111111111111 0.10625 0.22333333333333333
0 0.848125 0.7261111111111112 0.1225 0.22777777777777777
3 0.2340625 0.4661111111111111 0.100625 0.21666666666666667
2 0.496875 0.3622222222222222 0.16375 0.2688888888888889
4 0.8528125 0.5894444444444444 0.126875 0.21666666666666667
0 0.1040625 0.4822222222222222 0.126875 0.25555555555555554
4 0.515 0.8634375 0.2722222222222222 0.171875
4 0.3427777777777778 0.2621875 0.17666666666666667 0.106875
2 0.7483333333333333 0.665 0.2388888888888889 0.155
4 0.2378125 0.7233333333333334 0.108125 0.23333333333333334
