2 0.3434375 0.7677777777777778 0.158125 0.29555555555555557
1 0.86375 0.3977777777777778 0.1475 0.29555555555555557
1 0.29944444444444446 0.3178125 0.24333333333333335 0.153125
3 0.06875 0.4761111111111111 0.1275 0.22111111111111112
0 0.849375 0.7266666666666667 0.13375 0.2311111111111111
0 0.475 0.6516666666666666 0.1625 0.3277777777777778
1 0.864375 0.4811111111111111 0.15625 0.23777777777777778
1 0.4759375 0.24222222222222223 0.115625 0.27555555555555555
4 0.1225 0.6327777777777778 0.14375 0.2833333333333333
1 0.66 0.3422222222222222 0.11625 0.21777777777777776
0 0.6871875 0.5188888888888888 0.114375 0.23333333333333334
3 0.0959375 0.31222222222222223 0.113125 0.2088888888888889
4 0.41375 0.7455555555555555 0.15875 0.29777777777777775
1 0.3246875 0.2772222222222222 0.148125 0.22777777777777777
4 0.4984375 0.6088888888888889 0.139375 0.3088888888888889
0 0.85875 0.6622222222222223 0.1475 0.12444444444444444
1 0.565 0.33125 0.2611111111111111 0.1175
1 0.6772222222222222 0.6190625 0.31444444444444447 0.175625
0 0.23055555555555557 0.7390625 0.27666666666666667 0.156875
