0 0.5584375 0.4211111111111111 0.159375 0.31555555555555553
4 0.235 0.7316666666666667 0.11625 0.2477777777777778
0 0.8596875 0.625 0.158125 0.26555555555555554
1 0.3825 0.22277777777777777 0.11 0.14777777777777779
0 0.7028125 0.18944444444444444 0.146875 0.31
4 0.33611111111111114 0.11125 0.2788888888888889 0.16625
0 0.5861111111111111 0.6740625 0.22777777777777777 0.149375
3 0.7505555555555555 0.713125 0.26555555555555554 0.15875
4 0.5177777777777778 0.848125 0.22444444444444445 0.1425
0 0.6483333333333333 0.5725 0.27444444444444444 0.16375
0 0.853125 0.31555555555555553 0.14 0.21777777777777776
0 0.0840625 0.6388888888888888 0.119375 0.25555555555555554
4 0.553125 0.46055555555555555 0.1475 0.3055555555555556
2 0.719375 0.7733333333333333 0.17625 0.32
3 0.335625 0.16666666666666666 0.115 0.24666666666666667
0 0.1071875 0.7594444444444445 0.166875 0.31222222222222223
2 0.4728125 0.36944444444444446 0.134375 0.2788888888888889
4 0.83625 0.4177777777777778 0.09625 0.18888888888888888
0 0.744375 0.5577777777777778 0.1675 0.2822222222222222
1 0.215625 0.2683333333333333 0.13 0.2633333333333333
3 0.5438888888888889 0.1475 0.15 0.15125
2 0.47 0.3296875 0.2644444444444444 0.156875
0 0.7294444444444445 0.6734375 0.25666666666666665 0.126875
3 0.3422222222222222 0.4871875 0.2733333333333333 0.113125
3 0.2038888888888889 0.8696875 0.2588888888888889 0.159375
0 0.6115625 0.7372222222222222 0.128125 0.23444444444444446
3 0.115 0.1688888888888889 0.0925 0.18444444444444444
0 0.84625 0.37333333333333335 0.1175 0.2311111111111111
3 0.365 0.5588888888888889 0.11375 0.24
