4 0.2346875 0.5305555555555556 0.144375 0.25222222222222224
0 0.3846875 0.43555555555555553 0.135625 0.27111111111111114
2 0.38722222222222225 0.37125 0.28555555555555556 0.1625
0 0.5266666666666666 0.5953125 0.19777777777777777 0.123125
1 0.21666666666666667 0.13375 0.3111111111111111 0.175
3 0.5771875 0.7444444444444445 0.083125 0.23333333333333334
3 0.853125 0.48277777777777775 0.1375 0.2611111111111111
0 0.3578125 0.31277777777777777 0.141875 0.29
1 0.4534375 0.7411111111111112 0.116875 0.24222222222222223
0 0.6765625 0.6472222222222223 0.180625 0.3211111111111111
0 0.83375 0.1938888888888889 0.1125 0.21444444444444444
4 0.63625 0.5844444444444444 0.08 0.19555555555555557
4 0.834375 0.16833333333333333 0.11375 0.19666666666666666
0 0.4834375 0.48388888888888887 0.135625 0.2722222222222222
0 0.5171875 0.6755555555555556 0.191875 0.30444444444444446
4 0.2365625 0.3433333333333333 0.118125 0.2777777777777778
4 0.33125 0.3422222222222222 0.16 0.30666666666666664
4 0.67375 0.17944444444444443 0.14375 0.26555555555555554
4 0.1303125 0.39611111111111114 0.108125 0.12777777777777777
