4 0.1575 0.5194444444444445 0.19375 0.34555555555555556
4 0.8359375 0.21055555555555555 0.116875 0.25666666666666665
0 0.7405555555555555 0.15625 0.26555555555555554 0.17125
0 0.4172222222222222 0.6353125 0.2588888888888889 0.175625
0 0.655 0.066875 0.2788888888888889 0.13
3 0.11666666666666667 0.2134375 0.19333333333333333 0.163125
2 0.7761111111111111 0.7428125 0.3211111111111111 0.181875
3 0.3265625 0.165 0.179375 0.21222222222222223
0 0.6796875 0.6216666666666667 0.148125 0.2922222222222222
4 0.1125 0.46444444444444444 0.12 0.25555555555555554
0 0.2561111111111111 0.6865625 0.2722222222222222 0.183125
1 0.5522222222222222 0.0765625 0.14222222222222222 0.081875
0 0.7772222222222223 0.3153125 0.35 0.186875
3 0.680625 0.7322222222222222 0.095 0.24444444444444444
1 0.241875 0.6083333333333333 0.10625 0.20777777777777778
0 0.8296875 0.19777777777777777 0.095625 0.22444444444444445
1 0.106875 0.3416666666666667 0.1325 0.30333333333333334
4 0.5940625 0.22944444444444445 0.131875 0.28555555555555556
