4 0.29055555555555557 0.84625 0.18555555555555556 0.1225
3 0.43 0.4815625 0.19777777777777777 0.153125
4 0.565 0.660625 0.20333333333333334 0.13125
2 0.7327777777777778 0.608125 0.2588888888888889 0.155
4 0.25722222222222224 0.321875 0.24333333333333335 0.10375
2 0.345 0.415 0.14625 0.3277777777777778
3 0.08625 0.19833333333333333 0.12875 0.2544444444444444
3 0.606875 0.7588888888888888 0.16875 0.2911111111111111
4 0.86375 0.16277777777777777 0.1475 0.2588888888888889
0 0.378125 0.3288888888888889 0.13625 0.20666666666666667
3 0.1346875 0.7772222222222223 0.129375 0.33444444444444443
1 0.729375 0.2611111111111111 0.12875 0.21333333333333335
3 0.4765625 0.18722222222222223 0.123125 0.2411111111111111
4 0.599375 0.5633333333333334 0.11875 0.2866666666666667
1 0.84875 0.34055555555555556 0.1175 0.19444444444444445
4 0.3753125 0.74 0.170625 0.28444444444444444
2 0.1025 0.6211111111111111 0.12375 0.22444444444444445
3 0.8459375 0.5822222222222222 0.115625 0.29555555555555557
