0 0.3646875 0.40944444444444444 0.069375 0.19444444444444445
4 0.0828125 0.23333333333333334 0.116875 0.22666666666666666
2 0.733125 0.7616666666666667 0.19375 0.3188888888888889
4 0.8596875 0.6488888888888888 0.140625 0.2866666666666667
1 0.8803125 0.6716666666666666 0.191875 0.30333333333333334
2 0.4096875 0.28555555555555556 0.111875 0.19111111111111112
4 0.578125 0.3988888888888889 0.16125 0.19777777777777777
0 0.2840625 0.5566666666666666 0.146875 0.29333333333333333
1 0.158125 0.21944444444444444 0.18125 0.27666666666666667
1 0.5777777777777777 0.873125 0.3022222222222222 0.18375
0 0.6933333333333334 0.7421875 0.18222222222222223 0.166875
0 0.4766666666666667 0.373125 0.2111111111111111 0.12875
0 0.7377777777777778 0.84 0.2222222222222222 0.13
4 0.4311111111111111 0.6853125 0.21333333333333335 0.118125
0 0.35333333333333333 0.235625 0.2577777777777778 0.11
2 0.6511111111111111 0.5603125 0.2511111111111111 0.165625
4 0.285625 0.3977777777777778 0.1475 0.30444444444444446
0 0.3253125 0.31333333333333335 0.158125 0.30444444444444446
1 0.1309375 0.4127777777777778 0.120625 0.21
1 0.480625 0.5838888888888889 0.1175 0.2611111111111111
1 0.84 0.7394444444444445 0.13375 0.2788888888888889
0 0.665 0.12944444444444445 0.135 0.22777777777777777
