4 0.23444444444444446 0.24875 0.22444444444444445 0.1125
4 0.7127777777777777 0.8609375 0.23222222222222222 0.144375
1 0.44333333333333336 0.725625 0.2644444444444444 0.1725
1 0.3277777777777778 0.4065625 0.2222222222222222 0.130625
3 0.6072222222222222 0.128125 0.21222222222222223 0.16875
3 0.13625 0.37277777777777776 0.135 0.2388888888888889
4 0.8478125 0.44 0.126875 0.29555555555555557
4 0.4078125 0.7766666666666666 0.180625 0.30666666666666664
0 0.0728125 0.6338888888888888 0.131875 0.24333333333333335
1 0.4438888888888889 0.4734375 0.2633333333333333 0.155625
3 0.3005555555555556 0.0965625 0.2788888888888889 0.175625
2 0.3422222222222222 0.4765625 0.3244444444444444 0.164375
0 0.43166666666666664 0.0975 0.33 0.18375
4 0.7322222222222222 0.33375 0.23333333333333334 0.13875
0 0.39125 0.7261111111111112 0.1275 0.23
0 0.0934375 0.6516666666666666 0.136875 0.30333333333333334
1 0.7021875 0.4066666666666667 0.144375 0.25555555555555554
4 0.234375 0.18777777777777777 0.11625 0.2577777777777778
0 0.8525 0.28444444444444444 0.1425 0.2311111111111111
