0 0.4959375 0.5344444444444445 0.146875 0.2111111111111111
0 0.7209375 0.46111111111111114 0.116875 0.24222222222222223
0 0.629375 0.6611111111111111 0.17375 0.28444444444444444
4 0.2325 0.29388888888888887 0.1 0.2677777777777778
3 0.5394444444444444 0.4246875 0.2611111111111111 0.175625
4 0.7455555555555555 0.10625 0.25555555555555554 0.13375
0 0.30777777777777776 0.5496875 0.21555555555555556 0.128125
3 0.4011111111111111 0.6915625 0.19333333333333333 0.114375
1 0.25277777777777777 0.2825 0.31444444444444447 0.18875
1 0.3622222222222222 0.1446875 0.31777777777777777 0.161875
3 0.5216666666666666 0.8471875 0.2388888888888889 0.139375
3 0.5927777777777777 0.3584375 0.18333333333333332 0.114375
1 0.4266666666666667 0.245 0.24888888888888888 0.125
0 0.3909375 0.6044444444444445 0.171875 0.3466666666666667
0 0.851875 0.39 0.13125 0.2777777777777778
0 0.5246875 0.31222222222222223 0.198125 0.3022222222222222
0 0.72375 0.6322222222222222 0.11625 0.2222222222222222
4 0.20833333333333334 0.34 0.1988888888888889 0.10875
4 0.5488888888888889 0.75125 0.2822222222222222 0.1725
0 0.4127777777777778 0.605625 0.21 0.13375
4 0.6488888888888888 0.12 0.28444444444444444 0.17375
0 0.3584375 0.71 0.141875 0.22
1 0.7184375 0.5516666666666666 0.130625 0.23444444444444446
4 0.5865625 0.3705555555555556 0.110625 0.2011111111111111
4 0.8434375 0.6422222222222222 0.135625 0.2511111111111111
3 0.35833333333333334 0.421875 0.20777777777777778 0.13
4 0.5938888888888889 0.8515625 0.20777777777777778 0.131875
