0 0.7209375 0.2511111111111111 0.155625 0.30444444444444446
3 0.84375 0.6316666666666667 0.11125 0.21666666666666667
0 0.1259375 0.3288888888888889 0.123125 0.24888888888888888
3 0.6003125 0.7116666666666667 0.136875 0.19666666666666666
2 0.8625 0.5161111111111111 0.155 0.21444444444444444
0 0.844375 0.45166666666666666 0.1175 0.19666666666666666
0 0.230625 0.7788888888888889 0.17875 0.32666666666666666
2 0.3621875 0.6872222222222222 0.184375 0.3188888888888889
2 0.12 0.7477777777777778 0.15625 0.28
4 0.378125 0.5466666666666666 0.1725 0.26666666666666666
4 0.8834375 0.3561111111111111 0.183125 0.27444444444444444
1 0.4178125 0.7772222222222223 0.158125 0.3433333333333333
2 0.270625 0.6316666666666667 0.15875 0.2811111111111111
0 0.7021875 0.49 0.135625 0.22666666666666666
0 0.4165625 0.46166666666666667 0.155625 0.2722222222222222
4 0.5275 0.5155555555555555 0.08 0.18
0 0.1196875 0.6872222222222222 0.158125 0.32555555555555554
2 0.635 0.15388888888888888 0.2025 0.29888888888888887
3 0.101875 0.32722222222222225 0.1225 0.2388888888888889
