3 0.0690625 0.39166666666666666 0.114375 0.21
0 0.8375 0.25666666666666665 0.10625 0.2511111111111111
3 0.3346875 0.525 0.130625 0.16333333333333333
0 0.5878125 0.72 0.121875 0.24
3 0.34125 0.47055555555555556 0.10625 0.29
3 0.6046875 0.76 0.129375 0.2866666666666667
0 0.7434375 0.3811111111111111 0.155625 0.30444444444444446
0 0.49625 0.6744444444444444 0.16375 0.3111111111111111
4 0.5565625 0.5777777777777777 0.151875 0.3022222222222222
0 0.4075 0.375 0.16375 0.2877777777777778
1 0.1265625 0.5561111111111111 0.156875 0.25666666666666665
3 0.3840625 0.2911111111111111 0.135625 0.24
4 0.5425 0.7216666666666667 0.14125 0.24333333333333335
1 0.8303125 0.3861111111111111 0.093125 0.21666666666666667
1 0.708125 0.5422222222222223 0.16125 0.31333333333333335
0 0.2215625 0.6077777777777778 0.121875 0.2311111111111111
0 0.0759375 0.21555555555555556 0.141875 0.3022222222222222
2 0.853125 0.7361111111111112 0.13125 0.2811111111111111
4 0.395625 0.44 0.13375 0.26222222222222225
4 0.241875 0.5261111111111111 0.1325 0.24333333333333335
1 0.079375 0.3438888888888889 0.1125 0.2611111111111111
4 0.70125 0.6266666666666667 0.13375 0.25333333333333335
4 0.1246875 0.4077777777777778 0.170625 0.29333333333333333
1 0.3478125 0.5266666666666666 0.120625 0.18444444444444444
