4 0.360625 0.5494444444444444 0.09875 0.18777777777777777
2 0.8603125 0.7511111111111111 0.145625 0.27555555555555555
0 0.6253125 0.27111111111111114 0.151875 0.26222222222222225
4 0.1665625 0.43833333333333335 0.186875 0.2811111111111111
0 0.6528125 0.3383333333333333 0.134375 0.2677777777777778
2 0.2653125 0.7388888888888889 0.108125 0.24222222222222223
2 0.4765625 0.6161111111111112 0.155625 0.2722222222222222
1 0.074375 0.45111111111111113 0.1 0.21777777777777776
1 0.5978125 0.20333333333333334 0.118125 0.21777777777777776
0 0.8553125 0.5744444444444444 0.133125 0.24888888888888888
4 0.3721875 0.7711111111111111 0.166875 0.28444444444444444
2 0.1209375 0.575 0.136875 0.24333333333333335
1 0.3425 0.39 0.08875 0.2088888888888889
1 0.7238888888888889 0.3121875 0.2011111111111111 0.101875
2 0.5788888888888889 0.075625 0.24888888888888888 0.15
4 0.8771875 0.2238888888888889 0.171875 0.29444444444444445
0 0.2928125 0.47333333333333333 0.131875 0.2577777777777778
1 0.1334375 0.7666666666666667 0.189375 0.30666666666666664
0 0.5115625 0.6261111111111111 0.193125 0.29444444444444445
0 0.6790625 0.34944444444444445 0.151875 0.2788888888888889
2 0.5427777777777778 0.5903125 0.2388888888888889 0.098125
1 0.20777777777777778 0.3903125 0.30666666666666664 0.184375
2 0.36666666666666664 0.1328125 0.25555555555555554 0.154375
0 0.7138888888888889 0.853125 0.21222222222222223 0.1375
