1 0.873125 0.7427777777777778 0.1775 0.25666666666666665
0 0.16722222222222222 0.6165625 0.2388888888888889 0.153125
3 0.7422222222222222 0.3646875 0.2311111111111111 0.146875
4 0.3811111111111111 0.1128125 0.2822222222222222 0.140625
4 0.505625 0.20666666666666667 0.16375 0.29333333333333333
0 0.135 0.7683333333333333 0.1575 0.3188888888888889
2 0.6221875 0.295 0.151875 0.2877777777777778
2 0.36944444444444446 0.63625 0.30777777777777776 0.18125
3 0.6627777777777778 0.4965625 0.25 0.138125
4 0.40444444444444444 0.3715625 0.21555555555555556 0.125625
0 0.5394444444444444 0.7603125 0.32555555555555554 0.191875
4 0.29388888888888887 0.871875 0.31666666666666665 0.1775
4 0.7694444444444445 0.1234375 0.3011111111111111 0.103125
4 0.5944444444444444 0.2728125 0.2733333333333333 0.165625
0 0.13833333333333334 0.4828125 0.25 0.143125
2 0.5661111111111111 0.82875 0.19666666666666666 0.1075
1 0.285 0.2990625 0.2411111111111111 0.139375
3 0.8496875 0.4738888888888889 0.129375 0.29888888888888887
4 0.2403125 0.5594444444444444 0.159375 0.2811111111111111
0 0.695 0.2738888888888889 0.1325 0.2722222222222222
3 0.5221875 0.7044444444444444 0.099375 0.19555555555555557
2 0.3865625 0.6588888888888889 0.139375 0.29333333333333333
4 0.72875 0.6594444444444445 0.13 0.2722222222222222
3 0.0915625 0.29555555555555557 0.111875 0.20222222222222222
