4 0.6225 0.7877777777777778 0.19375 0.3466666666666667
2 0.8278125 0.34944444444444445 0.091875 0.1988888888888889
3 0.3359375 0.5561111111111111 0.081875 0.23444444444444446
2 0.83875 0.19055555555555556 0.105 0.22333333333333333
3 0.8428125 0.14166666666666666 0.111875 0.19666666666666666
3 0.73 0.5172222222222222 0.13125 0.17
0 0.5984375 0.7355555555555555 0.113125 0.21777777777777776
1 0.4884375 0.42944444444444446 0.138125 0.19
3 0.423125 0.7311111111111112 0.1325 0.25555555555555554
2 0.740625 0.35388888888888886 0.1875 0.33
1 0.143125 0.4338888888888889 0.1525 0.2833333333333333
4 0.2890625 0.23333333333333334 0.154375 0.29555555555555557
4 0.775 0.1090625 0.29888888888888887 0.171875
1 0.5516666666666666 0.8759375 0.2544444444444444 0.168125
4 0.3411111111111111 0.6103125 0.23555555555555555 0.149375
4 0.2821875 0.20722222222222222 0.148125 0.2833333333333333
0 0.676875 0.6372222222222222 0.17125 0.3433333333333333
4 0.1090625 0.495 0.184375 0.32555555555555554
4 0.565625 0.2677777777777778 0.15 0.26
0 0.249375 0.4305555555555556 0.11 0.21222222222222223
