4 0.3528125 0.13333333333333333 0.118125 0.24888888888888888
2 0.8325 0.3411111111111111 0.09625 0.2733333333333333
3 0.739375 0.5666666666666667 0.15375 0.28
4 0.49875 0.22944444444444445 0.1475 0.31666666666666665
4 0.3875 0.6694444444444444 0.1625 0.30777777777777776
4 0.253125 0.7511111111111111 0.13125 0.2911111111111111
4 0.1625 0.27111111111111114 0.18625 0.2222222222222222
1 0.590625 0.44722222222222224 0.09375 0.21888888888888888
0 0.705 0.25833333333333336 0.1375 0.23222222222222222
4 0.8690625 0.52 0.170625 0.29555555555555557
4 0.1059375 0.7183333333333334 0.115625 0.23
0 0.5690625 0.39555555555555555 0.159375 0.27555555555555555
4 0.3959375 0.6172222222222222 0.108125 0.2588888888888889
3 0.653125 0.4338888888888889 0.135 0.25222222222222224
1 0.0840625 0.15333333333333332 0.133125 0.29333333333333333
0 0.086875 0.6366666666666667 0.15 0.3022222222222222
4 0.8240625 0.3672222222222222 0.093125 0.21888888888888888
3 0.6103125 0.2011111111111111 0.176875 0.23777777777777778
1 0.3509375 0.7772222222222223 0.169375 0.3322222222222222
0 0.76 0.688125 0.29333333333333333 0.16875
4 0.4088888888888889 0.8409375 0.18222222222222223 0.116875
1 0.5794444444444444 0.49625 0.22777777777777777 0.1425
