4 0.26055555555555554 0.6921875 0.2966666666666667 0.168125
4 0.37555555555555553 0.8765625 0.2733333333333333 0.180625
4 0.6166666666666667 0.32875 0.24888888888888888 0.15375
0 0.5044444444444445 0.160625 0.2777777777777778 0.17375
3 0.72 0.4940625 0.2 0.128125
1 0.4161111111111111 0.5590625 0.28555555555555556 0.165625
4 0.1761111111111111 0.7090625 0.25222222222222224 0.159375
2 0.7294444444444445 0.845 0.2411111111111111 0.125
0 0.2922222222222222 0.0753125 0.26222222222222225 0.115625
2 0.211875 0.3711111111111111 0.15125 0.2733333333333333
4 0.32375 0.1288888888888889 0.11375 0.1622222222222222
3 0.7371875 0.43444444444444447 0.158125 0.2111111111111111
0 0.4765625 0.29777777777777775 0.158125 0.31333333333333335
1 0.5884375 0.5622222222222222 0.121875 0.28
4 0.6971875 0.24555555555555555 0.133125 0.24444444444444444
3 0.8559375 0.3661111111111111 0.135625 0.24555555555555555
4 0.381875 0.6188888888888889 0.1325 0.2733333333333333
1 0.2209375 0.49944444444444447 0.125625 0.27444444444444444
3 0.0940625 0.14722222222222223 0.185625 0.28555555555555556
4 0.524375 0.7094444444444444 0.1025 0.21444444444444444
4 0.6144444444444445 0.2159375 0.19555555555555557 0.111875
2 0.41 0.066875 0.21777777777777776 0.11875
4 0.1811111111111111 0.530625 0.18888888888888888 0.12875
0 0.765 0.6940625 0.2811111111111111 0.149375
2 0.86 0.2577777777777778 0.1525 0.29333333333333333
3 0.37 0.7316666666666667 0.13 0.2677777777777778
4 0.1253125 0.3977777777777778 0.119375 0.24888888888888888
2 0.6028125 0.5466666666666666 0.116875 0.2222222222222222
4 0.5744444444444444 0.730625 0.25333333333333335 0.16
4 0.425 0.475 0.31444444444444447 0.13625
4 0.44277777777777777 0.335625 0.17 0.10125
0 0.32222222222222224 0.8628125 0.28888888888888886 0.180625
