4 0.630625 0.16833333333333333 0.165 0.27
0 0.134375 0.7538888888888889 0.135 0.25666666666666665
1 0.84625 0.10555555555555556 0.12875 0.20444444444444446
0 0.6025 0.43944444444444447 0.15625 0.27666666666666667
0 0.0775 0.21444444444444444 0.135 0.22444444444444445
4 0.7071875 0.6088888888888889 0.108125 0.21777777777777776
0 0.4628125 0.32944444444444443 0.134375 0.2544444444444444
3 0.3196875 0.51 0.105625 0.21777777777777776
2 0.198125 0.705 0.12 0.21
4 0.7371875 0.7316666666666667 0.146875 0.21
1 0.4721875 0.4166666666666667 0.124375 0.2911111111111111
3 0.2325 0.305 0.15375 0.24555555555555555
1 0.598125 0.2088888888888889 0.1225 0.2288888888888889
1 0.125 0.65 0.16 0.31333333333333335
0 0.3584375 0.10833333333333334 0.105625 0.21444444444444444
0 0.6409375 0.745 0.184375 0.25666666666666665
3 0.1521875 0.37 0.179375 0.3288888888888889
0 0.7184375 0.17333333333333334 0.123125 0.23333333333333334
4 0.6025 0.6522222222222223 0.13375 0.29333333333333333
4 0.1171875 0.5416666666666666 0.134375 0.25222222222222224
3 0.22111111111111112 0.15625 0.23777777777777778 0.16375
0 0.5283333333333333 0.863125 0.25666666666666665 0.15125
1 0.4388888888888889 0.57875 0.2777777777777778 0.15375
0 0.3427777777777778 0.445625 0.2833333333333333 0.1725
