3 0.1025 0.7527777777777778 0.10625 0.31222222222222223
4 0.334375 0.22944444444444445 0.07625 0.19
1 0.38875 0.58 0.19625 0.3422222222222222
1 0.8403125 0.3433333333333333 0.111875 0.2511111111111111
2 0.1178125 0.15833333333333333 0.146875 0.2611111111111111
3 0.859375 0.5616666666666666 0.1375 0.3211111111111111
1 0.286875 0.6366666666666667 0.18375 0.2688888888888889
2 0.15125 0.5988888888888889 0.17 0.2822222222222222
4 0.67375 0.7238888888888889 0.15375 0.25222222222222224
0 0.1153125 0.4494444444444444 0.109375 0.2611111111111111
0 0.409375 0.36666666666666664 0.11375 0.2911111111111111
2 0.57625 0.7683333333333333 0.155 0.31
1 0.599375 0.2238888888888889 0.115 0.24555555555555555
4 0.378125 0.4438888888888889 0.16875 0.34555555555555556
3 0.0984375 0.7233333333333334 0.105625 0.2222222222222222
4 0.8490625 0.5427777777777778 0.118125 0.20333333333333334
3 0.4778125 0.16666666666666666 0.119375 0.25333333333333335
4 0.658125 0.4388888888888889 0.12125 0.23555555555555555
2 0.3140625 0.595 0.150625 0.2677777777777778
4 0.840625 0.7188888888888889 0.12625 0.23333333333333334
