3 0.2966666666666667 0.6721875 0.20222222222222222 0.149375
4 0.14833333333333334 0.079375 0.18555555555555556 0.12
4 0.7566666666666667 0.869375 0.2822222222222222 0.1575
0 0.6022222222222222 0.2896875 0.25333333333333335 0.155625
4 0.5344444444444445 0.8553125 0.2577777777777778 0.138125
1 0.7622222222222222 0.619375 0.33111111111111113 0.16625
3 0.13055555555555556 0.343125 0.21444444444444444 0.11375
1 0.3675 0.2588888888888889 0.15625 0.29777777777777775
4 0.1234375 0.43944444444444447 0.155625 0.32555555555555554
0 0.841875 0.7311111111111112 0.12875 0.24
4 0.055625 0.20333333333333334 0.1 0.19777777777777777
1 0.388125 0.4311111111111111 0.14 0.24
0 0.708125 0.5872222222222222 0.155 0.34555555555555556
3 0.5927777777777777 0.1121875 0.3055555555555556 0.160625
1 0.07375 0.4811111111111111 0.125 0.24
4 0.5384375 0.10611111111111111 0.131875 0.20555555555555555
4 0.8753125 0.6211111111111111 0.190625 0.28
2 0.2390625 0.26 0.148125 0.27555555555555555
4 0.7766666666666666 0.8753125 0.29333333333333333 0.170625
4 0.1622222222222222 0.5746875 0.2644444444444444 0.139375
0 0.6222222222222222 0.71625 0.22444444444444445 0.1375
2 0.2833333333333333 0.1559375 0.26666666666666666 0.156875
0 0.5122222222222222 0.44 0.24444444444444444 0.155
