3 0.4684375 0.5733333333333334 0.115625 0.26
4 0.861875 0.3277777777777778 0.1425 0.24222222222222223
4 0.6165625 0.75 0.159375 0.29777777777777775
3 0.15875 0.14666666666666667 0.16875 0.2911111111111111
3 0.60375 0.7355555555555555 0.12625 0.2688888888888889
4 0.6790625 0.5866666666666667 0.098125 0.2111111111111111
4 0.2384375 0.21833333333333332 0.113125 0.18777777777777777
4 0.0925 0.4938888888888889 0.11875 0.2633333333333333
4 0.6871875 0.515 0.113125 0.22111111111111112
4 0.53375 0.7277777777777777 0.10875 0.2
1 0.4638888888888889 0.68125 0.2966666666666667 0.175
2 0.6772222222222222 0.27625 0.14333333333333334 0.1025
1 0.3659375 0.625 0.184375 0.33444444444444443
3 0.59375 0.2838888888888889 0.14 0.28555555555555556
4 0.8484375 0.4411111111111111 0.149375 0.28444444444444444
4 0.7096875 0.66 0.121875 0.24666666666666667
2 0.7722222222222223 0.5725 0.31333333333333335 0.16
3 0.6272222222222222 0.848125 0.24333333333333335 0.15125
3 0.4066666666666667 0.2875 0.24 0.15
