3 0.105625 0.13277777777777777 0.1375 0.23666666666666666
4 0.4125 0.44055555555555553 0.13 0.24333333333333335
2 0.8453125 0.22611111111111112 0.139375 0.19
3 0.283125 0.6444444444444445 0.15625 0.2733333333333333
1 0.35944444444444446 0.4746875 0.21444444444444444 0.105625
4 0.7255555555555555 0.1596875 0.26 0.176875
0 0.6072222222222222 0.8475 0.25222222222222224 0.15
1 0.5116666666666667 0.6784375 0.29 0.163125
1 0.836875 0.15388888888888888 0.1125 0.23444444444444446
0 0.345 0.75 0.15625 0.3
4 0.105 0.44055555555555553 0.15375 0.30333333333333334
3 0.075 0.31222222222222223 0.13625 0.29777777777777775
2 0.8459375 0.13333333333333333 0.135625 0.23777777777777778
4 0.0921875 0.12277777777777778 0.104375 0.21444444444444444
4 0.33875 0.5177777777777778 0.1075 0.2
0 0.860625 0.36777777777777776 0.17125 0.3022222222222222
