0 0.2953125 0.31777777777777777 0.179375 0.28444444444444444
4 0.075625 0.7061111111111111 0.12125 0.1922222222222222
1 0.499375 0.6216666666666667 0.16625 0.33444444444444443
4 0.283125 0.4211111111111111 0.105 0.21777777777777776
3 0.3421875 0.5238888888888888 0.110625 0.1988888888888889
0 0.715 0.6255555555555555 0.10875 0.2088888888888889
3 0.4890625 0.47055555555555556 0.155625 0.28555555555555556
2 0.0834375 0.15 0.163125 0.20222222222222222
4 0.8384375 0.33444444444444443 0.099375 0.18888888888888888
3 0.61 0.7638888888888888 0.1675 0.2788888888888889
4 0.6803125 0.4627777777777778 0.161875 0.2811111111111111
1 0.3053125 0.18333333333333332 0.134375 0.2733333333333333
3 0.1190625 0.6972222222222222 0.123125 0.19666666666666666
4 0.4971875 0.6222222222222222 0.156875 0.3244444444444444
1 0.20055555555555554 0.07625 0.12777777777777777 0.10375
1 0.6905555555555556 0.6946875 0.19 0.136875
0 0.12555555555555556 0.844375 0.20666666666666667 0.135
3 0.4361111111111111 0.23375 0.1411111111111111 0.11875
4 0.6155555555555555 0.394375 0.27111111111111114 0.13875
1 0.46375 0.4727777777777778 0.14 0.2788888888888889
