0 0.25555555555555554 0.124375 0.19555555555555557 0.12
3 0.7416666666666667 0.393125 0.27 0.17875
4 0.18944444444444444 0.6221875 0.2411111111111111 0.158125
4 0.6759375 0.29444444444444445 0.109375 0.2311111111111111
4 0.234375 0.5355555555555556 0.1425 0.29333333333333333
4 0.3584375 0.7016666666666667 0.085625 0.20555555555555555
1 0.8565625 0.6061111111111112 0.164375 0.22555555555555556
1 0.549375 0.4444444444444444 0.16125 0.32222222222222224
0 0.8471875 0.7388888888888889 0.130625 0.25333333333333335
3 0.2846875 0.14055555555555554 0.128125 0.17666666666666667
3 0.1065625 0.49277777777777776 0.145625 0.3211111111111111
1 0.4825 0.62 0.15 0.29555555555555557
0 0.094375 0.46555555555555556 0.16375 0.2822222222222222
4 0.4740625 0.19555555555555557 0.155625 0.2866666666666667
1 0.8390625 0.7133333333333334 0.116875 0.23333333333333334
1 0.626875 0.295 0.0775 0.21444444444444444
0 0.273125 0.5922222222222222 0.1375 0.2644444444444444
2 0.30333333333333334 0.2540625 0.30666666666666664 0.170625
1 0.7133333333333334 0.3371875 0.2111111111111111 0.095625
1 0.4961111111111111 0.62 0.32555555555555554 0.1775
0 0.38375 0.28444444444444444 0.165 0.31555555555555553
0 0.723125 0.7311111111111112 0.1125 0.2222222222222222
1 0.2203125 0.41055555555555556 0.081875 0.2388888888888889
2 0.64 0.8628125 0.26222222222222225 0.145625
0 0.4688888888888889 0.3640625 0.28 0.164375
4 0.2477777777777778 0.58 0.2 0.08875
4 0.7072222222222222 0.21875 0.21444444444444444 0.1275
4 0.32944444444444443 0.084375 0.18333333333333332 0.1125
