3 0.335625 0.37555555555555553 0.10375 0.2222222222222222
0 0.1015625 0.7366666666666667 0.125625 0.22444444444444445
2 0.58125 0.1938888888888889 0.10375 0.21888888888888888
0 0.5977777777777777 0.7553125 0.2911111111111111 0.183125
4 0.36833333333333335 0.48125 0.18333333333333332 0.1275
1 0.6544444444444445 0.62 0.2288888888888889 0.15875
0 0.3244444444444444 0.376875 0.27111111111111114 0.165
1 0.5005555555555555 0.2440625 0.2722222222222222 0.145625
0 0.1184375 0.29777777777777775 0.101875 0.2111111111111111
4 0.4425 0.5477777777777778 0.18625 0.3
0 0.259375 0.20777777777777778 0.13625 0.2688888888888889
4 0.7015625 0.53 0.133125 0.2577777777777778
0 0.1275 0.7572222222222222 0.1675 0.2722222222222222
0 0.4090625 0.6361111111111111 0.139375 0.25
0 0.851875 0.6994444444444444 0.135 0.19
0 0.323125 0.5188888888888888 0.1225 0.1622222222222222
2 0.583125 0.21 0.12 0.2088888888888889
1 0.831875 0.29055555555555557 0.11125 0.1811111111111111
3 0.2665625 0.4811111111111111 0.113125 0.29333333333333333
3 0.80875 0.5388888888888889 0.06125 0.17555555555555555
4 0.3246875 0.715 0.125625 0.20777777777777778
0 0.5796875 0.3938888888888889 0.119375 0.20333333333333334
