4 0.4766666666666667 0.625 0.28 0.17375
4 0.5255555555555556 0.8409375 0.18888888888888888 0.133125
0 0.3 0.2753125 0.3022222222222222 0.183125
4 0.6327777777777778 0.1221875 0.21666666666666667 0.113125
0 0.1321875 0.3472222222222222 0.168125 0.2877777777777778
3 0.3609375 0.19777777777777777 0.161875 0.31555555555555553
1 0.105625 0.5283333333333333 0.1575 0.22555555555555556
4 0.87 0.675 0.1675 0.33
0 0.5903125 0.44555555555555554 0.114375 0.24666666666666667
4 0.4628125 0.32944444444444443 0.113125 0.20333333333333334
3 0.726875 0.28444444444444444 0.135 0.3022222222222222
1 0.2721875 0.6388888888888888 0.138125 0.2644444444444444
1 0.5565625 0.1988888888888889 0.135625 0.2577777777777778
0 0.439375 0.45944444444444443 0.18625 0.3433333333333333
3 0.8625 0.5538888888888889 0.16 0.26555555555555554
3 0.0809375 0.7705555555555555 0.108125 0.2877777777777778
0 0.84375 0.7583333333333333 0.13125 0.25666666666666665
1 0.38875 0.25833333333333336 0.13125 0.25
0 0.0840625 0.3927777777777778 0.128125 0.27
3 0.7071875 0.49166666666666664 0.161875 0.22111111111111112
1 0.536875 0.6216666666666667 0.125 0.23222222222222222
1 0.2371875 0.15 0.131875 0.28
1 0.5459375 0.3844444444444444 0.114375 0.24888888888888888
4 0.70625 0.28 0.14 0.26666666666666666
3 0.8459375 0.18 0.124375 0.29333333333333333
