0 0.8634375 0.6 0.145625 0.27111111111111114
1 0.1009375 0.4811111111111111 0.173125 0.32
4 0.4671875 0.2872222222222222 0.129375 0.21888888888888888
4 0.21055555555555555 0.1446875 0.20333333333333334 0.146875
1 0.4483333333333333 0.7428125 0.27666666666666667 0.149375
3 0.6427777777777778 0.24875 0.26555555555555554 0.11625
1 0.35333333333333333 0.870625 0.28888888888888886 0.165
4 0.661875 0.3288888888888889 0.16125 0.2822222222222222
2 0.2621875 0.5866666666666667 0.129375 0.24222222222222223
2 0.0684375 0.1688888888888889 0.125625 0.24
0 0.3011111111111111 0.12 0.24888888888888888 0.14125
1 0.3827777777777778 0.6046875 0.23666666666666666 0.135625
4 0.4777777777777778 0.48875 0.2511111111111111 0.1475
2 0.5827777777777777 0.0775 0.22555555555555556 0.1375
3 0.4083333333333333 0.8534375 0.15666666666666668 0.131875
2 0.114375 0.35555555555555557 0.095 0.20666666666666667
2 0.261875 0.3016666666666667 0.1525 0.27666666666666667
4 0.620625 0.5922222222222222 0.1575 0.32666666666666666
0 0.381875 0.6638888888888889 0.155 0.2922222222222222
0 0.8575 0.735 0.15625 0.25666666666666665
3 0.8290625 0.21555555555555556 0.106875 0.23777777777777778
3 0.320625 0.7255555555555555 0.08 0.21777777777777776
0 0.111875 0.5927777777777777 0.1575 0.29888888888888887
