0 0.606875 0.5572222222222222 0.11375 0.2477777777777778
0 0.12375 0.19833333333333333 0.10125 0.2011111111111111
3 0.854375 0.755 0.1275 0.2588888888888889
3 0.368125 0.5683333333333334 0.16 0.2588888888888889
4 0.1065625 0.1988888888888889 0.139375 0.26222222222222225
4 0.62625 0.39944444444444444 0.17375 0.2922222222222222
3 0.0896875 0.5261111111111111 0.151875 0.2633333333333333
0 0.3925 0.24055555555555555 0.14375 0.31222222222222223
4 0.7203125 0.6505555555555556 0.184375 0.3055555555555556
4 0.8365625 0.3827777777777778 0.109375 0.18333333333333332
3 0.241875 0.7561111111111111 0.15 0.30777777777777776
3 0.8384375 0.3522222222222222 0.099375 0.25555555555555554
4 0.3640625 0.6172222222222222 0.095625 0.22111111111111112
4 0.6925 0.5411111111111111 0.1225 0.2577777777777778
4 0.8265625 0.5994444444444444 0.099375 0.2833333333333333
1 0.3653125 0.7816666666666666 0.169375 0.31222222222222223
3 0.590625 0.4072222222222222 0.12375 0.23444444444444446
4 0.3371875 0.29055555555555557 0.125625 0.3011111111111111
4 0.0759375 0.4177777777777778 0.100625 0.24
2 0.8409375 0.5477777777777778 0.135625 0.18444444444444444
2 0.6109375 0.7688888888888888 0.174375 0.3111111111111111
0 0.494375 0.5455555555555556 0.15 0.23555555555555555
