4 0.41333333333333333 0.6153125 0.2644444444444444 0.140625
2 0.7183333333333334 0.1140625 0.18555555555555556 0.119375
0 0.258125 0.42833333333333334 0.1575 0.3011111111111111
3 0.3928125 0.7383333333333333 0.121875 0.23666666666666666
0 0.5734375 0.6661111111111111 0.176875 0.3211111111111111
0 0.7171875 0.30944444444444447 0.159375 0.2922222222222222
2 0.8653125 0.5427777777777778 0.149375 0.30333333333333334
3 0.605 0.38222222222222224 0.13 0.2111111111111111
4 0.3490625 0.7166666666666667 0.098125 0.21333333333333335
4 0.140625 0.2338888888888889 0.16125 0.24555555555555555
0 0.625 0.6105555555555555 0.17125 0.3322222222222222
4 0.8371875 0.20833333333333334 0.128125 0.1988888888888889
1 0.1578125 0.785 0.171875 0.3433333333333333
4 0.370625 0.39611111111111114 0.13 0.2388888888888889
1 0.3025 0.5027777777777778 0.1375 0.29
1 0.663125 0.7361111111111112 0.13875 0.2611111111111111
0 0.1403125 0.4072222222222222 0.173125 0.34555555555555556
0 0.8475 0.6233333333333333 0.14625 0.28444444444444444
1 0.2603125 0.33 0.128125 0.22
1 0.500625 0.4488888888888889 0.13375 0.29555555555555557
4 0.8740625 0.7583333333333333 0.168125 0.2677777777777778
3 0.610625 0.6672222222222223 0.11625 0.2477777777777778
0 0.063125 0.7122222222222222 0.115 0.17777777777777778
1 0.58875 0.38666666666666666 0.12875 0.18444444444444444
