0 0.6866666666666666 0.851875 0.17555555555555555 0.14875
1 0.5777777777777777 0.30375 0.22 0.125
0 0.3227777777777778 0.1378125 0.23444444444444446 0.150625
0 0.16944444444444445 0.48625 0.19 0.1325
2 0.6633333333333333 0.1028125 0.2866666666666667 0.154375
2 0.26666666666666666 0.6084375 0.2577777777777778 0.169375
4 0.7516666666666667 0.835 0.31 0.12375
1 0.375 0.2071875 0.17 0.114375
3 0.42055555555555557 0.1975 0.1922222222222222 0.1275
1 0.265 0.4634375 0.28555555555555556 0.134375
0 0.6533333333333333 0.0775 0.25333333333333335 0.15
0 0.3527777777777778 0.734375 0.2588888888888889 0.15125
0 0.53 0.5921875 0.2088888888888889 0.129375
3 0.8459375 0.195 0.123125 0.15444444444444444
0 0.48375 0.49333333333333335 0.14125 0.24888888888888888
3 0.64625 0.3416666666666667 0.095 0.19666666666666666
3 0.7155555555555555 0.363125 0.18 0.105
0 0.40944444444444444 0.870625 0.2788888888888889 0.165
1 0.5894444444444444 0.168125 0.2833333333333333 0.1925
1 0.1046875 0.7322222222222222 0.149375 0.24888888888888888
2 0.6725 0.4905555555555556 0.155 0.35
4 0.295 0.6116666666666667 0.15375 0.3011111111111111
3 0.58375 0.4038888888888889 0.17875 0.2877777777777778
3 0.1178125 0.6111111111111112 0.129375 0.22
4 0.3971875 0.7372222222222222 0.099375 0.23
2 0.705625 0.14666666666666667 0.1275 0.25333333333333335
