0 0.3646875 0.4661111111111111 0.168125 0.3433333333333333
1 0.49375 0.6216666666666667 0.175 0.3388888888888889
3 0.5909375 0.30777777777777776 0.119375 0.18444444444444444
3 0.826875 0.2594444444444444 0.08875 0.24333333333333335
0 0.1025 0.6522222222222223 0.145 0.24222222222222223
0 0.1484375 0.6038888888888889 0.150625 0.21444444444444444
2 0.555625 0.12 0.11625 0.19555555555555557
4 0.4246875 0.5233333333333333 0.138125 0.2911111111111111
4 0.693125 0.2861111111111111 0.10875 0.2922222222222222
3 0.68875 0.28444444444444444 0.105 0.26222222222222225
0 0.5759375 0.4177777777777778 0.166875 0.3022222222222222
4 0.265625 0.4638888888888889 0.12125 0.16555555555555557
4 0.8609375 0.24 0.153125 0.2111111111111111
1 0.73125 0.4122222222222222 0.2 0.31333333333333335
2 0.226875 0.11555555555555555 0.1075 0.20444444444444446
0 0.1275 0.4177777777777778 0.165 0.15777777777777777
3 0.41625 0.4938888888888889 0.135 0.26555555555555554
4 0.5421875 0.6894444444444444 0.095625 0.17444444444444446
0 0.85 0.11833333333333333 0.1275 0.23444444444444446
0 0.7265625 0.6177777777777778 0.173125 0.2733333333333333
