0 0.425 0.18666666666666668 0.16625 0.24444444444444444
3 0.2521875 0.6205555555555555 0.111875 0.2544444444444444
1 0.5353125 0.5883333333333334 0.075625 0.16111111111111112
3 0.1503125 0.3933333333333333 0.156875 0.19777777777777777
4 0.28125 0.7338888888888889 0.135 0.23666666666666666
2 0.4633333333333333 0.2853125 0.1622222222222222 0.134375
1 0.6383333333333333 0.8471875 0.2922222222222222 0.130625
4 0.111875 0.6611111111111111 0.11625 0.29333333333333333
4 0.3309375 0.6983333333333334 0.120625 0.17444444444444446
3 0.5678125 0.5261111111111111 0.076875 0.21444444444444444
3 0.0540625 0.33611111111111114 0.083125 0.21888888888888888
1 0.088125 0.3977777777777778 0.12375 0.2288888888888889
0 0.82875 0.62 0.10875 0.22444444444444445
4 0.23 0.7355555555555555 0.10875 0.2288888888888889
4 0.8371875 0.445 0.113125 0.26555555555555554
3 0.745 0.5633333333333334 0.17125 0.31333333333333335
0 0.2396875 0.14 0.126875 0.22444444444444445
2 0.3659375 0.25833333333333336 0.138125 0.2722222222222222
0 0.624375 0.345 0.17125 0.25666666666666665
