1 0.29888888888888887 0.8640625 0.30666666666666664 0.164375
1 0.37333333333333335 0.4975 0.2644444444444444 0.1425
3 0.7377777777777778 0.6171875 0.2311111111111111 0.145625
0 0.545 0.3684375 0.22777777777777777 0.121875
2 0.4666666666666667 0.2684375 0.26 0.159375
2 0.20833333333333334 0.7603125 0.31444444444444447 0.194375
4 0.6588888888888889 0.1321875 0.2644444444444444 0.123125
2 0.6921875 0.6361111111111111 0.119375 0.24333333333333335
3 0.5334375 0.12222222222222222 0.113125 0.11555555555555555
1 0.09 0.44222222222222224 0.1575 0.30666666666666664
0 0.8528125 0.7311111111111112 0.129375 0.20666666666666667
4 0.6725 0.19333333333333333 0.1425 0.26666666666666666
3 0.4815625 0.29777777777777775 0.118125 0.20222222222222222
3 0.8403125 0.44 0.119375 0.21333333333333335
4 0.855625 0.32666666666666666 0.13875 0.29333333333333333
1 0.1053125 0.21833333333333332 0.141875 0.30333333333333334
1 0.2571875 0.5044444444444445 0.149375 0.22
0 0.55375 0.7561111111111111 0.14875 0.2833333333333333
0 0.703125 0.44666666666666666 0.15125 0.32222222222222224
2 0.3625 0.7377777777777778 0.16625 0.25555555555555554
4 0.1238888888888889 0.4771875 0.14333333333333334 0.110625
0 0.5083333333333333 0.871875 0.3388888888888889 0.1925
4 0.5766666666666667 0.300625 0.18888888888888888 0.11125
