4 0.4746875 0.175 0.146875 0.2588888888888889
3 0.8640625 0.31444444444444447 0.166875 0.2511111111111111
3 0.6434375 0.43222222222222223 0.105625 0.2
0 0.27125 0.7166666666666667 0.12 0.19555555555555557
0 0.7622222222222222 0.8703125 0.32 0.183125
0 0.5311111111111111 0.0834375 0.32 0.146875
2 0.6283333333333333 0.27375 0.2833333333333333 0.14375
2 0.36777777777777776 0.66875 0.22444444444444445 0.165
3 0.20625 0.6677777777777778 0.1225 0.2866666666666667
1 0.470625 0.4711111111111111 0.13875 0.24222222222222223
4 0.0953125 0.7616666666666667 0.155625 0.29888888888888887
0 0.3715625 0.21777777777777776 0.116875 0.25555555555555554
4 0.1684375 0.3416666666666667 0.183125 0.3322222222222222
0 0.8584375 0.7416666666666667 0.144375 0.26555555555555554
3 0.759375 0.505 0.18375 0.31222222222222223
1 0.2621875 0.685 0.134375 0.32555555555555554
1 0.8678125 0.5511111111111111 0.154375 0.22444444444444445
3 0.07375 0.35944444444444446 0.1125 0.16111111111111112
4 0.600625 0.7266666666666667 0.13625 0.25555555555555554
0 0.6011111111111112 0.1153125 0.3 0.161875
1 0.22944444444444445 0.8378125 0.18777777777777777 0.108125
2 0.6172222222222222 0.55625 0.18555555555555556 0.11625
4 0.7383333333333333 0.71125 0.23222222222222222 0.14375
4 0.45944444444444443 0.4359375 0.25666666666666665 0.159375
0 0.25277777777777777 0.8559375 0.23 0.149375
1 0.5622222222222222 0.3040625 0.2688888888888889 0.178125
