1 0.2565625 0.7205555555555555 0.114375 0.21222222222222223
4 0.1415625 0.41555555555555557 0.170625 0.3288888888888889
4 0.4025 0.6238888888888889 0.11875 0.2611111111111111
4 0.8328125 0.10555555555555556 0.118125 0.19333333333333333
3 0.715 0.22833333333333333 0.17 0.19666666666666666
0 0.07625 0.4361111111111111 0.11625 0.21444444444444444
4 0.86125 0.6155555555555555 0.16875 0.30666666666666664
4 0.4503125 0.1661111111111111 0.105625 0.20555555555555555
1 0.3278125 0.3794444444444444 0.103125 0.24333333333333335
4 0.850625 0.7466666666666667 0.14625 0.29333333333333333
4 0.60125 0.5611111111111111 0.14875 0.2644444444444444
1 0.73 0.24555555555555555 0.15125 0.32666666666666666
3 0.83625 0.5372222222222223 0.115 0.20555555555555555
4 0.0975 0.37333333333333335 0.12625 0.2311111111111111
1 0.46125 0.45555555555555555 0.13625 0.2511111111111111
3 0.236875 0.58 0.07875 0.22666666666666666
2 0.68 0.22277777777777777 0.1825 0.33
3 0.8525 0.7405555555555555 0.135 0.27444444444444444
4 0.675625 0.4077777777777778 0.13875 0.3088888888888889
0 0.125 0.4688888888888889 0.10625 0.19111111111111112
1 0.8396875 0.7288888888888889 0.109375 0.23333333333333334
4 0.304375 0.6116666666666667 0.10875 0.2388888888888889
3 0.45055555555555554 0.2521875 0.19 0.116875
4 0.40444444444444444 0.13625 0.26222222222222225 0.1225
4 0.66 0.5165625 0.28 0.170625
4 0.7444444444444445 0.84625 0.28444444444444444 0.11625
