2 0.1811111111111111 0.2753125 0.2822222222222222 0.163125
1 0.31722222222222224 0.4303125 0.3233333333333333 0.179375
0 0.5383333333333333 0.868125 0.30333333333333334 0.1725
0 0.368125 0.4816666666666667 0.2025 0.3233333333333333
2 0.846875 0.5538888888888889 0.1375 0.27666666666666667
3 0.7365625 0.7416666666666667 0.173125 0.2722222222222222
1 0.4721875 0.175 0.154375 0.2788888888888889
0 0.5953125 0.24222222222222223 0.145625 0.22444444444444445
0 0.093125 0.6772222222222222 0.1625 0.33444444444444443
4 0.866875 0.5738888888888889 0.16375 0.29444444444444445
3 0.25055555555555553 0.345625 0.15444444444444444 0.12875
3 0.4872222222222222 0.7428125 0.27444444444444444 0.166875
0 0.855625 0.32555555555555554 0.15125 0.2866666666666667
4 0.0721875 0.2 0.098125 0.25333333333333335
4 0.6896875 0.6116666666666667 0.123125 0.1988888888888889
4 0.3671875 0.18055555555555555 0.151875 0.21444444444444444
3 0.084375 0.35 0.08125 0.19777777777777777
0 0.8575 0.5744444444444444 0.1425 0.2911111111111111
1 0.6696875 0.47888888888888886 0.131875 0.26222222222222225
0 0.1265625 0.6227777777777778 0.143125 0.2788888888888889
