1 0.6759375 0.23444444444444446 0.100625 0.2511111111111111
0 0.5584375 0.4588888888888889 0.164375 0.30666666666666664
1 0.40875 0.7094444444444444 0.16375 0.21666666666666667
0 0.09625 0.3472222222222222 0.13625 0.2811111111111111
1 0.84875 0.6111111111111112 0.14625 0.21777777777777776
4 0.260625 0.5622222222222222 0.16625 0.31777777777777777
3 0.5990625 0.7516666666666667 0.099375 0.2588888888888889
4 0.11375 0.25555555555555554 0.09 0.23333333333333334
0 0.374375 0.3461111111111111 0.13125 0.2544444444444444
2 0.5140625 0.46444444444444444 0.169375 0.3288888888888889
1 0.264375 0.6188888888888889 0.15125 0.31555555555555553
4 0.671875 0.7538888888888889 0.16625 0.30777777777777776
2 0.4484375 0.4638888888888889 0.103125 0.2588888888888889
0 0.09625 0.3811111111111111 0.1675 0.32222222222222224
4 0.55125 0.7372222222222222 0.155 0.27
3 0.70375 0.43722222222222223 0.1325 0.2788888888888889
3 0.4096875 0.31055555555555553 0.104375 0.24555555555555555
4 0.27875 0.6222222222222222 0.1225 0.20666666666666667
1 0.54 0.6115625 0.22444444444444445 0.138125
4 0.19166666666666668 0.3734375 0.30333333333333334 0.155625
0 0.699375 0.6511111111111111 0.13625 0.30666666666666664
4 0.551875 0.3972222222222222 0.1425 0.2633333333333333
2 0.8546875 0.16277777777777777 0.144375 0.2588888888888889
