0 0.2540625 0.7305555555555555 0.110625 0.21666666666666667
1 0.825625 0.3466666666666667 0.09125 0.2222222222222222
0 0.6653125 0.23833333333333334 0.158125 0.2611111111111111
0 0.0865625 0.5144444444444445 0.163125 0.3
2 0.575 0.8509375 0.16555555555555557 0.151875
0 0.20833333333333334 0.0696875 0.23 0.134375
1 0.7155555555555555 0.2553125 0.18 0.119375
1 0.44055555555555553 0.6446875 0.16333333333333333 0.125625
0 0.554375 0.7916666666666666 0.16125 0.32555555555555554
2 0.3734375 0.4216666666666667 0.113125 0.20333333333333334
1 0.2396875 0.5772222222222222 0.159375 0.31
4 0.698125 0.6794444444444444 0.135 0.30777777777777776
1 0.6565625 0.7477777777777778 0.129375 0.2733333333333333
4 0.1115625 0.32555555555555554 0.135625 0.19777777777777777
2 0.8415625 0.22611111111111112 0.133125 0.2544444444444444
3 0.4890625 0.5022222222222222 0.134375 0.26222222222222225
1 0.7503125 0.44277777777777777 0.169375 0.31444444444444447
0 0.265625 0.7061111111111111 0.175 0.3322222222222222
1 0.1284375 0.5777777777777777 0.144375 0.24444444444444444
0 0.4890625 0.30833333333333335 0.156875 0.2633333333333333
4 0.2871875 0.5888888888888889 0.119375 0.2288888888888889
1 0.8565625 0.47055555555555556 0.160625 0.29
2 0.319375 0.6305555555555555 0.1425 0.26555555555555554
2 0.4878125 0.4033333333333333 0.121875 0.28888888888888886
2 0.661875 0.23777777777777778 0.1125 0.19555555555555557
