3 0.7494444444444445 0.12125 0.2611111111111111 0.12875
1 0.1738888888888889 0.2471875 0.28555555555555556 0.141875
4 0.3461111111111111 0.489375 0.2388888888888889 0.1475
2 0.6477777777777778 0.7315625 0.25555555555555554 0.154375
4 0.5483333333333333 0.6178125 0.25222222222222224 0.165625
3 0.0834375 0.5761111111111111 0.125625 0.25
2 0.841875 0.11944444444444445 0.1325 0.21888888888888888
1 0.465625 0.425 0.135 0.2411111111111111
3 0.2475 0.2627777777777778 0.07625 0.21222222222222223
4 0.14222222222222222 0.38375 0.24222222222222223 0.1375
0 0.3883333333333333 0.704375 0.27444444444444444 0.1675
4 0.49166666666666664 0.8471875 0.25222222222222224 0.146875
4 0.6122222222222222 0.0834375 0.26222222222222225 0.146875
3 0.6966666666666667 0.12 0.18888888888888888 0.1575
4 0.6333333333333333 0.6890625 0.32 0.176875
0 0.06375 0.5522222222222222 0.09375 0.21777777777777776
4 0.596875 0.255 0.145 0.33444444444444443
0 0.3490625 0.7588888888888888 0.156875 0.2733333333333333
4 0.1390625 0.5838888888888889 0.125625 0.29888888888888887
1 0.8584375 0.425 0.144375 0.31222222222222223
3 0.6234375 0.7322222222222222 0.148125 0.2644444444444444
2 0.385 0.25222222222222224 0.145 0.29555555555555557
0 0.4575 0.3927777777777778 0.11 0.30333333333333334
4 0.6559375 0.48777777777777775 0.129375 0.24444444444444444
3 0.8275 0.735 0.095 0.2411111111111111
4 0.114375 0.6588888888888889 0.1775 0.3377777777777778
