2 0.1265625 0.5988888888888889 0.155625 0.18888888888888888
4 0.27125 0.42 0.15125 0.2822222222222222
4 0.8703125 0.21777777777777776 0.170625 0.32666666666666666
3 0.56125 0.5333333333333333 0.1425 0.2822222222222222
2 0.7109375 0.7666666666666667 0.146875 0.29777777777777775
0 0.688125 0.6227777777777778 0.12625 0.22555555555555556
1 0.0628125 0.5205555555555555 0.096875 0.21888888888888888
2 0.3771875 0.7133333333333334 0.115625 0.2088888888888889
2 0.8484375 0.3277777777777778 0.121875 0.21333333333333335
0 0.074375 0.7433333333333333 0.12875 0.23777777777777778
4 0.3478125 0.14944444444444444 0.158125 0.2588888888888889
2 0.136875 0.4444444444444444 0.1425 0.27111111111111114
2 0.66125 0.7188888888888889 0.12625 0.2311111111111111
1 0.26625 0.42055555555555557 0.12625 0.26555555555555554
4 0.8659375 0.18333333333333332 0.161875 0.23777777777777778
4 0.4046875 0.3377777777777778 0.111875 0.3244444444444444
2 0.6125 0.39666666666666667 0.13125 0.28444444444444444
1 0.3778125 0.7522222222222222 0.149375 0.31333333333333335
3 0.8609375 0.5338888888888889 0.140625 0.21888888888888888
