3 0.6059375 0.7144444444444444 0.113125 0.19333333333333333
4 0.3659375 0.37555555555555553 0.104375 0.2088888888888889
2 0.1675 0.2761111111111111 0.1775 0.35444444444444445
3 0.5377777777777778 0.8525 0.20666666666666667 0.145
0 0.7711111111111111 0.62 0.30666666666666664 0.17875
4 0.39444444444444443 0.3609375 0.28444444444444444 0.159375
3 0.2571875 0.2238888888888889 0.108125 0.1988888888888889
1 0.1221875 0.7694444444444445 0.126875 0.31666666666666665
3 0.845 0.5394444444444444 0.125 0.2477777777777778
2 0.2415625 0.41888888888888887 0.158125 0.25333333333333335
0 0.8484375 0.5855555555555556 0.138125 0.27555555555555555
4 0.353125 0.6538888888888889 0.135 0.25666666666666665
1 0.3184375 0.56 0.109375 0.26
0 0.849375 0.39444444444444443 0.15375 0.30444444444444446
1 0.5778125 0.18666666666666668 0.119375 0.2644444444444444
3 0.0546875 0.7327777777777778 0.090625 0.22777777777777777
4 0.12625 0.7133333333333334 0.13375 0.21555555555555556
4 0.84 0.6266666666666667 0.12625 0.24888888888888888
0 0.2728125 0.45444444444444443 0.140625 0.31555555555555553
4 0.3940625 0.5127777777777778 0.095625 0.22777777777777777
4 0.7127777777777777 0.4621875 0.19666666666666666 0.103125
4 0.10833333333333334 0.8428125 0.18555555555555556 0.123125
