0 0.38625 0.4177777777777778 0.17625 0.33111111111111113
4 0.4896875 0.48944444444444446 0.145625 0.28555555555555556
4 0.151875 0.7916666666666666 0.1825 0.3233333333333333
4 0.3709375 0.405 0.135625 0.30777777777777776
4 0.5775 0.7433333333333333 0.11125 0.26
4 0.2833333333333333 0.4575 0.17333333333333334 0.09375
3 0.4577777777777778 0.3034375 0.25333333333333335 0.151875
4 0.18833333333333332 0.6721875 0.25222222222222224 0.156875
4 0.7161111111111111 0.861875 0.23 0.17
2 0.5744444444444444 0.1096875 0.21777777777777776 0.129375
1 0.4061111111111111 0.09 0.22555555555555556 0.13375
3 0.7222222222222222 0.72 0.2111111111111111 0.13375
2 0.3288888888888889 0.8434375 0.23333333333333334 0.128125
0 0.24388888888888888 0.598125 0.22333333333333333 0.1425
0 0.16125 0.3616666666666667 0.17375 0.2788888888888889
3 0.486875 0.4988888888888889 0.1125 0.2866666666666667
3 0.3234375 0.6083333333333333 0.141875 0.2411111111111111
1 0.854375 0.22277777777777777 0.135 0.26555555555555554
0 0.6953125 0.77 0.173125 0.29777777777777775
3 0.7144444444444444 0.4575 0.18444444444444444 0.12
4 0.5005555555555555 0.8325 0.27444444444444444 0.115
1 0.22722222222222221 0.0890625 0.24333333333333335 0.136875
