1 0.4734375 0.19277777777777777 0.123125 0.21444444444444444
3 0.6846875 0.37722222222222224 0.173125 0.3188888888888889
0 0.855 0.6183333333333333 0.14125 0.2677777777777778
3 0.12 0.7305555555555555 0.16 0.22555555555555556
1 0.695 0.2728125 0.18333333333333332 0.114375
0 0.42944444444444446 0.860625 0.2544444444444444 0.15
1 0.2866666666666667 0.4859375 0.27111111111111114 0.160625
0 0.17444444444444446 0.685625 0.3466666666666667 0.18
4 0.6594444444444445 0.1084375 0.2633333333333333 0.168125
4 0.3927777777777778 0.363125 0.29 0.17375
3 0.5455555555555556 0.835 0.2222222222222222 0.1075
2 0.3022222222222222 0.623125 0.29555555555555557 0.18875
3 0.17444444444444446 0.736875 0.22666666666666666 0.16375
2 0.595 0.7316666666666667 0.10125 0.22555555555555556
3 0.1359375 0.3705555555555556 0.146875 0.25
4 0.0928125 0.32666666666666666 0.134375 0.21333333333333335
1 0.46875 0.7283333333333334 0.12375 0.20777777777777778
1 0.858125 0.21833333333333332 0.13875 0.26555555555555554
0 0.685 0.6483333333333333 0.175 0.3188888888888889
1 0.4121875 0.6588888888888889 0.195625 0.3422222222222222
3 0.21 0.2677777777777778 0.09875 0.2088888888888889
4 0.5894444444444444 0.474375 0.22555555555555556 0.1425
2 0.3661111111111111 0.1125 0.26555555555555554 0.18125
2 0.7122222222222222 0.6740625 0.22666666666666666 0.160625
