0 0.5927777777777777 0.1125 0.3477777777777778 0.12375
2 0.7722222222222223 0.6040625 0.30444444444444446 0.143125
1 0.4661111111111111 0.6846875 0.28555555555555556 0.148125
0 0.31722222222222224 0.51625 0.26555555555555554 0.16875
4 0.15944444444444444 0.339375 0.22555555555555556 0.17375
3 0.1271875 0.5633333333333334 0.118125 0.2577777777777778
4 0.3678125 0.7183333333333334 0.123125 0.23444444444444446
1 0.85125 0.2311111111111111 0.135 0.26
1 0.2884375 0.40555555555555556 0.153125 0.3088888888888889
0 0.5646875 0.2388888888888889 0.138125 0.21555555555555556
1 0.86 0.5277777777777778 0.16125 0.3111111111111111
0 0.709375 0.13833333333333334 0.14375 0.2544444444444444
4 0.4040625 0.5905555555555555 0.100625 0.19666666666666666
2 0.5694444444444444 0.4896875 0.23444444444444446 0.136875
0 0.28833333333333333 0.88 0.2722222222222222 0.17625
3 0.7338888888888889 0.6990625 0.2633333333333333 0.185625
1 0.7066666666666667 0.6671875 0.21333333333333335 0.145625
4 0.22444444444444445 0.864375 0.2644444444444444 0.18125
4 0.3621875 0.5294444444444445 0.136875 0.21444444444444444
