0 0.255625 0.37833333333333335 0.14 0.27444444444444444
4 0.720625 0.17055555555555554 0.1225 0.21444444444444444
4 0.375 0.7188888888888889 0.14125 0.24444444444444444
0 0.6234375 0.6388888888888888 0.164375 0.26222222222222225
4 0.838125 0.5272222222222223 0.12 0.21666666666666667
0 0.4834375 0.2783333333333333 0.121875 0.25222222222222224
4 0.139375 0.46555555555555556 0.14375 0.27111111111111114
1 0.6666666666666666 0.331875 0.1288888888888889 0.115
0 0.33 0.70625 0.25555555555555554 0.11375
4 0.20722222222222222 0.8421875 0.21 0.135625
0 0.3140625 0.2127777777777778 0.139375 0.26555555555555554
4 0.120625 0.4527777777777778 0.1125 0.21
1 0.8709375 0.775 0.171875 0.31666666666666665
1 0.6859375 0.6311111111111111 0.163125 0.29777777777777775
0 0.71 0.39055555555555554 0.15625 0.25666666666666665
1 0.5615625 0.5494444444444444 0.153125 0.33666666666666667
4 0.4059375 0.6433333333333333 0.135625 0.2866666666666667
1 0.4015625 0.3988888888888889 0.099375 0.20222222222222222
4 0.1265625 0.32555555555555554 0.129375 0.26222222222222225
2 0.2796875 0.23055555555555557 0.145625 0.2788888888888889
2 0.700625 0.6072222222222222 0.1175 0.20555555555555555
0 0.31625 0.6966666666666667 0.1325 0.2
2 0.5246875 0.2111111111111111 0.193125 0.3488888888888889
1 0.1425 0.3038888888888889 0.14125 0.2544444444444444
