2 0.62 0.75 0.16875 0.3
4 0.874375 0.275 0.1825 0.31
0 0.3453125 0.4022222222222222 0.113125 0.24444444444444444
4 0.106875 0.53 0.13 0.18
0 0.8415625 0.5261111111111111 0.100625 0.21888888888888888
4 0.22 0.18722222222222223 0.1525 0.2633333333333333
1 0.5834375 0.43 0.103125 0.20666666666666667
4 0.348125 0.37 0.15 0.2688888888888889
1 0.269375 0.4572222222222222 0.15125 0.2811111111111111
0 0.85625 0.18611111111111112 0.16 0.30333333333333334
1 0.315 0.4975 0.29 0.19625
4 0.14333333333333334 0.08625 0.24 0.12
1 0.46444444444444444 0.635625 0.29555555555555557 0.09875
1 0.7177777777777777 0.2815625 0.21333333333333335 0.138125
1 0.8465625 0.37833333333333335 0.126875 0.24333333333333335
4 0.668125 0.7388888888888889 0.14 0.22666666666666666
3 0.4846875 0.6488888888888888 0.143125 0.29333333333333333
1 0.075625 0.6088888888888889 0.115 0.17777777777777778
0 0.5553125 0.35055555555555556 0.166875 0.31222222222222223
2 0.8328125 0.7538888888888889 0.116875 0.25
0 0.094375 0.7316666666666667 0.1125 0.24333333333333335
0 0.849375 0.2872222222222222 0.14 0.2388888888888889
3 0.30375 0.42277777777777775 0.16125 0.21444444444444444
0 0.4725 0.13333333333333333 0.1275 0.22444444444444445
4 0.650625 0.5683333333333334 0.11375 0.21222222222222223
