3 0.7183333333333334 0.853125 0.17888888888888888 0.1225
4 0.17055555555555554 0.5628125 0.12111111111111111 0.116875
1 0.4172222222222222 0.4178125 0.2011111111111111 0.114375
4 0.5216666666666666 0.145625 0.2011111111111111 0.14375
3 0.8578125 0.7555555555555555 0.166875 0.26
4 0.5503125 0.28555555555555556 0.119375 0.2111111111111111
0 0.440625 0.4538888888888889 0.1825 0.32555555555555554
4 0.285 0.20722222222222222 0.155 0.27666666666666667
2 0.6840625 0.5111111111111111 0.103125 0.21777777777777776
0 0.101875 0.7027777777777777 0.175 0.3388888888888889
4 0.3271875 0.32166666666666666 0.114375 0.23444444444444446
0 0.5853125 0.4022222222222222 0.119375 0.2311111111111111
3 0.25055555555555553 0.31375 0.23 0.18375
4 0.5838888888888889 0.126875 0.20777777777777778 0.1875
3 0.5033333333333333 0.2409375 0.2866666666666667 0.116875
4 0.17666666666666667 0.71625 0.1711111111111111 0.115
3 0.38 0.1384375 0.22 0.149375
0 0.7655555555555555 0.6128125 0.27111111111111114 0.145625
3 0.6361111111111111 0.48625 0.1922222222222222 0.13125
4 0.29388888888888887 0.8353125 0.22777777777777777 0.114375
2 0.15944444444444444 0.856875 0.2544444444444444 0.13
2 0.7461111111111111 0.1140625 0.25222222222222224 0.139375
0 0.5822222222222222 0.2978125 0.22 0.133125
4 0.8715625 0.5294444444444445 0.176875 0.23666666666666666
3 0.5875 0.32611111111111113 0.10875 0.2411111111111111
