1 0.44722222222222224 0.14 0.19666666666666666 0.15125
0 0.335 0.485 0.23444444444444446 0.12125
4 0.21944444444444444 0.6690625 0.26555555555555554 0.129375
3 0.7027777777777777 0.856875 0.18333333333333332 0.14375
4 0.6516666666666666 0.3728125 0.27666666666666667 0.158125
0 0.35555555555555557 0.475 0.18444444444444444 0.1175
0 0.20055555555555554 0.1115625 0.20555555555555555 0.123125
0 0.5794444444444444 0.2615625 0.29888888888888887 0.179375
4 0.495 0.4903125 0.2544444444444444 0.163125
4 0.2011111111111111 0.721875 0.18444444444444444 0.11875
4 0.6583333333333333 0.6296875 0.23666666666666666 0.188125
3 0.40166666666666667 0.36 0.2411111111111111 0.15625
2 0.0990625 0.15666666666666668 0.154375 0.31333333333333335
2 0.8265625 0.5716666666666667 0.099375 0.22111111111111112
4 0.455625 0.45 0.1125 0.28444444444444444
2 0.87625 0.33611111111111114 0.175 0.2833333333333333
3 0.47875 0.22111111111111112 0.12375 0.2222222222222222
0 0.2128125 0.4716666666666667 0.086875 0.21666666666666667
4 0.1215625 0.5744444444444444 0.151875 0.25333333333333335
4 0.6234375 0.2688888888888889 0.166875 0.3022222222222222
4 0.138125 0.7394444444444445 0.13625 0.2677777777777778
0 0.8346875 0.5566666666666666 0.118125 0.2288888888888889
3 0.3471875 0.38 0.084375 0.2
0 0.2359375 0.7616666666666667 0.174375 0.3277777777777778
4 0.7459375 0.675 0.170625 0.31444444444444447
0 0.3334375 0.2927777777777778 0.113125 0.18555555555555556
0 0.0703125 0.23555555555555555 0.098125 0.2288888888888889
