4 0.108125 0.7555555555555555 0.13625 0.27555555555555555
0 0.2959375 0.605 0.141875 0.27444444444444444
4 0.255625 0.2972222222222222 0.17375 0.23666666666666666
0 0.550625 0.6738888888888889 0.15875 0.3233333333333333
4 0.091875 0.7244444444444444 0.14875 0.2
4 0.8325 0.2127777777777778 0.11625 0.29
3 0.2834375 0.6261111111111111 0.163125 0.2788888888888889
4 0.135 0.18833333333333332 0.1575 0.3055555555555556
0 0.38055555555555554 0.8446875 0.20555555555555555 0.120625
0 0.5611111111111111 0.0771875 0.2311111111111111 0.141875
1 0.4288888888888889 0.7121875 0.19333333333333333 0.123125
0 0.5427777777777778 0.214375 0.23444444444444446 0.1175
2 0.37777777777777777 0.105 0.28 0.14625
4 0.2561111111111111 0.4828125 0.22555555555555556 0.159375
2 0.205 0.86625 0.31 0.1825
0 0.6683333333333333 0.244375 0.25666666666666665 0.19375
2 0.4077777777777778 0.468125 0.24222222222222223 0.13875
3 0.3227777777777778 0.724375 0.2411111111111111 0.14875
0 0.5005555555555555 0.6021875 0.2588888888888889 0.155625
0 0.7366666666666667 0.120625 0.24888888888888888 0.14
1 0.5972222222222222 0.5046875 0.2722222222222222 0.180625
4 0.05444444444444444 0.653125 0.08888888888888889 0.11375
1 0.2461111111111111 0.3053125 0.17222222222222222 0.145625
