3 0.6765625 0.35833333333333334 0.179375 0.2811111111111111
2 0.315 0.65 0.2011111111111111 0.12
0 0.5933333333333334 0.48375 0.22444444444444445 0.15125
4 0.7227777777777777 0.28875 0.21666666666666667 0.12625
3 0.45944444444444443 0.10875 0.22333333333333333 0.13
4 0.313125 0.725 0.1275 0.23222222222222222
4 0.4971875 0.4588888888888889 0.136875 0.1711111111111111
0 0.8509375 0.3811111111111111 0.126875 0.2511111111111111
0 0.488125 0.15555555555555556 0.13375 0.2644444444444444
4 0.119375 0.2222222222222222 0.12375 0.20444444444444446
0 0.7434375 0.485 0.159375 0.3388888888888889
2 0.8378125 0.35388888888888886 0.104375 0.2722222222222222
2 0.3703125 0.5544444444444444 0.140625 0.28444444444444444
3 0.265625 0.7577777777777778 0.17375 0.3
4 0.7288888888888889 0.70625 0.24222222222222223 0.1525
2 0.31777777777777777 0.5440625 0.2111111111111111 0.116875
3 0.45 0.4246875 0.2777777777777778 0.168125
3 0.5590625 0.5194444444444445 0.126875 0.2966666666666667
0 0.8340625 0.23277777777777778 0.116875 0.21888888888888888
0 0.4309375 0.6116666666666667 0.149375 0.23222222222222222
4 0.6971875 0.3672222222222222 0.123125 0.2388888888888889
2 0.2703125 0.78 0.144375 0.31777777777777777
4 0.6390625 0.20166666666666666 0.106875 0.25222222222222224
0 0.06375 0.32666666666666666 0.1175 0.2311111111111111
3 0.4584375 0.4677777777777778 0.133125 0.24
