0 0.6153125 0.4166666666666667 0.136875 0.29555555555555557
0 0.14875 0.7611111111111111 0.18 0.29777777777777775
2 0.6094444444444445 0.685 0.2544444444444444 0.16125
0 0.7361111111111112 0.3378125 0.2677777777777778 0.186875
1 0.4577777777777778 0.486875 0.18888888888888888 0.125
2 0.59625 0.4911111111111111 0.1175 0.16666666666666666
3 0.849375 0.36 0.1375 0.2866666666666667
0 0.373125 0.18555555555555556 0.15625 0.32
2 0.220625 0.29444444444444445 0.1175 0.22
0 0.6115625 0.5727777777777778 0.155625 0.25666666666666665
4 0.8471875 0.6277777777777778 0.130625 0.19333333333333333
4 0.46 0.3566666666666667 0.1 0.1711111111111111
1 0.113125 0.7072222222222222 0.15 0.17888888888888888
4 0.8540625 0.16 0.146875 0.25333333333333335
4 0.3734375 0.5388888888888889 0.151875 0.25555555555555554
4 0.145 0.5588888888888889 0.15 0.28444444444444444
0 0.5021875 0.15555555555555556 0.154375 0.26222222222222225
1 0.729375 0.2477777777777778 0.135 0.2511111111111111
1 0.84625 0.7594444444444445 0.13125 0.2922222222222222
