1 0.3972222222222222 0.538125 0.25222222222222224 0.11875
0 0.6127777777777778 0.3965625 0.21222222222222223 0.135625
1 0.7494444444444445 0.856875 0.2477777777777778 0.15625
2 0.1288888888888889 0.2553125 0.18666666666666668 0.153125
4 0.86 0.755 0.15 0.28555555555555556
0 0.61875 0.22333333333333333 0.14875 0.24222222222222223
3 0.2584375 0.5094444444444445 0.149375 0.3055555555555556
2 0.72625 0.6644444444444444 0.12375 0.27555555555555555
3 0.6888888888888889 0.2975 0.1511111111111111 0.1375
2 0.5766666666666667 0.0959375 0.22 0.101875
2 0.114375 0.7494444444444445 0.14125 0.27444444444444444
3 0.6484375 0.13666666666666666 0.108125 0.20444444444444446
4 0.479375 0.455 0.1375 0.2633333333333333
4 0.8309375 0.555 0.105625 0.17444444444444446
0 0.2571875 0.38055555555555554 0.146875 0.23666666666666666
0 0.8375 0.6322222222222222 0.12625 0.25333333333333335
3 0.105 0.5088888888888888 0.1375 0.24888888888888888
2 0.85875 0.5972222222222222 0.1625 0.27444444444444444
3 0.0853125 0.11055555555555556 0.135625 0.1811111111111111
1 0.37 0.6677777777777778 0.13 0.24444444444444444
1 0.136875 0.3611111111111111 0.14125 0.29333333333333333
1 0.8728125 0.3088888888888889 0.178125 0.35333333333333333
2 0.504375 0.4483333333333333 0.15875 0.3011111111111111
