4 0.3527777777777778 0.13625 0.2477777777777778 0.1275
1 0.5505555555555556 0.6215625 0.2544444444444444 0.144375
4 0.6633333333333333 0.3396875 0.2511111111111111 0.144375
4 0.20555555555555555 0.06875 0.21777777777777776 0.115
3 0.35833333333333334 0.4765625 0.3477777777777778 0.161875
2 0.765 0.604375 0.27666666666666667 0.16125
4 0.6521875 0.7133333333333334 0.111875 0.22
0 0.8503125 0.45111111111111113 0.150625 0.28888888888888886
0 0.484375 0.12833333333333333 0.13375 0.23444444444444446
0 0.1228125 0.5783333333333334 0.125625 0.2477777777777778
4 0.163125 0.2727777777777778 0.1675 0.29888888888888887
1 0.593125 0.7555555555555555 0.1825 0.28
4 0.416875 0.5377777777777778 0.1125 0.24
1 0.8365625 0.6483333333333333 0.105625 0.2633333333333333
0 0.2671875 0.14166666666666666 0.119375 0.21444444444444444
4 0.40166666666666667 0.365625 0.31666666666666665 0.195
4 0.7277777777777777 0.0875 0.2222222222222222 0.14375
0 0.1761111111111111 0.85375 0.2388888888888889 0.16125
1 0.2271875 0.36333333333333334 0.156875 0.27111111111111114
0 0.1028125 0.6805555555555556 0.160625 0.31444444444444447
0 0.3525 0.2827777777777778 0.15375 0.30777777777777776
4 0.83125 0.4216666666666667 0.0975 0.19
0 0.7178125 0.7227777777777777 0.124375 0.2011111111111111
4 0.46625 0.5916666666666667 0.1275 0.33444444444444443
