1 0.39125 0.5138888888888888 0.1325 0.23666666666666666
0 0.6990625 0.33 0.146875 0.2777777777777778
2 0.0934375 0.42333333333333334 0.138125 0.26
1 0.7355555555555555 0.08625 0.23777777777777778 0.1125
0 0.25 0.8834375 0.2777777777777778 0.183125
2 0.42444444444444446 0.5471875 0.2222222222222222 0.120625
4 0.6533333333333333 0.7178125 0.27555555555555555 0.156875
0 0.3655555555555556 0.2628125 0.30666666666666664 0.161875
0 0.5433333333333333 0.4175 0.2577777777777778 0.16625
3 0.49666666666666665 0.72125 0.23555555555555555 0.16125
0 0.40444444444444444 0.5790625 0.28444444444444444 0.170625
0 0.2538888888888889 0.2559375 0.21666666666666667 0.113125
4 0.18666666666666668 0.43 0.31333333333333335 0.1675
4 0.6278125 0.2733333333333333 0.166875 0.2866666666666667
4 0.1390625 0.34944444444444445 0.146875 0.2788888888888889
2 0.8696875 0.45444444444444443 0.170625 0.32666666666666666
0 0.61875 0.7694444444444445 0.17625 0.32555555555555554
3 0.1265625 0.20277777777777778 0.181875 0.2966666666666667
0 0.8521875 0.5555555555555556 0.146875 0.26666666666666666
0 0.3584375 0.39055555555555554 0.150625 0.3055555555555556
2 0.5977777777777777 0.420625 0.23333333333333334 0.13375
0 0.2777777777777778 0.146875 0.31555555555555553 0.16125
3 0.4672222222222222 0.69 0.21222222222222223 0.09625
4 0.7544444444444445 0.853125 0.25555555555555554 0.15625
2 0.445 0.2678125 0.22777777777777777 0.131875
0 0.18 0.6796875 0.2866666666666667 0.191875
2 0.32555555555555554 0.4765625 0.28444444444444444 0.166875
