4 0.22125 0.24944444444444444 0.1725 0.3211111111111111
1 0.4659375 0.585 0.140625 0.2722222222222222
2 0.3596875 0.31333333333333335 0.188125 0.2688888888888889
1 0.86125 0.4761111111111111 0.14875 0.23444444444444446
0 0.0796875 0.4083333333333333 0.149375 0.2788888888888889
1 0.720625 0.6572222222222223 0.12875 0.23666666666666666
0 0.740625 0.29888888888888887 0.145 0.2777777777777778
0 0.363125 0.6683333333333333 0.125 0.2677777777777778
2 0.2690625 0.48 0.181875 0.2644444444444444
4 0.6315625 0.5805555555555556 0.171875 0.2788888888888889
3 0.8659375 0.365 0.150625 0.22333333333333333
2 0.5028125 0.7783333333333333 0.159375 0.29888888888888887
4 0.3275 0.20555555555555555 0.0975 0.23333333333333334
1 0.6190625 0.4088888888888889 0.173125 0.3
4 0.83375 0.44222222222222224 0.09375 0.19555555555555557
4 0.7340625 0.735 0.149375 0.27
4 0.4640625 0.6133333333333333 0.128125 0.25333333333333335
0 0.6775 0.22333333333333333 0.16875 0.25333333333333335
3 0.8790625 0.4905555555555556 0.185625 0.2677777777777778
1 0.0846875 0.7538888888888889 0.140625 0.2722222222222222
1 0.5511111111111111 0.428125 0.24 0.14375
0 0.7461111111111111 0.29875 0.23666666666666666 0.16375
4 0.2665625 0.15666666666666668 0.108125 0.2311111111111111
4 0.658125 0.44555555555555554 0.13875 0.24222222222222223
0 0.845 0.3038888888888889 0.135 0.24333333333333335
0 0.0925 0.7266666666666667 0.13625 0.23555555555555555
2 0.3421875 0.2861111111111111 0.136875 0.24555555555555555
1 0.594375 0.22333333333333333 0.12625 0.29333333333333333
0 0.85375 0.45222222222222225 0.13 0.2288888888888889
3 0.4503125 0.5244444444444445 0.095625 0.2
2 0.199375 0.33611111111111114 0.10875 0.17222222222222222
4 0.1075 0.7655555555555555 0.1825 0.3333333333333333
