3 0.845 0.7505555555555555 0.12875 0.3055555555555556
3 0.6953125 0.49722222222222223 0.116875 0.17888888888888888
1 0.4046875 0.2427777777777778 0.108125 0.2388888888888889
2 0.5665625 0.33944444444444444 0.145625 0.24333333333333335
0 0.2571875 0.42388888888888887 0.099375 0.22333333333333333
1 0.061875 0.7511111111111111 0.1225 0.24222222222222223
0 0.34375 0.6061111111111112 0.17125 0.29888888888888887
1 0.5709375 0.22944444444444445 0.110625 0.23444444444444446
0 0.3971875 0.6516666666666666 0.154375 0.2966666666666667
1 0.83625 0.5088888888888888 0.1225 0.26222222222222225
3 0.2115625 0.35888888888888887 0.085625 0.21333333333333335
1 0.5471875 0.25166666666666665 0.150625 0.25
2 0.1315625 0.7561111111111111 0.144375 0.27444444444444444
4 0.3559375 0.5172222222222222 0.109375 0.21
3 0.139375 0.5505555555555556 0.14125 0.29444444444444445
3 0.60625 0.6044444444444445 0.135 0.2088888888888889
4 0.8528125 0.2811111111111111 0.156875 0.3333333333333333
4 0.378125 0.3516666666666667 0.14875 0.2811111111111111
1 0.1225 0.465 0.11125 0.2477777777777778
4 0.484375 0.17444444444444446 0.1125 0.2111111111111111
4 0.3121875 0.5638888888888889 0.129375 0.17222222222222222
0 0.8640625 0.33555555555555555 0.149375 0.26222222222222225
0 0.7025 0.2961111111111111 0.125 0.23666666666666666
4 0.2603125 0.7233333333333334 0.086875 0.21777777777777776
4 0.8740625 0.5605555555555556 0.185625 0.33
