4 0.11375 0.2361111111111111 0.13375 0.19666666666666666
0 0.8609375 0.44277777777777777 0.141875 0.3011111111111111
1 0.360625 0.5805555555555556 0.1325 0.2677777777777778
4 0.6109375 0.7394444444444445 0.138125 0.27444444444444444
1 0.33125 0.6083333333333333 0.16875 0.2722222222222222
0 0.4903125 0.29 0.128125 0.2088888888888889
0 0.668125 0.43944444444444447 0.12625 0.22111111111111112
0 0.869375 0.7672222222222222 0.17 0.30333333333333334
0 0.27666666666666667 0.4590625 0.16444444444444445 0.135625
3 0.4161111111111111 0.2659375 0.16111111111111112 0.140625
1 0.2565625 0.4266666666666667 0.131875 0.2088888888888889
1 0.3903125 0.7122222222222222 0.104375 0.21333333333333335
4 0.091875 0.3638888888888889 0.11125 0.2411111111111111
2 0.2928125 0.7372222222222222 0.139375 0.2611111111111111
1 0.6709375 0.6077777777777778 0.146875 0.24444444444444444
4 0.2540625 0.3338888888888889 0.159375 0.3411111111111111
0 0.3590625 0.1811111111111111 0.123125 0.22
0 0.4859375 0.6405555555555555 0.130625 0.21
4 0.6159375 0.20944444444444443 0.149375 0.2633333333333333
3 0.3609375 0.5738888888888889 0.125625 0.27
