2 0.3844444444444444 0.10875 0.13333333333333333 0.08875
2 0.6344444444444445 0.868125 0.2644444444444444 0.16125
2 0.7115625 0.3138888888888889 0.120625 0.19444444444444445
3 0.3409375 0.7561111111111111 0.144375 0.2677777777777778
0 0.4721875 0.4461111111111111 0.151875 0.2966666666666667
3 0.206875 0.4905555555555556 0.13125 0.22333333333333333
4 0.4346875 0.41555555555555557 0.088125 0.2222222222222222
1 0.63125 0.07777777777777778 0.09875 0.15333333333333332
1 0.314375 0.34833333333333333 0.1375 0.17888888888888888
0 0.139375 0.7677777777777778 0.13875 0.28
0 0.8409375 0.6355555555555555 0.134375 0.26222222222222225
3 0.33611111111111114 0.6671875 0.20333333333333334 0.118125
0 0.2111111111111111 0.8496875 0.2088888888888889 0.130625
4 0.5853125 0.5694444444444444 0.183125 0.3433333333333333
3 0.405625 0.3088888888888889 0.11875 0.21777777777777776
0 0.7109375 0.24666666666666667 0.139375 0.28888888888888886
0 0.1240625 0.62 0.144375 0.24666666666666667
2 0.8753125 0.46166666666666667 0.173125 0.32555555555555554
1 0.8409375 0.4905555555555556 0.118125 0.25
0 0.0840625 0.23277777777777778 0.139375 0.2544444444444444
0 0.486875 0.7866666666666666 0.1775 0.32
