4 0.0765625 0.7377777777777778 0.136875 0.24888888888888888
4 0.6371875 0.5733333333333334 0.095625 0.21333333333333335
4 0.4525 0.40166666666666667 0.11375 0.16333333333333333
1 0.2159375 0.7444444444444445 0.106875 0.23777777777777778
4 0.733125 0.20666666666666667 0.16125 0.28
3 0.3765625 0.5077777777777778 0.183125 0.3244444444444444
4 0.8428125 0.30333333333333334 0.135625 0.28888888888888886
0 0.065625 0.5205555555555555 0.12625 0.2477777777777778
1 0.8578125 0.6461111111111111 0.148125 0.2677777777777778
2 0.8475 0.6222222222222222 0.11125 0.21555555555555556
0 0.3984375 0.30722222222222223 0.113125 0.20555555555555555
3 0.5815625 0.7377777777777778 0.089375 0.2644444444444444
1 0.2727777777777778 0.865 0.31666666666666665 0.17125
4 0.5844444444444444 0.37 0.25333333333333335 0.15375
4 0.7433333333333333 0.8628125 0.27111111111111114 0.149375
3 0.15833333333333333 0.08875 0.11 0.1225
4 0.5672222222222222 0.6059375 0.25666666666666665 0.143125
