0 0.38125 0.7277777777777777 0.08625 0.2088888888888889
2 0.128125 0.2872222222222222 0.17625 0.23222222222222222
4 0.7027777777777777 0.24 0.19 0.1225
3 0.08833333333333333 0.5934375 0.16555555555555557 0.116875
4 0.23277777777777778 0.8484375 0.2544444444444444 0.151875
3 0.645 0.5096875 0.27666666666666667 0.186875
0 0.8446875 0.1238888888888889 0.128125 0.22333333333333333
4 0.731875 0.35 0.16125 0.3111111111111111
4 0.216875 0.43222222222222223 0.14 0.31333333333333335
4 0.5803125 0.6416666666666667 0.110625 0.2477777777777778
1 0.1015625 0.7355555555555555 0.160625 0.2733333333333333
3 0.5334375 0.7161111111111111 0.079375 0.20777777777777778
1 0.6965625 0.5194444444444445 0.120625 0.2677777777777778
1 0.4284375 0.4111111111111111 0.154375 0.2777777777777778
4 0.2709375 0.2727777777777778 0.124375 0.22777777777777777
1 0.346875 0.39 0.14125 0.23777777777777778
3 0.6709375 0.19277777777777777 0.129375 0.12333333333333334
3 0.8265625 0.4716666666666667 0.083125 0.18555555555555556
1 0.305 0.6444444444444445 0.11 0.28444444444444444
