3 0.8315625 0.38 0.105625 0.23555555555555555
0 0.3721875 0.2238888888888889 0.139375 0.2788888888888889
4 0.3259375 0.7433333333333333 0.118125 0.23333333333333334
4 0.585625 0.38333333333333336 0.12625 0.21333333333333335
4 0.11777777777777777 0.3709375 0.2 0.116875
1 0.31444444444444447 0.5975 0.20444444444444446 0.1
0 0.6084375 0.35888888888888887 0.143125 0.26666666666666666
4 0.8478125 0.145 0.126875 0.23666666666666666
1 0.0971875 0.5238888888888888 0.108125 0.19666666666666666
0 0.0784375 0.735 0.153125 0.27666666666666667
0 0.3371875 0.5244444444444445 0.145625 0.23555555555555555
2 0.6025 0.14833333333333334 0.15125 0.24333333333333335
4 0.0778125 0.4127777777777778 0.116875 0.2588888888888889
4 0.3384375 0.7122222222222222 0.133125 0.2311111111111111
4 0.38333333333333336 0.34125 0.20222222222222222 0.1175
3 0.7483333333333333 0.861875 0.2411111111111111 0.15625
0 0.2311111111111111 0.5934375 0.24222222222222223 0.120625
