3 0.7072222222222222 0.6440625 0.18555555555555556 0.126875
1 0.27666666666666667 0.2671875 0.3111111111111111 0.139375
2 0.37277777777777776 0.4659375 0.25666666666666665 0.153125
4 0.7096875 0.445 0.108125 0.22333333333333333
1 0.3665625 0.7344444444444445 0.138125 0.25555555555555554
4 0.1065625 0.19611111111111112 0.111875 0.22111111111111112
4 0.43722222222222223 0.5896875 0.17 0.113125
1 0.2361111111111111 0.12625 0.31666666666666665 0.19
0 0.5561111111111111 0.8540625 0.22555555555555556 0.139375
3 0.32166666666666666 0.754375 0.3055555555555556 0.19125
3 0.395 0.353125 0.27 0.1425
3 0.7361111111111112 0.3565625 0.21888888888888888 0.126875
0 0.5355555555555556 0.851875 0.2288888888888889 0.14
0 0.445 0.2565625 0.25222222222222224 0.170625
4 0.29555555555555557 0.7125 0.15777777777777777 0.10625
2 0.27 0.1390625 0.3111111111111111 0.179375
0 0.591875 0.6322222222222222 0.1275 0.19555555555555557
3 0.7075 0.5988888888888889 0.10625 0.28888888888888886
3 0.4540625 0.5055555555555555 0.104375 0.26
1 0.8340625 0.24444444444444444 0.088125 0.2088888888888889
4 0.536875 0.7144444444444444 0.11125 0.18888888888888888
0 0.0909375 0.5666666666666667 0.145625 0.2777777777777778
