4 0.6188888888888889 0.475625 0.22444444444444445 0.13375
1 0.4627777777777778 0.1190625 0.27 0.161875
3 0.5233333333333333 0.225625 0.2111111111111111 0.12875
0 0.3655555555555556 0.729375 0.25333333333333335 0.14625
0 0.22666666666666666 0.36375 0.3333333333333333 0.1575
0 0.7494444444444445 0.6184375 0.3055555555555556 0.171875
4 0.8409375 0.47833333333333333 0.120625 0.23666666666666666
0 0.14125 0.6161111111111112 0.12875 0.2477777777777778
1 0.3421875 0.26166666666666666 0.179375 0.33444444444444443
4 0.0853125 0.5061111111111111 0.149375 0.2788888888888889
3 0.325625 0.25555555555555554 0.11125 0.26
2 0.621875 0.6988888888888889 0.185 0.34444444444444444
0 0.8678125 0.7644444444444445 0.158125 0.31333333333333335
3 0.7409375 0.5666666666666667 0.164375 0.24
4 0.61875 0.755 0.16125 0.2811111111111111
4 0.095625 0.35388888888888886 0.1175 0.21444444444444444
3 0.7096875 0.30333333333333334 0.093125 0.29777777777777775
2 0.8753125 0.5927777777777777 0.173125 0.32555555555555554
0 0.2434375 0.20166666666666666 0.163125 0.27666666666666667
0 0.49125 0.46444444444444444 0.1575 0.2511111111111111
2 0.36125 0.6255555555555555 0.1475 0.20666666666666667
2 0.7577777777777778 0.266875 0.26 0.16375
3 0.655 0.4246875 0.3011111111111111 0.176875
0 0.7683333333333333 0.868125 0.2833333333333333 0.16875
0 0.6988888888888889 0.385625 0.32222222222222224 0.18375
4 0.3988888888888889 0.243125 0.2511111111111111 0.14375
1 0.2471875 0.7466666666666667 0.126875 0.25555555555555554
0 0.6871875 0.38055555555555554 0.123125 0.22777777777777777
4 0.39625 0.26055555555555554 0.13 0.22111111111111112
4 0.5275 0.15833333333333333 0.09875 0.25
