0 0.1275 0.49833333333333335 0.11375 0.2544444444444444
4 0.5046875 0.5255555555555556 0.163125 0.31555555555555553
1 0.1365625 0.2511111111111111 0.141875 0.25333333333333335
4 0.6846875 0.64 0.165625 0.3
3 0.37166666666666665 0.343125 0.2788888888888889 0.1575
4 0.3809375 0.7855555555555556 0.155625 0.3111111111111111
1 0.2421875 0.25333333333333335 0.139375 0.2733333333333333
0 0.3853125 0.43777777777777777 0.123125 0.23333333333333334
3 0.09375 0.7472222222222222 0.14375 0.23666666666666666
2 0.6959375 0.5555555555555556 0.139375 0.2644444444444444
3 0.825625 0.16333333333333333 0.09375 0.19777777777777777
3 0.298125 0.47888888888888886 0.11875 0.2911111111111111
4 0.668125 0.7294444444444445 0.13875 0.25222222222222224
2 0.5103125 0.3372222222222222 0.183125 0.27666666666666667
4 0.7415625 0.6966666666666667 0.179375 0.31333333333333335
3 0.4671875 0.5672222222222222 0.124375 0.22555555555555556
2 0.60875 0.7672222222222222 0.16125 0.2833333333333333
3 0.8403125 0.24055555555555555 0.129375 0.25666666666666665
0 0.230625 0.35 0.14625 0.30444444444444446
