0 0.1196875 0.5911111111111111 0.126875 0.19333333333333333
3 0.7028125 0.4166666666666667 0.120625 0.2577777777777778
1 0.5584375 0.18555555555555556 0.125625 0.2088888888888889
0 0.4075 0.7127777777777777 0.11625 0.22777777777777777
3 0.18944444444444444 0.2221875 0.14777777777777779 0.119375
2 0.655 0.603125 0.2788888888888889 0.1475
1 0.603125 0.21888888888888888 0.125 0.30666666666666664
0 0.12 0.7638888888888888 0.16125 0.2833333333333333
4 0.8525 0.3927777777777778 0.12125 0.2833333333333333
4 0.62125 0.7916666666666666 0.1775 0.3322222222222222
0 0.8615625 0.44222222222222224 0.163125 0.31333333333333335
3 0.10375 0.5722222222222222 0.13125 0.23333333333333334
4 0.3678125 0.2733333333333333 0.165625 0.31555555555555553
2 0.425 0.3184375 0.18777777777777777 0.136875
1 0.7144444444444444 0.1346875 0.23555555555555555 0.125625
0 0.19111111111111112 0.8740625 0.2511111111111111 0.178125
2 0.16875 0.24055555555555555 0.18 0.20555555555555555
1 0.5859375 0.7938888888888889 0.169375 0.3322222222222222
3 0.27875 0.5311111111111111 0.11875 0.29777777777777775
3 0.700625 0.3794444444444444 0.1175 0.2388888888888889
3 0.58875 0.6244444444444445 0.09625 0.2311111111111111
0 0.2240625 0.285 0.098125 0.29
2 0.5090625 0.39666666666666667 0.180625 0.3288888888888889
