2 0.0996875 0.5722222222222222 0.165625 0.32
3 0.5665625 0.6977777777777778 0.066875 0.19555555555555557
1 0.463125 0.44055555555555553 0.11875 0.24555555555555555
1 0.8684375 0.3894444444444444 0.154375 0.33
2 0.745625 0.6566666666666666 0.1675 0.3022222222222222
3 0.294375 0.33444444444444443 0.07875 0.2
4 0.6940625 0.6444444444444445 0.163125 0.32666666666666666
4 0.8740625 0.5172222222222222 0.164375 0.3188888888888889
3 0.5611111111111111 0.3615625 0.25555555555555554 0.133125
1 0.38555555555555554 0.8575 0.27111111111111114 0.14
4 0.7772222222222223 0.134375 0.3211111111111111 0.17
0 0.7266666666666667 0.73625 0.22 0.15875
3 0.20666666666666667 0.195625 0.19777777777777777 0.0925
4 0.09166666666666666 0.840625 0.17 0.11375
3 0.1009375 0.3005555555555556 0.130625 0.17666666666666667
1 0.23375 0.57 0.14875 0.3111111111111111
0 0.34625 0.6316666666666667 0.125 0.23222222222222222
0 0.5928125 0.7261111111111112 0.121875 0.21888888888888888
0 0.494375 0.34555555555555556 0.15 0.26
3 0.8453125 0.21055555555555555 0.114375 0.2588888888888889
3 0.8375 0.7288888888888889 0.11625 0.2311111111111111
4 0.1034375 0.2811111111111111 0.138125 0.25333333333333335
0 0.710625 0.2011111111111111 0.16125 0.32222222222222224
