1 0.375625 0.35 0.1825 0.28
0 0.84125 0.5116666666666667 0.115 0.19
4 0.3925 0.7688888888888888 0.175 0.2822222222222222
4 0.470625 0.24166666666666667 0.09375 0.18333333333333332
3 0.32555555555555554 0.86 0.2733333333333333 0.155
3 0.5661111111111111 0.269375 0.16777777777777778 0.1075
1 0.8 0.4803125 0.3422222222222222 0.151875
4 0.49277777777777776 0.0971875 0.31444444444444447 0.140625
3 0.836875 0.3383333333333333 0.12375 0.19666666666666666
0 0.105625 0.1811111111111111 0.1375 0.2688888888888889
1 0.2015625 0.23166666666666666 0.118125 0.1988888888888889
4 0.84125 0.6566666666666666 0.125 0.26
4 0.31125 0.13833333333333334 0.0825 0.20777777777777778
0 0.0696875 0.7572222222222222 0.131875 0.2833333333333333
3 0.825 0.3188888888888889 0.10125 0.24888888888888888
0 0.6909375 0.215 0.118125 0.24555555555555555
0 0.2840625 0.41944444444444445 0.159375 0.24555555555555555
2 0.446875 0.7838888888888889 0.2 0.35888888888888887
