3 0.4766666666666667 0.2625 0.20666666666666667 0.1275
0 0.25722222222222224 0.4753125 0.25666666666666665 0.160625
3 0.3655555555555556 0.8575 0.2288888888888889 0.14
4 0.37444444444444447 0.063125 0.2222222222222222 0.09875
0 0.6627777777777778 0.59875 0.27666666666666667 0.155
3 0.46166666666666667 0.47375 0.22111111111111112 0.15875
3 0.765 0.859375 0.3055555555555556 0.16875
1 0.365 0.40625 0.21888888888888888 0.15625
0 0.7233333333333334 0.25 0.2311111111111111 0.15125
0 0.5272222222222223 0.8790625 0.31 0.180625
4 0.1688888888888889 0.7115625 0.29555555555555557 0.153125
3 0.844375 0.7288888888888889 0.115 0.2577777777777778
2 0.098125 0.47 0.125 0.30666666666666664
4 0.5211111111111111 0.60125 0.20666666666666667 0.14875
4 0.7466666666666667 0.8534375 0.23777777777777778 0.126875
2 0.1272222222222222 0.08625 0.2544444444444444 0.17
4 0.7533333333333333 0.705625 0.24666666666666667 0.145
2 0.6566666666666666 0.558125 0.26 0.14875
0 0.33055555555555555 0.8478125 0.22555555555555556 0.130625
4 0.43444444444444447 0.415625 0.22666666666666666 0.16125
4 0.5816666666666667 0.1296875 0.31666666666666665 0.185625
4 0.3259375 0.32555555555555554 0.179375 0.29555555555555557
4 0.471875 0.7016666666666667 0.10875 0.14777777777777779
3 0.8484375 0.44722222222222224 0.138125 0.2388888888888889
