3 0.565625 0.19722222222222222 0.1575 0.27444444444444444
0 0.85125 0.38722222222222225 0.13125 0.22333333333333333
1 0.0971875 0.275 0.116875 0.21444444444444444
4 0.7003125 0.6005555555555555 0.128125 0.21888888888888888
4 0.2596875 0.7427777777777778 0.143125 0.28555555555555556
0 0.23333333333333334 0.7365625 0.23555555555555555 0.145625
3 0.5144444444444445 0.4953125 0.20666666666666667 0.150625
0 0.3211111111111111 0.851875 0.21333333333333335 0.1325
4 0.6611111111111111 0.3665625 0.3022222222222222 0.136875
0 0.26125 0.7344444444444445 0.11375 0.24444444444444444
4 0.4596875 0.6133333333333333 0.119375 0.25333333333333335
4 0.8590625 0.5144444444444445 0.136875 0.30666666666666664
2 0.545 0.6288888888888889 0.11125 0.22666666666666666
2 0.8690625 0.23444444444444446 0.163125 0.29777777777777775
2 0.625 0.5325 0.23444444444444446 0.1025
0 0.1553125 0.395 0.178125 0.2877777777777778
4 0.5803125 0.2544444444444444 0.168125 0.25333333333333335
3 0.4034375 0.6127777777777778 0.100625 0.22777777777777777
4 0.5544444444444444 0.488125 0.2511111111111111 0.15875
3 0.25055555555555553 0.5771875 0.22111111111111112 0.086875
0 0.45444444444444443 0.71625 0.24444444444444444 0.115
0 0.6433333333333333 0.24125 0.23777777777777778 0.165
3 0.1361111111111111 0.1190625 0.18333333333333332 0.170625
