4 0.7605555555555555 0.4 0.27444444444444444 0.1725
0 0.5111111111111111 0.83875 0.2 0.125
4 0.23222222222222222 0.074375 0.27555555555555555 0.1375
3 0.3283333333333333 0.2434375 0.25666666666666665 0.168125
3 0.58375 0.7077777777777777 0.12625 0.21333333333333335
4 0.346875 0.425 0.15625 0.29
1 0.58125 0.4622222222222222 0.1175 0.26222222222222225
4 0.0746875 0.3283333333333333 0.121875 0.17888888888888888
1 0.3328125 0.26055555555555554 0.129375 0.22555555555555556
1 0.4559375 0.7255555555555555 0.120625 0.24
4 0.218125 0.21166666666666667 0.155 0.31
0 0.8365625 0.5466666666666666 0.118125 0.24888888888888888
3 0.72 0.6727777777777778 0.14 0.3188888888888889
0 0.24833333333333332 0.87 0.2877777777777778 0.17
1 0.67 0.2728125 0.31555555555555553 0.148125
0 0.445 0.13625 0.27444444444444444 0.1675
1 0.3 0.538125 0.18888888888888888 0.0925
4 0.5433333333333333 0.428125 0.26666666666666666 0.16625
0 0.4584375 0.35888888888888887 0.115625 0.22
4 0.8425 0.7416666666666667 0.1375 0.2788888888888889
4 0.2465625 0.6466666666666666 0.189375 0.26666666666666666
2 0.2565625 0.17777777777777778 0.119375 0.2644444444444444
1 0.85875 0.7016666666666667 0.13375 0.16111111111111112
0 0.576875 0.4 0.165 0.24888888888888888
3 0.2584375 0.7744444444444445 0.121875 0.2911111111111111
0 0.8309375 0.6116666666666667 0.110625 0.23
0 0.44875 0.2061111111111111 0.1175 0.20555555555555555
3 0.078125 0.4872222222222222 0.14625 0.24333333333333335
