4 0.5583333333333333 0.5590625 0.3055555555555556 0.173125
3 0.6427777777777778 0.408125 0.25666666666666665 0.17875
4 0.29125 0.765 0.18375 0.29444444444444445
0 0.0884375 0.26611111111111113 0.164375 0.3188888888888889
0 0.2190625 0.5066666666666667 0.146875 0.26222222222222225
2 0.0784375 0.5688888888888889 0.120625 0.22666666666666666
4 0.7140625 0.39666666666666667 0.116875 0.20444444444444446
4 0.4775 0.27111111111111114 0.15375 0.2733333333333333
1 0.3890625 0.32722222222222225 0.164375 0.24555555555555555
3 0.135 0.5466666666666666 0.12375 0.2911111111111111
1 0.608125 0.16055555555555556 0.13375 0.3055555555555556
1 0.8384375 0.7222222222222222 0.125625 0.24888888888888888
1 0.465625 0.3438888888888889 0.13625 0.19
3 0.6509375 0.5277777777777778 0.126875 0.31555555555555553
3 0.663125 0.7127777777777777 0.08 0.20777777777777778
0 0.226875 0.49722222222222223 0.11875 0.23
4 0.3659375 0.2388888888888889 0.140625 0.22
0 0.4815625 0.335 0.130625 0.25
2 0.2721875 0.5877777777777777 0.195625 0.2688888888888889
0 0.130625 0.6783333333333333 0.15375 0.2877777777777778
