1 0.2725 0.20666666666666667 0.1525 0.24444444444444444
1 0.7184375 0.6216666666666667 0.151875 0.2544444444444444
0 0.1121875 0.415 0.129375 0.25222222222222224
2 0.5744444444444444 0.48625 0.2222222222222222 0.12125
1 0.41333333333333333 0.285625 0.20444444444444446 0.08375
4 0.7138888888888889 0.1209375 0.19444444444444445 0.116875
1 0.09944444444444445 0.8475 0.18777777777777777 0.11625
4 0.2703125 0.14 0.135625 0.26222222222222225
0 0.7196875 0.29944444444444446 0.168125 0.3388888888888889
4 0.5409375 0.3711111111111111 0.099375 0.23777777777777778
3 0.4140625 0.7327777777777778 0.134375 0.22777777777777777
0 0.136875 0.5294444444444445 0.1575 0.31
3 0.6894444444444444 0.1284375 0.15888888888888889 0.135625
2 0.4488888888888889 0.3090625 0.18222222222222223 0.131875
4 0.6272222222222222 0.8678125 0.2877777777777778 0.151875
3 0.2365625 0.4822222222222222 0.145625 0.21333333333333335
0 0.3809375 0.6338888888888888 0.183125 0.3566666666666667
3 0.8709375 0.2827777777777778 0.158125 0.2966666666666667
3 0.471875 0.6172222222222222 0.11375 0.16333333333333333
0 0.8571875 0.6927777777777778 0.155625 0.30777777777777776
0 0.0803125 0.22611111111111112 0.124375 0.2588888888888889
1 0.198125 0.3011111111111111 0.10625 0.23333333333333334
4 0.48125 0.6116666666666667 0.165 0.3233333333333333
4 0.705 0.37555555555555553 0.105 0.20444444444444446
0 0.2825 0.6216666666666667 0.13 0.25222222222222224
2 0.4340625 0.7527777777777778 0.150625 0.2722222222222222
4 0.8615625 0.39666666666666667 0.159375 0.2866666666666667
