0 0.3396875 0.31444444444444447 0.175625 0.3488888888888889
3 0.6615625 0.3883333333333333 0.121875 0.25666666666666665
4 0.265 0.4865625 0.2544444444444444 0.149375
1 0.58 0.3009375 0.19555555555555557 0.154375
4 0.37444444444444447 0.11125 0.24444444444444444 0.15
1 0.7583333333333333 0.50375 0.2588888888888889 0.15375
3 0.3688888888888889 0.8609375 0.25333333333333335 0.159375
2 0.5416666666666666 0.3409375 0.3411111111111111 0.181875
4 0.691875 0.505 0.1175 0.22111111111111112
1 0.56375 0.4388888888888889 0.14625 0.3111111111111111
1 0.4015625 0.2861111111111111 0.106875 0.22777777777777777
3 0.8609375 0.225 0.170625 0.3277777777777778
2 0.7605555555555555 0.69 0.27 0.11375
4 0.5366666666666666 0.0921875 0.22 0.121875
3 0.3265625 0.56 0.106875 0.19777777777777777
0 0.47125 0.7588888888888888 0.1375 0.26
3 0.22875 0.4077777777777778 0.17 0.22666666666666666
1 0.4888888888888889 0.4815625 0.22666666666666666 0.149375
3 0.6122222222222222 0.82 0.13555555555555557 0.09375
2 0.6183333333333333 0.2528125 0.31666666666666665 0.179375
1 0.3433333333333333 0.62 0.2733333333333333 0.1825
4 0.4166666666666667 0.105 0.2511111111111111 0.1275
