2 0.7153125 0.5616666666666666 0.096875 0.2833333333333333
0 0.3846875 0.48833333333333334 0.160625 0.3388888888888889
1 0.6275 0.28555555555555556 0.1625 0.3377777777777778
4 0.3721875 0.7338888888888889 0.125625 0.24555555555555555
1 0.59875 0.13333333333333333 0.10875 0.22666666666666666
4 0.29125 0.28833333333333333 0.13 0.22777777777777777
0 0.8325 0.7316666666666667 0.1075 0.2388888888888889
4 0.4840625 0.44055555555555553 0.146875 0.2411111111111111
4 0.1303125 0.6155555555555555 0.175625 0.3
2 0.0771875 0.2061111111111111 0.135625 0.2833333333333333
0 0.8278125 0.34 0.109375 0.19777777777777777
3 0.0821875 0.2511111111111111 0.134375 0.2
0 0.4665625 0.565 0.135625 0.2811111111111111
4 0.8740625 0.3988888888888889 0.183125 0.31333333333333335
1 0.3290625 0.44722222222222224 0.116875 0.22777777777777777
0 0.2046875 0.6622222222222223 0.124375 0.29333333333333333
4 0.0603125 0.18944444444444444 0.098125 0.2411111111111111
3 0.8640625 0.7588888888888888 0.146875 0.29333333333333333
2 0.5928125 0.5311111111111111 0.124375 0.2
0 0.2975 0.2061111111111111 0.12375 0.1988888888888889
