3 0.47055555555555556 0.6928125 0.17888888888888888 0.124375
4 0.7455555555555555 0.28625 0.26666666666666666 0.16625
0 0.1461111111111111 0.55875 0.22111111111111112 0.14125
3 0.6653125 0.36444444444444446 0.161875 0.27555555555555555
4 0.08 0.7738888888888888 0.13 0.31444444444444447
4 0.46125 0.6333333333333333 0.13375 0.29333333333333333
4 0.8459375 0.24555555555555555 0.143125 0.29777777777777775
0 0.4666666666666667 0.3709375 0.2088888888888889 0.154375
0 0.7394444444444445 0.1159375 0.22777777777777777 0.139375
3 0.5661111111111111 0.26125 0.23222222222222222 0.1825
4 0.29333333333333333 0.7190625 0.21333333333333335 0.108125
4 0.18944444444444444 0.5984375 0.1811111111111111 0.114375
2 0.1328125 0.6688888888888889 0.164375 0.3466666666666667
4 0.5715625 0.7461111111111111 0.168125 0.27
1 0.399375 0.5027777777777778 0.115 0.24555555555555555
4 0.273125 0.415 0.15375 0.3011111111111111
0 0.845 0.36444444444444446 0.135 0.29333333333333333
4 0.26 0.4677777777777778 0.17 0.29555555555555557
1 0.19875 0.30333333333333334 0.06625 0.19111111111111112
4 0.62 0.4338888888888889 0.17 0.24555555555555555
3 0.4590625 0.72 0.094375 0.2
0 0.7178125 0.6294444444444445 0.119375 0.22555555555555556
4 0.1 0.14777777777777779 0.115 0.2911111111111111
0 0.84375 0.5438888888888889 0.12375 0.2611111111111111
0 0.4534375 0.6505555555555556 0.119375 0.24333333333333335
0 0.839375 0.5638888888888889 0.125 0.2588888888888889
