0 0.3566666666666667 0.400625 0.22 0.13
3 0.26 0.85625 0.27111111111111114 0.14625
4 0.705 0.694375 0.18333333333333332 0.12125
2 0.5772222222222222 0.2575 0.17222222222222222 0.14125
4 0.1003125 0.5705555555555556 0.143125 0.30333333333333334
1 0.3371875 0.7322222222222222 0.108125 0.22444444444444445
1 0.6059375 0.17333333333333334 0.136875 0.3088888888888889
3 0.275 0.8365625 0.27666666666666667 0.124375
1 0.4077777777777778 0.5971875 0.22444444444444445 0.113125
3 0.3746875 0.4583333333333333 0.146875 0.3388888888888889
0 0.6140625 0.26055555555555554 0.138125 0.2722222222222222
4 0.146875 0.7783333333333333 0.1775 0.3188888888888889
2 0.2575 0.30333333333333334 0.12375 0.18
1 0.840625 0.1988888888888889 0.12125 0.23333333333333334
4 0.07125 0.7283333333333334 0.14 0.23666666666666666
0 0.6778125 0.49944444444444447 0.185625 0.30777777777777776
4 0.46625 0.6138888888888889 0.15125 0.2722222222222222
1 0.7544444444444445 0.49625 0.26 0.17
1 0.5016666666666667 0.6609375 0.33444444444444443 0.129375
1 0.18944444444444444 0.87 0.29 0.17625
2 0.32 0.8515625 0.24 0.145625
4 0.6188888888888889 0.70125 0.2111111111111111 0.12625
0 0.5466666666666666 0.1740625 0.27555555555555555 0.191875
