2 0.6709375 0.6261111111111111 0.143125 0.3055555555555556
3 0.8434375 0.15555555555555556 0.136875 0.2644444444444444
0 0.3034375 0.7516666666666667 0.109375 0.2544444444444444
4 0.3440625 0.5611111111111111 0.141875 0.2866666666666667
0 0.720625 0.45055555555555554 0.1325 0.25
4 0.8690625 0.7477777777777778 0.174375 0.2911111111111111
0 0.128125 0.4761111111111111 0.1475 0.29
1 0.605625 0.5155555555555555 0.12875 0.19111111111111112
3 0.869375 0.7522222222222222 0.16875 0.30666666666666664
1 0.749375 0.40555555555555556 0.1725 0.32666666666666666
2 0.0696875 0.43722222222222223 0.138125 0.25222222222222224
3 0.5325 0.5811111111111111 0.13625 0.15555555555555556
4 0.2275 0.52 0.145 0.22666666666666666
3 0.3753125 0.19277777777777777 0.130625 0.14777777777777779
1 0.685625 0.7483333333333333 0.1325 0.2966666666666667
3 0.7505555555555555 0.591875 0.2477777777777778 0.12375
1 0.3705555555555556 0.3475 0.28555555555555556 0.14125
3 0.11166666666666666 0.846875 0.16555555555555557 0.1275
4 0.41055555555555556 0.1578125 0.24333333333333335 0.183125
1 0.7372222222222222 0.858125 0.2388888888888889 0.15875
4 0.606875 0.3288888888888889 0.13375 0.19333333333333333
