2 0.734375 0.72 0.145 0.23777777777777778
1 0.84125 0.5516666666666666 0.10875 0.23666666666666666
3 0.09375 0.6216666666666667 0.1075 0.21
2 0.2228125 0.3088888888888889 0.116875 0.25333333333333335
4 0.4884375 0.4 0.150625 0.2688888888888889
3 0.7555555555555555 0.1571875 0.2577777777777778 0.183125
2 0.16166666666666665 0.6434375 0.31222222222222223 0.190625
4 0.57 0.8625 0.3022222222222222 0.14625
2 0.0715625 0.32722222222222225 0.101875 0.1988888888888889
2 0.5865625 0.7355555555555555 0.104375 0.21777777777777776
3 0.41125 0.7433333333333333 0.155 0.2511111111111111
2 0.7084375 0.3038888888888889 0.158125 0.3011111111111111
0 0.8559375 0.4083333333333333 0.156875 0.2788888888888889
3 0.12125 0.6583333333333333 0.16625 0.31444444444444447
4 0.35777777777777775 0.569375 0.2088888888888889 0.1325
4 0.2461111111111111 0.6946875 0.22333333333333333 0.100625
3 0.5677777777777778 0.846875 0.1511111111111111 0.1225
4 0.11444444444444445 0.423125 0.19777777777777777 0.1225
4 0.5588888888888889 0.6596875 0.17777777777777778 0.121875
4 0.2961111111111111 0.83875 0.22777777777777777 0.13
4 0.44555555555555554 0.49375 0.23777777777777778 0.13875
2 0.17166666666666666 0.333125 0.26555555555555554 0.1675
2 0.7144444444444444 0.1434375 0.2 0.136875
0 0.5872222222222222 0.1365625 0.2877777777777778 0.184375
3 0.21777777777777776 0.624375 0.2866666666666667 0.18625
2 0.7538888888888889 0.365 0.25 0.155
