0 0.3928125 0.41555555555555557 0.133125 0.26222222222222225
3 0.830625 0.2777777777777778 0.09125 0.2111111111111111
4 0.55875 0.21888888888888888 0.15875 0.31777777777777777
3 0.2190625 0.6444444444444445 0.090625 0.2688888888888889
2 0.17 0.6159375 0.2688888888888889 0.161875
3 0.33666666666666667 0.374375 0.21555555555555556 0.15375
2 0.5366666666666666 0.1359375 0.22666666666666666 0.151875
3 0.1159375 0.5916666666666667 0.121875 0.27
0 0.4975 0.1761111111111111 0.1525 0.30777777777777776
0 0.6625 0.72 0.11625 0.23555555555555555
2 0.7772222222222223 0.5790625 0.3522222222222222 0.186875
4 0.5855555555555556 0.14375 0.18222222222222223 0.1825
3 0.42944444444444446 0.4284375 0.2966666666666667 0.174375
2 0.28944444444444445 0.2490625 0.23 0.104375
0 0.49833333333333335 0.8334375 0.22111111111111112 0.118125
2 0.54875 0.3572222222222222 0.12875 0.17444444444444446
4 0.4015625 0.7616666666666667 0.126875 0.2722222222222222
0 0.83 0.26055555555555554 0.10625 0.21888888888888888
3 0.6803125 0.4 0.105625 0.22
3 0.071875 0.6272222222222222 0.1325 0.25222222222222224
0 0.850625 0.5227777777777778 0.135 0.2544444444444444
1 0.841875 0.18833333333333332 0.13125 0.16777777777777778
1 0.0965625 0.7483333333333333 0.158125 0.3011111111111111
