1 0.8846875 0.5777777777777777 0.199375 0.28
4 0.7153125 0.31777777777777777 0.118125 0.27111111111111114
4 0.20375 0.7188888888888889 0.12125 0.22
3 0.6621875 0.7861111111111111 0.138125 0.3188888888888889
2 0.8653125 0.49833333333333335 0.153125 0.3055555555555556
3 0.279375 0.5983333333333334 0.155 0.22555555555555556
4 0.39875 0.4727777777777778 0.12875 0.2966666666666667
0 0.5546875 0.7427777777777778 0.138125 0.25666666666666665
3 0.8571875 0.3566666666666667 0.138125 0.2577777777777778
3 0.2365625 0.5416666666666666 0.106875 0.2411111111111111
4 0.6059375 0.37333333333333335 0.125625 0.23333333333333334
0 0.3675 0.5994444444444444 0.13875 0.31222222222222223
0 0.5146875 0.3088888888888889 0.174375 0.3511111111111111
3 0.8184375 0.7255555555555555 0.084375 0.25333333333333335
4 0.38375 0.67 0.145 0.3288888888888889
4 0.144375 0.17333333333333334 0.13125 0.2644444444444444
1 0.2675 0.5377777777777778 0.145 0.2511111111111111
4 0.6290625 0.4727777777777778 0.170625 0.3055555555555556
1 0.7075 0.42 0.12125 0.26666666666666666
4 0.3321875 0.6194444444444445 0.123125 0.1988888888888889
0 0.0784375 0.24055555555555555 0.116875 0.21888888888888888
4 0.685 0.26611111111111113 0.1225 0.22777777777777777
4 0.5553125 0.7683333333333333 0.175625 0.2811111111111111
3 0.209375 0.5083333333333333 0.1075 0.23666666666666666
4 0.3640625 0.6194444444444445 0.104375 0.22111111111111112
