4 0.6984375 0.20444444444444446 0.098125 0.3111111111111111
4 0.0803125 0.24388888888888888 0.125625 0.20333333333333334
3 0.3378125 0.4666666666666667 0.135625 0.27555555555555555
0 0.8440625 0.5361111111111111 0.135625 0.22777777777777777
4 0.8775 0.6033333333333334 0.18 0.35333333333333333
0 0.241875 0.4633333333333333 0.17375 0.25555555555555554
0 0.3609375 0.30777777777777776 0.159375 0.3088888888888889
1 0.5909375 0.7311111111111112 0.113125 0.24444444444444444
4 0.7165625 0.16555555555555557 0.111875 0.20666666666666667
3 0.3638888888888889 0.375625 0.24555555555555555 0.1475
0 0.5522222222222222 0.1440625 0.23777777777777778 0.154375
3 0.7194444444444444 0.8359375 0.18555555555555556 0.126875
1 0.0859375 0.29 0.169375 0.31777777777777777
2 0.269375 0.6094444444444445 0.1475 0.22333333333333333
4 0.6771875 0.5072222222222222 0.080625 0.20777777777777778
0 0.87375 0.7822222222222223 0.17375 0.32222222222222224
1 0.57875 0.42 0.18375 0.24888888888888888
4 0.11625 0.6266666666666667 0.1575 0.2288888888888889
1 0.17055555555555554 0.6665625 0.1922222222222222 0.128125
4 0.47555555555555556 0.3096875 0.26222222222222225 0.156875
1 0.7455555555555555 0.505 0.26222222222222225 0.17625
0 0.34055555555555556 0.124375 0.2633333333333333 0.15625
1 0.6222222222222222 0.8709375 0.2866666666666667 0.165625
4 0.7277777777777777 0.739375 0.25555555555555554 0.15125
4 0.45555555555555555 0.6134375 0.25555555555555554 0.154375
0 0.64 0.86125 0.26222222222222225 0.14
4 0.38333333333333336 0.10875 0.2911111111111111 0.16375
3 0.2627777777777778 0.3378125 0.23222222222222222 0.113125
2 0.5322222222222223 0.4878125 0.22666666666666666 0.158125
2 0.1827777777777778 0.2428125 0.25222222222222224 0.178125
