3 0.4388888888888889 0.683125 0.25555555555555554 0.17125
4 0.6172222222222222 0.14875 0.31 0.1825
3 0.2511111111111111 0.3003125 0.18222222222222223 0.125625
4 0.7211111111111111 0.8434375 0.21555555555555556 0.130625
0 0.395 0.870625 0.3055555555555556 0.17625
4 0.19111111111111112 0.6278125 0.24888888888888888 0.168125
0 0.135 0.5903125 0.21888888888888888 0.131875
1 0.7305555555555555 0.0978125 0.25666666666666665 0.151875
3 0.3005555555555556 0.8490625 0.16555555555555557 0.146875
4 0.2 0.689375 0.25333333333333335 0.19
0 0.6884375 0.12555555555555556 0.114375 0.23555555555555555
1 0.2671875 0.24944444444444444 0.124375 0.2411111111111111
3 0.099375 0.48055555555555557 0.0725 0.21666666666666667
1 0.8671875 0.7738888888888888 0.186875 0.31666666666666665
4 0.5496875 0.5916666666666667 0.120625 0.19666666666666666
0 0.7153125 0.44666666666666666 0.111875 0.2311111111111111
0 0.84875 0.24166666666666667 0.12875 0.1988888888888889
0 0.4775 0.7461111111111111 0.13625 0.2633333333333333
2 0.44722222222222224 0.6515625 0.2388888888888889 0.120625
4 0.595 0.28625 0.25 0.1175
