4 0.2 0.6246875 0.19555555555555557 0.178125
4 0.7055555555555556 0.8421875 0.2 0.128125
4 0.2678125 0.6744444444444444 0.153125 0.2822222222222222
1 0.639375 0.7738888888888888 0.1775 0.29444444444444445
3 0.84125 0.32555555555555554 0.125 0.2577777777777778
3 0.5525 0.43 0.135 0.2644444444444444
3 0.2765625 0.6511111111111111 0.169375 0.3022222222222222
3 0.3809375 0.6983333333333334 0.084375 0.19444444444444445
3 0.2721875 0.7438888888888889 0.135625 0.2877777777777778
4 0.6996875 0.24166666666666667 0.113125 0.24333333333333335
3 0.1175 0.38055555555555554 0.11875 0.2811111111111111
3 0.5553125 0.5794444444444444 0.116875 0.1988888888888889
1 0.874375 0.5088888888888888 0.16875 0.29777777777777775
4 0.5983333333333334 0.3728125 0.18555555555555556 0.120625
4 0.24166666666666667 0.2428125 0.2011111111111111 0.096875
3 0.5222222222222223 0.835 0.21555555555555556 0.1025
0 0.18611111111111112 0.750625 0.2722222222222222 0.17
4 0.42444444444444446 0.4825 0.20222222222222222 0.105
0 0.36277777777777775 0.61625 0.2611111111111111 0.13625
3 0.365 0.5855555555555556 0.15875 0.31333333333333335
3 0.6078125 0.4166666666666667 0.150625 0.3111111111111111
1 0.0803125 0.6222222222222222 0.081875 0.22
2 0.829375 0.7072222222222222 0.1 0.22111111111111112
