4 0.2365625 0.2783333333333333 0.141875 0.3233333333333333
4 0.1221875 0.34555555555555556 0.158125 0.29555555555555557
2 0.435625 0.34055555555555556 0.17125 0.3433333333333333
4 0.14125 0.7566666666666667 0.1475 0.29555555555555557
3 0.841875 0.5316666666666666 0.13625 0.28555555555555556
0 0.8640625 0.5722222222222222 0.183125 0.28
3 0.709375 0.175 0.11375 0.2633333333333333
1 0.12625 0.3211111111111111 0.1475 0.3622222222222222
2 0.0734375 0.5038888888888889 0.133125 0.26555555555555554
3 0.6390625 0.27166666666666667 0.096875 0.2922222222222222
4 0.4765625 0.7583333333333333 0.160625 0.2811111111111111
0 0.305 0.7427777777777778 0.18875 0.2877777777777778
0 0.08625 0.44166666666666665 0.13125 0.2611111111111111
0 0.3509375 0.6622222222222223 0.149375 0.27555555555555555
3 0.860625 0.17222222222222222 0.16625 0.26
1 0.0846875 0.5288888888888889 0.116875 0.20222222222222222
0 0.438125 0.7105555555555556 0.0725 0.17888888888888888
2 0.3003125 0.3433333333333333 0.131875 0.20444444444444446
2 0.48625 0.23222222222222222 0.1375 0.22666666666666666
4 0.655 0.4722222222222222 0.10875 0.21777777777777776
1 0.1015625 0.7161111111111111 0.099375 0.21444444444444444
