3 0.836875 0.21388888888888888 0.10625 0.20333333333333334
1 0.5203125 0.6261111111111111 0.103125 0.21666666666666667
1 0.0946875 0.2538888888888889 0.173125 0.2588888888888889
3 0.664375 0.34055555555555556 0.08375 0.23666666666666666
4 0.2321875 0.7377777777777778 0.141875 0.24222222222222223
4 0.3283333333333333 0.2603125 0.28555555555555556 0.163125
4 0.6388888888888888 0.565 0.25555555555555554 0.16375
4 0.7216666666666667 0.0803125 0.20333333333333334 0.106875
2 0.6559375 0.6133333333333333 0.124375 0.26
0 0.1190625 0.49777777777777776 0.148125 0.26
0 0.3121875 0.41333333333333333 0.169375 0.32222222222222224
0 0.3409375 0.5633333333333334 0.146875 0.27555555555555555
1 0.614375 0.40944444444444444 0.18625 0.32555555555555554
1 0.25833333333333336 0.6128125 0.2477777777777778 0.133125
1 0.4438888888888889 0.383125 0.2922222222222222 0.15375
1 0.7222222222222222 0.8459375 0.19555555555555557 0.119375
2 0.575 0.1165625 0.22777777777777777 0.099375
3 0.8353125 0.7361111111111112 0.121875 0.2544444444444444
3 0.7325 0.24666666666666667 0.15375 0.18222222222222223
