3 0.5527777777777778 0.6465625 0.16333333333333333 0.109375
3 0.45944444444444443 0.2746875 0.2477777777777778 0.150625
1 0.19166666666666668 0.473125 0.2544444444444444 0.155
4 0.8434375 0.5355555555555556 0.121875 0.21777777777777776
0 0.4696875 0.245 0.148125 0.31666666666666665
4 0.4953125 0.4338888888888889 0.139375 0.22555555555555556
1 0.8359375 0.615 0.125625 0.28555555555555556
2 0.29888888888888887 0.595625 0.18888888888888888 0.10875
2 0.42388888888888887 0.1346875 0.27666666666666667 0.159375
4 0.7522222222222222 0.2528125 0.2822222222222222 0.153125
4 0.495 0.3671875 0.25666666666666665 0.138125
0 0.6816666666666666 0.8828125 0.3055555555555556 0.195625
4 0.8603125 0.18333333333333332 0.160625 0.2822222222222222
3 0.33125 0.5538888888888889 0.11875 0.2411111111111111
3 0.41333333333333333 0.3 0.20444444444444446 0.125
2 0.15555555555555556 0.864375 0.27555555555555555 0.165
3 0.24888888888888888 0.6603125 0.1688888888888889 0.120625
4 0.6927777777777778 0.1140625 0.17444444444444446 0.115625
