4 0.1671875 0.2611111111111111 0.184375 0.33555555555555555
3 0.3553125 0.5355555555555556 0.088125 0.21333333333333335
0 0.6115625 0.3516666666666667 0.128125 0.1811111111111111
3 0.7444444444444445 0.84125 0.24666666666666667 0.1
4 0.4716666666666667 0.344375 0.25666666666666665 0.13375
4 0.6261111111111111 0.4678125 0.19666666666666666 0.124375
2 0.585 0.758125 0.29888888888888887 0.19125
2 0.28888888888888886 0.1146875 0.26222222222222225 0.188125
1 0.83625 0.36444444444444446 0.10625 0.22444444444444445
1 0.145 0.29444444444444445 0.15625 0.31333333333333335
2 0.605 0.5561111111111111 0.12625 0.22777777777777777
0 0.131875 0.35777777777777775 0.115 0.19333333333333333
4 0.48625 0.7872222222222223 0.18875 0.33
0 0.2553125 0.4461111111111111 0.119375 0.24333333333333335
4 0.6609375 0.2838888888888889 0.145625 0.21666666666666667
0 0.3521875 0.37444444444444447 0.164375 0.30444444444444446
2 0.590625 0.5155555555555555 0.1225 0.20444444444444446
0 0.859375 0.7361111111111112 0.14125 0.2611111111111111
