4 0.32222222222222224 0.13125 0.2288888888888889 0.13625
0 0.7455555555555555 0.3828125 0.26666666666666666 0.156875
0 0.4766666666666667 0.5053125 0.26666666666666666 0.175625
2 0.3238888888888889 0.1134375 0.33444444444444443 0.134375
1 0.21833333333333332 0.383125 0.30777777777777776 0.17875
0 0.3390625 0.31444444444444447 0.104375 0.21777777777777776
0 0.86875 0.7711111111111111 0.16875 0.34
4 0.1046875 0.52 0.133125 0.23333333333333334
1 0.845 0.49277777777777776 0.13875 0.25
4 0.33625 0.43666666666666665 0.13375 0.30666666666666664
3 0.4665625 0.22444444444444445 0.141875 0.22
4 0.573125 0.315 0.10125 0.23222222222222222
1 0.7046875 0.6566666666666666 0.111875 0.24
0 0.0778125 0.5638888888888889 0.123125 0.22333333333333333
0 0.8459375 0.7333333333333333 0.120625 0.25555555555555554
4 0.345625 0.5155555555555555 0.135 0.22
1 0.61625 0.3638888888888889 0.16875 0.31444444444444447
1 0.0875 0.11277777777777778 0.12625 0.21
0 0.47 0.625 0.13125 0.29
4 0.83 0.3377777777777778 0.105 0.27111111111111114
4 0.3459375 0.7316666666666667 0.116875 0.20555555555555555
4 0.83125 0.6116666666666667 0.10875 0.2922222222222222
1 0.61 0.4527777777777778 0.15625 0.3011111111111111
0 0.12125 0.2861111111111111 0.15625 0.29444444444444445
