4 0.591875 0.22333333333333333 0.135 0.18
1 0.8475 0.4266666666666667 0.1375 0.2577777777777778
2 0.693125 0.18777777777777777 0.11875 0.20444444444444446
4 0.56375 0.45222222222222225 0.15375 0.31777777777777777
4 0.1259375 0.32055555555555554 0.159375 0.2633333333333333
1 0.119375 0.5361111111111111 0.11 0.21888888888888888
1 0.625625 0.39166666666666666 0.16375 0.2722222222222222
0 0.8721875 0.17333333333333334 0.183125 0.3466666666666667
0 0.5959375 0.7505555555555555 0.145625 0.26555555555555554
0 0.0934375 0.37277777777777776 0.169375 0.33444444444444443
4 0.3159375 0.3611111111111111 0.165625 0.26666666666666666
0 0.8496875 0.2011111111111111 0.118125 0.20666666666666667
0 0.6759375 0.6255555555555555 0.143125 0.2733333333333333
0 0.2559375 0.6066666666666667 0.114375 0.22666666666666666
3 0.7125 0.7427777777777778 0.1675 0.27444444444444444
4 0.5703125 0.42777777777777776 0.169375 0.31555555555555553
3 0.386875 0.4866666666666667 0.09 0.2111111111111111
0 0.83 0.17555555555555555 0.115 0.2577777777777778
0 0.719375 0.3061111111111111 0.14625 0.2877777777777778
3 0.0615625 0.15666666666666668 0.118125 0.1711111111111111
4 0.5715625 0.3472222222222222 0.108125 0.18555555555555556
