3 0.3740625 0.4477777777777778 0.130625 0.26666666666666666
3 0.8484375 0.7716666666666666 0.124375 0.30333333333333334
4 0.8721875 0.38 0.171875 0.32
0 0.3515625 0.19555555555555557 0.154375 0.3333333333333333
1 0.5884375 0.7222222222222222 0.116875 0.24
2 0.1009375 0.575 0.164375 0.3277777777777778
4 0.856875 0.29555555555555557 0.13625 0.2733333333333333
3 0.6553125 0.5694444444444444 0.109375 0.23444444444444446
0 0.6284375 0.7888888888888889 0.161875 0.3333333333333333
1 0.868125 0.2538888888888889 0.1625 0.25222222222222224
0 0.7627777777777778 0.1675 0.27444444444444444 0.185
0 0.6188888888888889 0.6421875 0.31555555555555553 0.184375
3 0.3503125 0.5561111111111111 0.168125 0.3011111111111111
0 0.0840625 0.11166666666666666 0.160625 0.21
4 0.87375 0.7238888888888889 0.16375 0.23666666666666666
0 0.6015625 0.3572222222222222 0.145625 0.31666666666666665
1 0.21375 0.5655555555555556 0.1375 0.2511111111111111
3 0.724375 0.49444444444444446 0.13625 0.2688888888888889
4 0.8665625 0.6811111111111111 0.164375 0.32222222222222224
0 0.0775 0.7033333333333334 0.12 0.20444444444444446
