3 0.839375 0.6922222222222222 0.13375 0.15555555555555556
4 0.0890625 0.49944444444444447 0.115625 0.16777777777777778
2 0.335 0.851875 0.2588888888888889 0.13625
4 0.7172222222222222 0.3528125 0.2411111111111111 0.168125
2 0.5638888888888889 0.095625 0.32555555555555554 0.16875
0 0.0940625 0.4727777777777778 0.119375 0.22555555555555556
4 0.4665625 0.3661111111111111 0.116875 0.25222222222222224
1 0.6222222222222222 0.8553125 0.2222222222222222 0.140625
2 0.20055555555555554 0.2734375 0.2677777777777778 0.141875
4 0.43166666666666664 0.1346875 0.28555555555555556 0.155625
0 0.7766666666666666 0.72 0.30666666666666664 0.16125
4 0.7211111111111111 0.383125 0.23333333333333334 0.1525
3 0.6288888888888889 0.84625 0.20444444444444446 0.125
0 0.6005555555555555 0.280625 0.30333333333333334 0.18625
2 0.4311111111111111 0.5059375 0.27555555555555555 0.159375
1 0.3383333333333333 0.72625 0.24555555555555555 0.12375
2 0.1434375 0.19944444444444445 0.184375 0.3211111111111111
0 0.4646875 0.44222222222222224 0.100625 0.22
3 0.6625 0.7344444444444445 0.13375 0.21555555555555556
