1 0.5603125 0.4122222222222222 0.163125 0.29555555555555557
4 0.4046875 0.6388888888888888 0.161875 0.26666666666666666
3 0.23625 0.7577777777777778 0.135 0.26222222222222225
0 0.0921875 0.2866666666666667 0.155625 0.2866666666666667
4 0.1484375 0.7638888888888888 0.159375 0.2877777777777778
0 0.3665625 0.5361111111111111 0.146875 0.22777777777777777
4 0.1159375 0.6572222222222223 0.129375 0.2788888888888889
3 0.72 0.3566666666666667 0.12875 0.2511111111111111
4 0.2453125 0.19166666666666668 0.146875 0.30333333333333334
3 0.6903125 0.485 0.123125 0.3188888888888889
4 0.229375 0.7794444444444445 0.13875 0.31222222222222223
3 0.381875 0.21611111111111111 0.13125 0.17666666666666667
1 0.075625 0.3616666666666667 0.14375 0.27
4 0.5365625 0.5566666666666666 0.128125 0.2644444444444444
2 0.2509375 0.6644444444444444 0.135625 0.26222222222222225
4 0.8521875 0.3838888888888889 0.149375 0.2722222222222222
1 0.7933333333333333 0.5715625 0.3488888888888889 0.150625
2 0.5933333333333334 0.7040625 0.18 0.126875
2 0.7078125 0.5488888888888889 0.120625 0.3
0 0.44875 0.4411111111111111 0.1775 0.28444444444444444
4 0.8565625 0.32055555555555554 0.130625 0.24333333333333335
1 0.256875 0.21388888888888888 0.08125 0.22777777777777777
0 0.1325 0.6166666666666667 0.11875 0.23555555555555555
