2 0.41055555555555556 0.4909375 0.17 0.115625
1 0.7416666666666667 0.255 0.25222222222222224 0.11625
4 0.37333333333333335 0.3890625 0.28888888888888886 0.148125
0 0.5422222222222223 0.750625 0.24 0.1625
0 0.61125 0.7538888888888889 0.1475 0.2677777777777778
0 0.5003125 0.7888888888888889 0.174375 0.32222222222222224
2 0.651875 0.1322222222222222 0.10625 0.20666666666666667
1 0.849375 0.29444444444444445 0.13 0.23333333333333334
0 0.1103125 0.44555555555555554 0.135625 0.23555555555555555
3 0.5655555555555556 0.5775 0.22 0.10875
1 0.5309375 0.6122222222222222 0.104375 0.24888888888888888
4 0.080625 0.4 0.13125 0.2822222222222222
2 0.230625 0.2577777777777778 0.1225 0.22666666666666666
0 0.333125 0.5644444444444444 0.09125 0.25333333333333335
2 0.6103125 0.3894444444444444 0.159375 0.27
4 0.455 0.871875 0.2833333333333333 0.18625
4 0.2611111111111111 0.11625 0.19333333333333333 0.14625
0 0.5522222222222222 0.2871875 0.18 0.120625
0 0.13111111111111112 0.67125 0.2311111111111111 0.15375
4 0.7577777777777778 0.49375 0.2911111111111111 0.16625
