1 0.38 0.4940625 0.25333333333333335 0.140625
4 0.25722222222222224 0.23875 0.18777777777777777 0.1025
1 0.18444444444444444 0.600625 0.2222222222222222 0.1175
4 0.5144444444444445 0.3665625 0.1622222222222222 0.121875
4 0.5746875 0.7111111111111111 0.116875 0.22444444444444445
1 0.40944444444444444 0.64 0.2544444444444444 0.19375
0 0.23944444444444443 0.844375 0.2611111111111111 0.13625
1 0.84625 0.615 0.13375 0.25
3 0.538125 0.5344444444444445 0.12625 0.3088888888888889
1 0.065 0.35888888888888887 0.0925 0.18
1 0.7265625 0.4461111111111111 0.149375 0.2544444444444444
4 0.58375 0.31333333333333335 0.11625 0.17333333333333334
4 0.6144444444444445 0.8796875 0.27111111111111114 0.185625
1 0.205 0.4796875 0.15444444444444444 0.124375
2 0.4071875 0.4577777777777778 0.156875 0.2822222222222222
4 0.5346875 0.7333333333333333 0.114375 0.24666666666666667
0 0.2690625 0.5444444444444444 0.178125 0.26
0 0.8271875 0.6166666666666667 0.104375 0.2088888888888889
