3 0.4765625 0.7366666666666667 0.128125 0.2777777777777778
1 0.8725 0.4061111111111111 0.1625 0.3211111111111111
3 0.3121875 0.5227777777777778 0.178125 0.3188888888888889
1 0.21388888888888888 0.8553125 0.24333333333333335 0.155625
0 0.4027777777777778 0.0940625 0.27666666666666667 0.166875
3 0.7183333333333334 0.5965625 0.21444444444444444 0.149375
4 0.15388888888888888 0.575 0.2477777777777778 0.1775
4 0.35833333333333334 0.2484375 0.19 0.124375
4 0.73 0.8571875 0.2288888888888889 0.141875
3 0.10375 0.1288888888888889 0.11 0.21777777777777776
4 0.8540625 0.5455555555555556 0.143125 0.2644444444444444
0 0.3771875 0.6805555555555556 0.168125 0.3388888888888889
4 0.2640625 0.18055555555555555 0.118125 0.21666666666666667
1 0.6903125 0.28833333333333333 0.108125 0.22333333333333333
3 0.151875 0.7511111111111111 0.18 0.3088888888888889
1 0.605625 0.26555555555555554 0.13375 0.26222222222222225
3 0.3625 0.7583333333333333 0.1375 0.27
3 0.67625 0.5322222222222223 0.095 0.20666666666666667
2 0.403125 0.7611111111111111 0.15375 0.26666666666666666
2 0.2490625 0.385 0.148125 0.30777777777777776
1 0.529375 0.6461111111111111 0.10375 0.23666666666666666
3 0.8496875 0.46166666666666667 0.139375 0.2633333333333333
