1 0.195625 0.21722222222222223 0.12375 0.2633333333333333
0 0.5740625 0.6455555555555555 0.114375 0.22
0 0.7078125 0.48388888888888887 0.126875 0.25666666666666665
4 0.2240625 0.2 0.090625 0.2577777777777778
4 0.4090625 0.5322222222222223 0.156875 0.2822222222222222
1 0.0875 0.3227777777777778 0.12125 0.29
0 0.5640625 0.6622222222222223 0.161875 0.3288888888888889
4 0.48388888888888887 0.61625 0.2922222222222222 0.1775
3 0.28833333333333333 0.841875 0.27 0.1375
2 0.3705555555555556 0.1078125 0.25 0.141875
0 0.62625 0.5794444444444444 0.17 0.2677777777777778
2 0.390625 0.7783333333333333 0.16875 0.33666666666666667
2 0.108125 0.7466666666666667 0.10875 0.2822222222222222
0 0.6746875 0.4444444444444444 0.155625 0.27111111111111114
3 0.4940625 0.31555555555555553 0.156875 0.3111111111111111
2 0.7216666666666667 0.5975 0.23666666666666666 0.10375
4 0.25722222222222224 0.720625 0.21 0.115
3 0.3461111111111111 0.5153125 0.20777777777777778 0.173125
0 0.16777777777777778 0.8490625 0.2111111111111111 0.136875
1 0.4177777777777778 0.1496875 0.1711111111111111 0.145625
4 0.0978125 0.3811111111111111 0.104375 0.2577777777777778
4 0.37 0.21055555555555555 0.15875 0.28555555555555556
3 0.856875 0.7527777777777778 0.15 0.2633333333333333
