2 0.39222222222222225 0.109375 0.24222222222222223 0.1475
4 0.24888888888888888 0.8609375 0.2866666666666667 0.173125
4 0.6894444444444444 0.5953125 0.17 0.134375
3 0.4675 0.1738888888888889 0.11875 0.25
0 0.8634375 0.4811111111111111 0.165625 0.3111111111111111
1 0.1053125 0.3372222222222222 0.138125 0.20777777777777778
1 0.22125 0.6205555555555555 0.1225 0.22111111111111112
0 0.354375 0.2783333333333333 0.14 0.27444444444444444
0 0.7153125 0.5744444444444444 0.174375 0.32666666666666666
4 0.391875 0.6244444444444445 0.1325 0.24
4 0.24444444444444444 0.266875 0.2111111111111111 0.12375
1 0.37333333333333335 0.4228125 0.27555555555555555 0.146875
2 0.4638888888888889 0.70875 0.2611111111111111 0.14125
3 0.4627777777777778 0.1234375 0.23222222222222222 0.148125
0 0.7505555555555555 0.29125 0.26555555555555554 0.115
0 0.3227777777777778 0.8534375 0.22333333333333333 0.130625
3 0.7266666666666667 0.3925 0.22 0.1825
1 0.14333333333333334 0.6034375 0.17777777777777778 0.123125
4 0.6216666666666667 0.731875 0.18555555555555556 0.13625
3 0.45 0.2390625 0.18666666666666668 0.145625
4 0.3161111111111111 0.865 0.26555555555555554 0.15375
4 0.5633333333333334 0.1221875 0.24222222222222223 0.159375
1 0.7655555555555555 0.61 0.3 0.14125
2 0.43333333333333335 0.385625 0.32666666666666666 0.19
