1 0.3125 0.4716666666666667 0.155 0.27666666666666667
0 0.8675 0.225 0.18125 0.3188888888888889
4 0.48 0.6038888888888889 0.12875 0.2722222222222222
3 0.12 0.7177777777777777 0.13125 0.2311111111111111
1 0.128125 0.7855555555555556 0.1475 0.32222222222222224
0 0.6209375 0.4444444444444444 0.171875 0.3
4 0.845 0.21666666666666667 0.13875 0.17333333333333334
3 0.558125 0.5266666666666666 0.07625 0.19555555555555557
4 0.3315625 0.7311111111111112 0.131875 0.2222222222222222
3 0.3334375 0.35 0.109375 0.22444444444444445
1 0.0665625 0.4888888888888889 0.084375 0.12
1 0.1053125 0.43444444444444447 0.116875 0.24
2 0.8390625 0.73 0.120625 0.23333333333333334
1 0.5946875 0.7655555555555555 0.114375 0.3
1 0.8659375 0.5622222222222222 0.156875 0.2577777777777778
4 0.6590625 0.2038888888888889 0.141875 0.19666666666666666
