2 0.6209375 0.7922222222222223 0.158125 0.35555555555555557
3 0.370625 0.23444444444444446 0.15 0.2688888888888889
3 0.7053125 0.5611111111111111 0.099375 0.2111111111111111
3 0.856875 0.6566666666666666 0.15 0.2311111111111111
4 0.3471875 0.2427777777777778 0.139375 0.2544444444444444
0 0.6759375 0.7355555555555555 0.149375 0.24888888888888888
2 0.0934375 0.2916666666666667 0.113125 0.2611111111111111
4 0.730625 0.6383333333333333 0.17375 0.2966666666666667
1 0.1253125 0.7127777777777777 0.110625 0.22777777777777777
4 0.5528125 0.415 0.105625 0.2833333333333333
4 0.5833333333333334 0.6540625 0.21333333333333335 0.104375
4 0.355 0.8640625 0.2611111111111111 0.159375
3 0.1988888888888889 0.1475 0.18666666666666668 0.13875
0 0.7794444444444445 0.8740625 0.3322222222222222 0.196875
3 0.1109375 0.7783333333333333 0.134375 0.3277777777777778
3 0.4659375 0.285 0.106875 0.22333333333333333
4 0.824375 0.12 0.08625 0.18666666666666668
2 0.300625 0.5933333333333334 0.145 0.25333333333333335
3 0.67125 0.4761111111111111 0.14875 0.31222222222222223
