2 0.8665625 0.7733333333333333 0.149375 0.3244444444444444
0 0.101875 0.3522222222222222 0.16125 0.32222222222222224
4 0.575 0.5533333333333333 0.18375 0.30444444444444446
0 0.7228125 0.25333333333333335 0.170625 0.3333333333333333
3 0.8421875 0.39111111111111113 0.101875 0.22
0 0.1459375 0.265 0.141875 0.2966666666666667
0 0.635625 0.7472222222222222 0.16625 0.27
1 0.46625 0.33055555555555555 0.1175 0.17222222222222222
1 0.3328125 0.5405555555555556 0.105625 0.20777777777777778
4 0.8578125 0.67 0.133125 0.27555555555555555
1 0.6128125 0.15777777777777777 0.169375 0.3111111111111111
2 0.1203125 0.35333333333333333 0.163125 0.29555555555555557
4 0.85125 0.6311111111111111 0.15625 0.24222222222222223
3 0.2309375 0.7583333333333333 0.140625 0.2922222222222222
1 0.335 0.25 0.10375 0.29333333333333333
2 0.8340625 0.5877777777777777 0.114375 0.24888888888888888
0 0.3209375 0.2311111111111111 0.105625 0.2088888888888889
1 0.598125 0.6244444444444445 0.1475 0.3377777777777778
3 0.0728125 0.7694444444444445 0.121875 0.2966666666666667
0 0.7066666666666667 0.091875 0.2111111111111111 0.1125
1 0.43833333333333335 0.490625 0.25666666666666665 0.1625
1 0.1688888888888889 0.6728125 0.29777777777777775 0.153125
1 0.6138888888888889 0.8728125 0.31666666666666665 0.179375
