4 0.36833333333333335 0.1184375 0.2677777777777778 0.144375
2 0.4888888888888889 0.425625 0.3111111111111111 0.16875
0 0.7672222222222222 0.8653125 0.27666666666666667 0.163125
3 0.6477777777777778 0.28375 0.23555555555555555 0.18
0 0.6538888888888889 0.8684375 0.29444444444444445 0.155625
4 0.8778125 0.5161111111111111 0.181875 0.3011111111111111
3 0.1275 0.25666666666666665 0.1225 0.27111111111111114
4 0.6809375 0.7233333333333334 0.076875 0.22666666666666666
1 0.423125 0.6227777777777778 0.1375 0.27
0 0.2671875 0.38055555555555554 0.114375 0.27444444444444444
1 0.5590625 0.13055555555555556 0.121875 0.2611111111111111
3 0.225 0.3372222222222222 0.11125 0.22111111111111112
3 0.6953125 0.5338888888888889 0.076875 0.22777777777777777
4 0.47375 0.12111111111111111 0.12125 0.17555555555555555
0 0.875 0.6533333333333333 0.1925 0.2733333333333333
0 0.4746875 0.5827777777777777 0.170625 0.2611111111111111
4 0.2125 0.7577777777777778 0.1625 0.2822222222222222
4 0.353125 0.4338888888888889 0.185 0.2922222222222222
1 0.8340625 0.6711111111111111 0.114375 0.2733333333333333
1 0.72 0.295 0.145 0.3411111111111111
0 0.590625 0.3433333333333333 0.14375 0.27555555555555555
1 0.7290625 0.535 0.135625 0.2544444444444444
4 0.6225 0.3638888888888889 0.17375 0.30777777777777776
2 0.8540625 0.2461111111111111 0.133125 0.27
4 0.7572222222222222 0.494375 0.3055555555555556 0.19
0 0.4411111111111111 0.2759375 0.21555555555555556 0.144375
2 0.19666666666666666 0.083125 0.26666666666666666 0.14875
3 0.2816666666666667 0.6540625 0.16777777777777778 0.118125
