3 0.671875 0.345 0.14 0.2788888888888889
2 0.326875 0.6594444444444445 0.2025 0.3611111111111111
4 0.4640625 0.7316666666666667 0.100625 0.23222222222222222
0 0.7165625 0.1811111111111111 0.138125 0.25555555555555554
2 0.821875 0.6027777777777777 0.0975 0.14777777777777779
1 0.220625 0.7805555555555556 0.15125 0.31222222222222223
0 0.10375 0.5838888888888889 0.16875 0.3011111111111111
0 0.5871875 0.2816666666666667 0.130625 0.2677777777777778
2 0.343125 0.5122222222222222 0.145 0.3466666666666667
2 0.1021875 0.5516666666666666 0.135625 0.27666666666666667
3 0.345 0.7216666666666667 0.1175 0.23
0 0.6084375 0.15555555555555556 0.159375 0.28444444444444444
1 0.86625 0.7777777777777778 0.1775 0.3333333333333333
1 0.1159375 0.5588888888888889 0.169375 0.29555555555555557
4 0.361875 0.35777777777777775 0.16375 0.2911111111111111
3 0.0696875 0.43555555555555553 0.098125 0.2111111111111111
4 0.6471875 0.5838888888888889 0.109375 0.21
0 0.4575 0.28888888888888886 0.11125 0.21777777777777776
0 0.8665625 0.7783333333333333 0.165625 0.29888888888888887
4 0.255625 0.10833333333333334 0.08875 0.15444444444444444
0 0.86 0.6522222222222223 0.1525 0.3022222222222222
2 0.2796875 0.5022222222222222 0.159375 0.24444444444444444
0 0.1034375 0.2816666666666667 0.154375 0.2966666666666667
0 0.284375 0.6077777777777778 0.14 0.24
0 0.6796875 0.3877777777777778 0.176875 0.2733333333333333
