0 0.5283333333333333 0.6075 0.2011111111111111 0.1325
4 0.19277777777777777 0.8490625 0.23666666666666666 0.144375
0 0.26 0.4840625 0.2866666666666667 0.166875
4 0.5883333333333334 0.0703125 0.1922222222222222 0.116875
4 0.409375 0.615 0.10875 0.21666666666666667
4 0.1190625 0.73 0.100625 0.22
4 0.7115625 0.19 0.140625 0.2644444444444444
1 0.8571875 0.4266666666666667 0.144375 0.28888888888888886
1 0.558125 0.49444444444444446 0.12 0.2
1 0.4703125 0.5377777777777778 0.121875 0.23777777777777778
2 0.724375 0.3061111111111111 0.1275 0.19444444444444445
2 0.1046875 0.7627777777777778 0.144375 0.2677777777777778
0 0.36875 0.15666666666666668 0.17 0.31333333333333335
4 0.595625 0.6416666666666667 0.12125 0.23666666666666666
4 0.2275 0.25055555555555553 0.13875 0.2922222222222222
2 0.8415625 0.42277777777777775 0.110625 0.21666666666666667
2 0.24444444444444444 0.6190625 0.3088888888888889 0.158125
3 0.565 0.2625 0.25222222222222224 0.165
4 0.7427777777777778 0.29 0.23666666666666666 0.135
4 0.4477777777777778 0.6525 0.18888888888888888 0.105
0 0.6177777777777778 0.8734375 0.2577777777777778 0.169375
2 0.071875 0.49444444444444446 0.1175 0.23777777777777778
0 0.530625 0.7327777777777778 0.115 0.22555555555555556
3 0.365 0.11555555555555555 0.09 0.2088888888888889
4 0.6725 0.22055555555555556 0.09125 0.17666666666666667
