2 0.473125 0.45 0.13 0.2222222222222222
0 0.0896875 0.755 0.120625 0.2588888888888889
4 0.8615625 0.36666666666666664 0.148125 0.24666666666666667
0 0.234375 0.58 0.1575 0.2911111111111111
2 0.3566666666666667 0.1046875 0.24666666666666667 0.103125
4 0.7488888888888889 0.600625 0.23777777777777778 0.1325
3 0.25375 0.7077777777777777 0.11 0.22444444444444445
4 0.0775 0.13777777777777778 0.15 0.2511111111111111
0 0.643125 0.2644444444444444 0.10375 0.21333333333333335
2 0.505625 0.6033333333333334 0.15375 0.2866666666666667
4 0.7034375 0.3333333333333333 0.196875 0.32666666666666666
0 0.1396875 0.715 0.126875 0.21888888888888888
0 0.53625 0.35388888888888886 0.13625 0.2811111111111111
4 0.3746875 0.43944444444444447 0.119375 0.24555555555555555
0 0.6784375 0.7477777777777778 0.113125 0.24222222222222223
4 0.8284375 0.24055555555555555 0.105625 0.2588888888888889
1 0.1738888888888889 0.6846875 0.2677777777777778 0.169375
3 0.4461111111111111 0.5065625 0.23222222222222222 0.168125
1 0.7672222222222222 0.8540625 0.2922222222222222 0.151875
3 0.5671875 0.7188888888888889 0.078125 0.2088888888888889
