4 0.85375 0.6211111111111111 0.135 0.2733333333333333
4 0.67625 0.48833333333333334 0.135 0.2633333333333333
0 0.558125 0.23166666666666666 0.16375 0.3233333333333333
2 0.0596875 0.7455555555555555 0.096875 0.28
3 0.3284375 0.1938888888888889 0.118125 0.27666666666666667
4 0.8684375 0.5711111111111111 0.164375 0.29777777777777775
3 0.175 0.6140625 0.29888888888888887 0.121875
1 0.5488888888888889 0.3896875 0.25555555555555554 0.146875
1 0.6527777777777778 0.4940625 0.26555555555555554 0.119375
2 0.3359375 0.2311111111111111 0.104375 0.2222222222222222
4 0.85125 0.4111111111111111 0.1375 0.24888888888888888
1 0.688125 0.19111111111111112 0.1575 0.26
4 0.18944444444444444 0.3303125 0.2811111111111111 0.153125
3 0.28444444444444444 0.8546875 0.18222222222222223 0.136875
1 0.5133333333333333 0.5121875 0.3488888888888889 0.161875
0 0.5811111111111111 0.1603125 0.19555555555555557 0.168125
0 0.7638888888888888 0.6940625 0.27 0.170625
