1 0.1353125 0.2838888888888889 0.153125 0.3188888888888889
3 0.293125 0.5922222222222222 0.105 0.2288888888888889
1 0.878125 0.35888888888888887 0.18125 0.23333333333333334
3 0.685 0.7183333333333334 0.16 0.24555555555555555
2 0.255 0.26944444444444443 0.16375 0.33666666666666667
1 0.8309375 0.7066666666666667 0.084375 0.2
2 0.7390625 0.3372222222222222 0.146875 0.27
1 0.125 0.6166666666666667 0.14 0.31333333333333335
3 0.6759375 0.16333333333333333 0.150625 0.28888888888888886
1 0.8425 0.2738888888888889 0.12 0.21666666666666667
4 0.490625 0.44277777777777777 0.14375 0.2588888888888889
1 0.2871875 0.7261111111111112 0.100625 0.23666666666666666
0 0.5415625 0.7272222222222222 0.150625 0.23222222222222222
1 0.244375 0.4633333333333333 0.17625 0.3511111111111111
0 0.8421875 0.20055555555555554 0.131875 0.2544444444444444
4 0.07125 0.6188888888888889 0.13875 0.2311111111111111
1 0.3875 0.53 0.1525 0.2688888888888889
3 0.0515625 0.23777777777777778 0.085625 0.2111111111111111
0 0.86125 0.6044444444444445 0.16 0.29777777777777775
1 0.590625 0.43722222222222223 0.13375 0.2877777777777778
4 0.3328125 0.7366666666666667 0.133125 0.23777777777777778
3 0.5809375 0.5344444444444445 0.093125 0.2511111111111111
1 0.1365625 0.21444444444444444 0.174375 0.35333333333333333
4 0.8465625 0.35 0.138125 0.25333333333333335
2 0.6825 0.7627777777777778 0.15375 0.27666666666666667
0 0.4896875 0.5061111111111111 0.136875 0.2677777777777778
4 0.841875 0.35777777777777775 0.1025 0.2222222222222222
