1 0.31277777777777777 0.11125 0.2388888888888889 0.17375
1 0.7227777777777777 0.7228125 0.21666666666666667 0.139375
0 0.8509375 0.145 0.133125 0.2833333333333333
0 0.234375 0.3194444444444444 0.13125 0.2388888888888889
3 0.5790625 0.7027777777777777 0.081875 0.21444444444444444
3 0.1090625 0.21 0.126875 0.21777777777777776
3 0.3034375 0.7611111111111111 0.134375 0.2688888888888889
0 0.8321875 0.5855555555555556 0.116875 0.21333333333333335
0 0.82625 0.35333333333333333 0.095 0.2088888888888889
3 0.45875 0.6938888888888889 0.13125 0.3277777777777778
4 0.7009375 0.5294444444444445 0.101875 0.18555555555555556
0 0.3503125 0.195 0.171875 0.26555555555555554
1 0.596875 0.16944444444444445 0.1425 0.2411111111111111
2 0.323125 0.5261111111111111 0.11875 0.22111111111111112
2 0.8640625 0.7183333333333334 0.153125 0.2388888888888889
4 0.0840625 0.35333333333333333 0.164375 0.24222222222222223
0 0.1140625 0.3572222222222222 0.115625 0.22555555555555556
0 0.2834375 0.6283333333333333 0.089375 0.26555555555555554
2 0.863125 0.49166666666666664 0.1525 0.24333333333333335
2 0.1411111111111111 0.065 0.21333333333333335 0.125
1 0.5894444444444444 0.60375 0.35 0.17375
3 0.36333333333333334 0.8471875 0.2777777777777778 0.145625
