0 0.108125 0.2477777777777778 0.17625 0.34444444444444444
4 0.36375 0.5088888888888888 0.0775 0.20222222222222222
0 0.7153125 0.4677777777777778 0.170625 0.3422222222222222
4 0.3383333333333333 0.4684375 0.1922222222222222 0.113125
0 0.6372222222222222 0.7240625 0.2388888888888889 0.144375
2 0.20277777777777778 0.623125 0.2877777777777778 0.1825
3 0.35 0.54 0.1475 0.18222222222222223
4 0.711875 0.22777777777777777 0.1225 0.28
4 0.57375 0.29944444444444446 0.09625 0.24333333333333335
3 0.2065625 0.7844444444444445 0.110625 0.3088888888888889
3 0.0765625 0.4738888888888889 0.114375 0.2833333333333333
0 0.398125 0.6772222222222222 0.14875 0.30333333333333334
0 0.720625 0.3061111111111111 0.185 0.33444444444444443
0 0.850625 0.7288888888888889 0.14 0.21333333333333335
4 0.5415625 0.5555555555555556 0.131875 0.25333333333333335
3 0.2146875 0.33111111111111113 0.086875 0.19111111111111112
1 0.735625 0.5461111111111111 0.145 0.25222222222222224
1 0.4790625 0.3227777777777778 0.110625 0.21888888888888888
4 0.6046875 0.43722222222222223 0.121875 0.2411111111111111
0 0.39625 0.6894444444444444 0.18375 0.3322222222222222
3 0.1465625 0.7566666666666667 0.163125 0.2577777777777778
3 0.27125 0.6511111111111111 0.1325 0.2644444444444444
0 0.584375 0.34 0.18625 0.2733333333333333
