3 0.3709375 0.7383333333333333 0.136875 0.28555555555555556
0 0.846875 0.24944444444444444 0.12625 0.23
4 0.109375 0.5327777777777778 0.09375 0.18333333333333332
4 0.8446875 0.15444444444444444 0.128125 0.2911111111111111
4 0.6121875 0.38666666666666666 0.161875 0.35333333333333333
1 0.823125 0.16722222222222222 0.09 0.17444444444444446
3 0.1053125 0.575 0.125625 0.2966666666666667
1 0.6071875 0.7388888888888889 0.149375 0.2777777777777778
3 0.6146875 0.7172222222222222 0.145625 0.23
2 0.12125 0.47 0.14875 0.26222222222222225
4 0.479375 0.2822222222222222 0.1225 0.23777777777777778
1 0.4028125 0.36333333333333334 0.120625 0.29333333333333333
2 0.5709375 0.56 0.168125 0.3
4 0.6690625 0.41444444444444445 0.076875 0.20222222222222222
2 0.26875 0.7188888888888889 0.14 0.2311111111111111
1 0.8521875 0.23222222222222222 0.154375 0.22444444444444445
0 0.855625 0.5261111111111111 0.16125 0.31
4 0.2490625 0.6361111111111111 0.160625 0.2966666666666667
1 0.388125 0.38722222222222225 0.13625 0.26555555555555554
1 0.529375 0.2538888888888889 0.115 0.23222222222222222
3 0.0896875 0.23944444444444443 0.139375 0.2477777777777778
0 0.7234375 0.6427777777777778 0.131875 0.24333333333333335
4 0.4678125 0.3061111111111111 0.130625 0.21888888888888888
0 0.2340625 0.6061111111111112 0.173125 0.3322222222222222
