4 0.7 0.6516666666666666 0.1575 0.24555555555555555
2 0.078125 0.37722222222222224 0.15 0.2833333333333333
4 0.55375 0.47055555555555556 0.17375 0.27444444444444444
0 0.2484375 0.5916666666666667 0.181875 0.3211111111111111
4 0.5838888888888889 0.608125 0.31222222222222223 0.1625
4 0.20222222222222222 0.855625 0.2688888888888889 0.145
4 0.3055555555555556 0.09375 0.29555555555555557 0.15875
4 0.6590625 0.2683333333333333 0.146875 0.31444444444444447
0 0.0890625 0.3883333333333333 0.170625 0.31
4 0.2740625 0.7544444444444445 0.153125 0.30444444444444446
4 0.670625 0.355 0.17125 0.30333333333333334
4 0.4584375 0.5777777777777777 0.129375 0.20222222222222222
0 0.08 0.7372222222222222 0.1375 0.2477777777777778
4 0.17722222222222223 0.628125 0.3233333333333333 0.175
2 0.4588888888888889 0.2475 0.29777777777777775 0.15625
4 0.22777777777777777 0.4834375 0.2288888888888889 0.133125
3 0.6527777777777778 0.8771875 0.2922222222222222 0.178125
3 0.715 0.3615625 0.21888888888888888 0.136875
0 0.33555555555555555 0.1259375 0.24666666666666667 0.160625
4 0.8546875 0.33944444444444444 0.131875 0.23666666666666666
0 0.38125 0.5772222222222222 0.1625 0.30777777777777776
3 0.1184375 0.17833333333333334 0.125625 0.3188888888888889
4 0.5988888888888889 0.5059375 0.29333333333333333 0.175625
1 0.725 0.8615625 0.24333333333333335 0.178125
4 0.43944444444444447 0.3309375 0.27666666666666667 0.180625
0 0.2916666666666667 0.6771875 0.2833333333333333 0.164375
