4 0.1125 0.53 0.12125 0.2088888888888889
3 0.6059375 0.7311111111111112 0.130625 0.24888888888888888
4 0.869375 0.3927777777777778 0.16875 0.2966666666666667
4 0.54 0.568125 0.24888888888888888 0.15125
0 0.36 0.1171875 0.30444444444444446 0.138125
1 0.20666666666666667 0.264375 0.20444444444444446 0.13625
2 0.4583333333333333 0.7090625 0.29444444444444445 0.136875
0 0.7309375 0.20055555555555554 0.141875 0.2477777777777778
3 0.8515625 0.6433333333333333 0.119375 0.22444444444444445
2 0.325 0.7205555555555555 0.11875 0.19666666666666666
3 0.39 0.2411111111111111 0.13875 0.25333333333333335
4 0.0934375 0.46444444444444444 0.150625 0.29777777777777775
2 0.530625 0.5405555555555556 0.11625 0.2477777777777778
2 0.255625 0.37333333333333335 0.1725 0.31777777777777777
0 0.7053125 0.6516666666666666 0.163125 0.2677777777777778
0 0.6075 0.1661111111111111 0.13125 0.2611111111111111
4 0.8578125 0.5488888888888889 0.134375 0.27555555555555555
4 0.2328125 0.15833333333333333 0.110625 0.22777777777777777
3 0.103125 0.79 0.11875 0.32
2 0.5925 0.5472222222222223 0.11125 0.2544444444444444
0 0.7153125 0.29555555555555557 0.164375 0.27555555555555555
0 0.848125 0.3322222222222222 0.12875 0.24222222222222223
2 0.3859375 0.17 0.191875 0.33555555555555555
4 0.8534375 0.4161111111111111 0.136875 0.2877777777777778
0 0.563125 0.4955555555555556 0.16375 0.22
