1 0.1403125 0.4488888888888889 0.143125 0.3088888888888889
2 0.6115625 0.26944444444444443 0.140625 0.2677777777777778
0 0.363125 0.5611111111111111 0.11625 0.21555555555555556
4 0.86375 0.7866666666666666 0.1725 0.3488888888888889
4 0.2575 0.17888888888888888 0.17875 0.32
4 0.845 0.2544444444444444 0.115 0.2311111111111111
4 0.3884375 0.6277777777777778 0.130625 0.2577777777777778
1 0.5546875 0.4116666666666667 0.154375 0.3055555555555556
4 0.0871875 0.7722222222222223 0.146875 0.30666666666666664
0 0.72625 0.5277777777777778 0.1875 0.29777777777777775
0 0.15555555555555556 0.8821875 0.3111111111111111 0.180625
3 0.7 0.59875 0.18 0.1125
1 0.1221875 0.6955555555555556 0.106875 0.18
0 0.596875 0.12833333333333333 0.1175 0.1922222222222222
4 0.83375 0.31666666666666665 0.12125 0.18666666666666668
0 0.6128125 0.7411111111111112 0.149375 0.27111111111111114
1 0.2346875 0.3022222222222222 0.124375 0.18444444444444444
4 0.1128125 0.4116666666666667 0.124375 0.20555555555555555
3 0.365 0.0975 0.23666666666666666 0.12875
3 0.7272222222222222 0.36 0.23666666666666666 0.15125
1 0.1140625 0.5788888888888889 0.174375 0.3377777777777778
0 0.836875 0.13111111111111112 0.1 0.20666666666666667
