3 0.7477777777777778 0.86625 0.2866666666666667 0.17
1 0.5227777777777778 0.61125 0.23222222222222222 0.14625
1 0.3322222222222222 0.37 0.24444444444444444 0.15
3 0.6453125 0.25722222222222224 0.103125 0.29
1 0.286875 0.5811111111111111 0.135 0.2
1 0.1215625 0.51 0.178125 0.30444444444444446
1 0.8696875 0.11944444444444445 0.166875 0.21222222222222223
0 0.1321875 0.445 0.140625 0.2544444444444444
0 0.4175 0.56 0.1875 0.34
4 0.7134375 0.19611111111111112 0.169375 0.2722222222222222
0 0.3638888888888889 0.6321875 0.29 0.180625
4 0.11944444444444445 0.35375 0.1811111111111111 0.1175
0 0.3211111111111111 0.0946875 0.22 0.114375
4 0.8246875 0.26 0.104375 0.20666666666666667
0 0.41 0.7265625 0.23777777777777778 0.143125
3 0.685 0.3844444444444444 0.11875 0.23333333333333334
