2 0.156875 0.5555555555555556 0.155 0.27555555555555555
4 0.445625 0.7605555555555555 0.16625 0.3011111111111111
2 0.335 0.4172222222222222 0.16875 0.3477777777777778
3 0.4865625 0.6038888888888889 0.116875 0.2411111111111111
0 0.1434375 0.4722222222222222 0.139375 0.21777777777777776
1 0.6753125 0.2638888888888889 0.140625 0.2788888888888889
2 0.7561111111111111 0.1096875 0.2544444444444444 0.141875
4 0.1111111111111111 0.574375 0.2088888888888889 0.09375
0 0.5966666666666667 0.4875 0.24222222222222223 0.13875
4 0.17 0.6746875 0.23555555555555555 0.149375
0 0.7411111111111112 0.13125 0.24666666666666667 0.155
4 0.7190625 0.5161111111111111 0.143125 0.25666666666666665
0 0.4225 0.6222222222222222 0.1225 0.2511111111111111
4 0.101875 0.43277777777777776 0.1325 0.2011111111111111
0 0.84375 0.31777777777777777 0.13375 0.26
3 0.33111111111111113 0.8359375 0.20666666666666667 0.123125
4 0.7255555555555555 0.1303125 0.19111111111111112 0.116875
