0 0.6109375 0.20222222222222222 0.159375 0.2866666666666667
4 0.3678125 0.5788888888888889 0.185625 0.28
0 0.3178125 0.31833333333333336 0.180625 0.2833333333333333
3 0.8390625 0.6211111111111111 0.120625 0.28444444444444444
1 0.6725 0.14055555555555554 0.155 0.22777777777777777
4 0.49625 0.7805555555555556 0.17 0.3011111111111111
4 0.5655555555555556 0.0753125 0.25333333333333335 0.135625
0 0.8753125 0.5633333333333334 0.170625 0.28444444444444444
0 0.23722222222222222 0.12 0.30333333333333334 0.1875
4 0.42055555555555557 0.7078125 0.2611111111111111 0.158125
4 0.2877777777777778 0.8425 0.2 0.125
3 0.5894444444444444 0.4009375 0.18777777777777777 0.146875
4 0.5633333333333334 0.2384375 0.34 0.123125
0 0.21125 0.18388888888888888 0.15375 0.29
0 0.7125 0.7122222222222222 0.13375 0.20666666666666667
3 0.8475 0.37444444444444447 0.1475 0.2911111111111111
2 0.4828125 0.5633333333333334 0.185625 0.28888888888888886
0 0.43666666666666665 0.2628125 0.23555555555555555 0.140625
1 0.16444444444444445 0.759375 0.2577777777777778 0.195
