3 0.6046875 0.5555555555555556 0.126875 0.2288888888888889
0 0.74875 0.4216666666666667 0.1825 0.30333333333333334
0 0.28375 0.27555555555555555 0.18375 0.35333333333333333
4 0.3803125 0.3466666666666667 0.144375 0.3244444444444444
1 0.868125 0.6566666666666666 0.1875 0.26
3 0.116875 0.7183333333333334 0.0825 0.21222222222222223
1 0.496875 0.5188888888888888 0.14375 0.32666666666666666
2 0.5533333333333333 0.6003125 0.21333333333333335 0.130625
0 0.435 0.220625 0.14333333333333334 0.12875
3 0.6427777777777778 0.85625 0.22555555555555556 0.1375
0 0.6744444444444444 0.4678125 0.12222222222222222 0.118125
3 0.23777777777777778 0.7171875 0.24666666666666667 0.111875
4 0.3321875 0.18944444444444444 0.171875 0.2877777777777778
0 0.8440625 0.7522222222222222 0.124375 0.2733333333333333
3 0.38 0.834375 0.21555555555555556 0.11625
3 0.6272222222222222 0.4103125 0.2611111111111111 0.170625
1 0.7566666666666667 0.5459375 0.29333333333333333 0.140625
4 0.38555555555555554 0.479375 0.32222222222222224 0.15375
3 0.43 0.8421875 0.15555555555555556 0.125625
0 0.7261111111111112 0.0921875 0.2388888888888889 0.131875
1 0.6033333333333334 0.6428125 0.24888888888888888 0.104375
3 0.315625 0.4538888888888889 0.12875 0.23
2 0.1684375 0.19722222222222222 0.186875 0.29444444444444445
1 0.52125 0.78 0.18625 0.3022222222222222
1 0.6433333333333333 0.0959375 0.24666666666666667 0.176875
3 0.6938888888888889 0.855625 0.15 0.13375
1 0.265 0.624375 0.27666666666666667 0.1925
