3 0.8446875 0.6261111111111111 0.136875 0.25222222222222224
0 0.675625 0.41888888888888887 0.105 0.29333333333333333
4 0.5603125 0.2061111111111111 0.180625 0.3233333333333333
2 0.880625 0.40944444444444444 0.18125 0.3277777777777778
0 0.1209375 0.49 0.136875 0.24444444444444444
3 0.5615625 0.7077777777777777 0.133125 0.19111111111111112
3 0.2659375 0.13833333333333334 0.131875 0.27444444444444444
0 0.7009375 0.23333333333333334 0.116875 0.22
4 0.1403125 0.3327777777777778 0.158125 0.27
1 0.466875 0.43666666666666665 0.095 0.2
0 0.8528125 0.6772222222222222 0.149375 0.27666666666666667
0 0.3390625 0.4761111111111111 0.129375 0.23666666666666666
1 0.1984375 0.22555555555555556 0.100625 0.28
0 0.605 0.5916666666666667 0.1575 0.2877777777777778
4 0.6177777777777778 0.8634375 0.25333333333333335 0.165625
3 0.7216666666666667 0.2928125 0.23 0.186875
4 0.28444444444444444 0.7121875 0.27555555555555555 0.154375
4 0.1688888888888889 0.4075 0.2733333333333333 0.12625
1 0.0828125 0.43555555555555553 0.140625 0.2733333333333333
0 0.47875 0.7383333333333333 0.16125 0.28555555555555556
0 0.6665625 0.1622222222222222 0.151875 0.31777777777777777
4 0.563125 0.5227777777777778 0.16875 0.2633333333333333
4 0.2653125 0.655 0.168125 0.31444444444444447
0 0.6971875 0.3138888888888889 0.139375 0.27444444444444444
