3 0.3734375 0.5544444444444444 0.135625 0.28444444444444444
3 0.86875 0.7755555555555556 0.16375 0.32
4 0.2361111111111111 0.2353125 0.1922222222222222 0.119375
4 0.7727777777777778 0.559375 0.3188888888888889 0.16125
2 0.4861111111111111 0.8496875 0.21888888888888888 0.134375
4 0.3672222222222222 0.1053125 0.21888888888888888 0.161875
4 0.6272222222222222 0.409375 0.26555555555555554 0.16375
0 0.5475 0.40166666666666667 0.14625 0.29
1 0.67625 0.5922222222222222 0.10625 0.17777777777777778
3 0.385 0.7844444444444445 0.11875 0.31555555555555553
4 0.0890625 0.12777777777777777 0.121875 0.23333333333333334
2 0.56375 0.5172222222222222 0.1675 0.2966666666666667
1 0.1 0.7666666666666667 0.15 0.34
0 0.2340625 0.36944444444444446 0.115625 0.23
2 0.7034375 0.28444444444444444 0.143125 0.2866666666666667
3 0.633125 0.15555555555555556 0.09 0.28444444444444444
4 0.4496875 0.2638888888888889 0.098125 0.19666666666666666
3 0.273125 0.42444444444444446 0.12 0.21333333333333335
3 0.8440625 0.4638888888888889 0.116875 0.24555555555555555
3 0.571875 0.2838888888888889 0.0775 0.24555555555555555
4 0.4734375 0.21611111111111111 0.133125 0.29
2 0.084375 0.5327777777777778 0.1125 0.20333333333333334
3 0.2415625 0.7361111111111112 0.174375 0.25
