0 0.865625 0.735 0.1525 0.27666666666666667
2 0.316875 0.12111111111111111 0.1725 0.2088888888888889
1 0.246875 0.57 0.15625 0.31777777777777777
3 0.3759375 0.6288888888888889 0.109375 0.22666666666666666
2 0.0703125 0.4161111111111111 0.106875 0.21888888888888888
1 0.5434375 0.3488888888888889 0.139375 0.29333333333333333
3 0.2338888888888889 0.1228125 0.2477777777777778 0.155625
1 0.5155555555555555 0.5 0.31777777777777777 0.1775
0 0.7072222222222222 0.653125 0.20555555555555555 0.1175
4 0.7296875 0.37166666666666665 0.156875 0.33
1 0.85875 0.27444444444444444 0.15875 0.2911111111111111
4 0.3184375 0.3861111111111111 0.100625 0.2011111111111111
0 0.6740625 0.3233333333333333 0.148125 0.27111111111111114
4 0.8425 0.42277777777777775 0.11 0.19666666666666666
0 0.10625 0.17888888888888888 0.1375 0.25333333333333335
3 0.2690625 0.5605555555555556 0.088125 0.1988888888888889
2 0.3844444444444444 0.131875 0.3 0.1575
0 0.7372222222222222 0.8609375 0.27444444444444444 0.174375
4 0.455 0.26166666666666666 0.105 0.20555555555555555
0 0.7378125 0.7005555555555556 0.154375 0.3388888888888889
4 0.2209375 0.49444444444444446 0.153125 0.29777777777777775
0 0.086875 0.375 0.1425 0.24555555555555555
1 0.589375 0.7538888888888889 0.115 0.2588888888888889
