3 0.606875 0.22611111111111112 0.12125 0.23666666666666666
3 0.8484375 0.4388888888888889 0.135625 0.33111111111111113
0 0.365 0.5461111111111111 0.10625 0.21444444444444444
4 0.15625 0.7666666666666667 0.15625 0.32222222222222224
4 0.6003125 0.3738888888888889 0.149375 0.2877777777777778
3 0.0715625 0.17055555555555554 0.088125 0.2477777777777778
4 0.34125 0.7172222222222222 0.13 0.23666666666666666
2 0.5583333333333333 0.0696875 0.23 0.131875
4 0.20722222222222222 0.8475 0.23 0.11125
2 0.17722222222222223 0.7090625 0.2411111111111111 0.139375
0 0.2838888888888889 0.103125 0.23 0.10875
4 0.821875 0.24888888888888888 0.09375 0.20666666666666667
2 0.2578125 0.1811111111111111 0.135625 0.2577777777777778
3 0.1346875 0.5444444444444444 0.123125 0.2311111111111111
4 0.1390625 0.36944444444444446 0.138125 0.22777777777777777
4 0.610625 0.5966666666666667 0.13875 0.32222222222222224
2 0.8559375 0.7427777777777778 0.156875 0.25222222222222224
4 0.13375 0.4011111111111111 0.1175 0.21555555555555556
0 0.8509375 0.7555555555555555 0.150625 0.27111111111111114
1 0.591875 0.23944444444444443 0.1 0.21666666666666667
