0 0.601875 0.20444444444444446 0.12375 0.2511111111111111
0 0.3653125 0.565 0.151875 0.27
0 0.8659375 0.7516666666666667 0.150625 0.29
1 0.1140625 0.4072222222222222 0.149375 0.3055555555555556
3 0.5072222222222222 0.5484375 0.18555555555555556 0.124375
3 0.28888888888888886 0.4184375 0.29555555555555557 0.169375
0 0.43166666666666664 0.856875 0.21666666666666667 0.13125
1 0.5505555555555556 0.84875 0.27 0.1525
1 0.4305555555555556 0.299375 0.23222222222222222 0.16875
2 0.6455555555555555 0.43875 0.25555555555555554 0.16875
1 0.2427777777777778 0.5671875 0.2633333333333333 0.146875
4 0.34444444444444444 0.7134375 0.2644444444444444 0.160625
3 0.3977777777777778 0.1234375 0.29333333333333333 0.124375
3 0.849375 0.7077777777777777 0.14375 0.21555555555555556
4 0.4678125 0.5644444444444444 0.115625 0.20444444444444446
3 0.82875 0.13166666666666665 0.1 0.19
4 0.46875 0.3411111111111111 0.1475 0.23555555555555555
0 0.2846875 0.5327777777777778 0.171875 0.33444444444444443
4 0.663125 0.6455555555555555 0.14625 0.31333333333333335
0 0.085625 0.3788888888888889 0.16375 0.2733333333333333
