4 0.743125 0.3411111111111111 0.17875 0.23333333333333334
4 0.4721875 0.5283333333333333 0.136875 0.20777777777777778
0 0.59625 0.6677777777777778 0.135 0.2866666666666667
0 0.2325 0.7533333333333333 0.1575 0.25555555555555554
1 0.1078125 0.16777777777777778 0.156875 0.2866666666666667
1 0.116875 0.5005555555555555 0.13625 0.3011111111111111
3 0.6540625 0.34444444444444444 0.123125 0.24222222222222223
4 0.8221875 0.205 0.096875 0.21444444444444444
1 0.5933333333333334 0.69 0.28 0.17375
1 0.27944444444444444 0.329375 0.25 0.1525
2 0.7372222222222222 0.1421875 0.2677777777777778 0.126875
1 0.125 0.8615625 0.2388888888888889 0.166875
4 0.091875 0.5094444444444445 0.115 0.27
1 0.85375 0.42444444444444446 0.125 0.2577777777777778
0 0.2240625 0.25 0.128125 0.2222222222222222
3 0.4740625 0.6188888888888889 0.123125 0.17555555555555555
0 0.7365625 0.7522222222222222 0.143125 0.28444444444444444
0 0.6022222222222222 0.8646875 0.33111111111111113 0.184375
3 0.21722222222222223 0.5753125 0.23 0.119375
1 0.37666666666666665 0.73375 0.27111111111111114 0.1275
1 0.6261111111111111 0.49875 0.21666666666666667 0.14
3 0.7072222222222222 0.374375 0.1922222222222222 0.1325
4 0.24166666666666667 0.8475 0.18555555555555556 0.1125
4 0.33555555555555555 0.8621875 0.2911111111111111 0.140625
0 0.6927777777777778 0.485 0.17222222222222222 0.12375
0 0.42277777777777775 0.310625 0.18777777777777777 0.14375
3 0.5811111111111111 0.13375 0.22666666666666666 0.15875
