4 0.84125 0.6244444444444445 0.12125 0.24222222222222223
4 0.4359375 0.2838888888888889 0.194375 0.33
1 0.7071875 0.7327777777777778 0.148125 0.26555555555555554
1 0.4577777777777778 0.4675 0.19777777777777777 0.12125
1 0.33444444444444443 0.295 0.2222222222222222 0.14375
0 0.22055555555555556 0.658125 0.26555555555555554 0.135
4 0.7694444444444445 0.12125 0.2788888888888889 0.16375
1 0.6116666666666667 0.836875 0.23444444444444446 0.125
2 0.1509375 0.21722222222222223 0.163125 0.3566666666666667
2 0.8603125 0.7672222222222222 0.138125 0.29444444444444445
4 0.3983333333333333 0.20625 0.22111111111111112 0.1475
0 0.6538888888888889 0.3565625 0.22777777777777777 0.188125
4 0.7021875 0.37833333333333335 0.121875 0.23444444444444446
1 0.8690625 0.6411111111111111 0.166875 0.2911111111111111
1 0.44625 0.29555555555555557 0.18625 0.3022222222222222
0 0.58125 0.7794444444444445 0.16875 0.3322222222222222
2 0.686875 0.4311111111111111 0.08875 0.20222222222222222
4 0.58 0.5572222222222222 0.165 0.2611111111111111
3 0.4866666666666667 0.4959375 0.2866666666666667 0.120625
3 0.1922222222222222 0.3296875 0.2088888888888889 0.144375
3 0.32055555555555554 0.6971875 0.21 0.166875
4 0.5922222222222222 0.855625 0.24222222222222223 0.1275
