0 0.22777777777777777 0.5828125 0.2222222222222222 0.128125
0 0.5988888888888889 0.1028125 0.31333333333333335 0.181875
2 0.385 0.8484375 0.21222222222222223 0.151875
4 0.6894444444444444 0.328125 0.16777777777777778 0.12625
0 0.8546875 0.39111111111111113 0.146875 0.24222222222222223
1 0.3971875 0.7283333333333334 0.181875 0.2633333333333333
3 0.1403125 0.5655555555555556 0.141875 0.2644444444444444
0 0.6171875 0.235 0.146875 0.2544444444444444
2 0.8525 0.6005555555555555 0.15125 0.30777777777777776
0 0.45125 0.64 0.11375 0.22666666666666666
4 0.09125 0.5011111111111111 0.15875 0.2688888888888889
4 0.326875 0.21666666666666667 0.12 0.18
2 0.42 0.7153125 0.2222222222222222 0.110625
4 0.7183333333333334 0.3184375 0.22555555555555556 0.083125
3 0.63 0.87875 0.24666666666666667 0.18125
4 0.52 0.0846875 0.22444444444444445 0.125625
4 0.22444444444444445 0.2596875 0.2222222222222222 0.129375
4 0.5866666666666667 0.6396875 0.18666666666666668 0.109375
0 0.7566666666666667 0.85375 0.27111111111111114 0.14625
1 0.2625 0.5516666666666666 0.16625 0.3211111111111111
0 0.701875 0.7627777777777778 0.15 0.3188888888888889
3 0.529375 0.6344444444444445 0.10375 0.27555555555555555
3 0.100625 0.19944444444444445 0.14 0.25
3 0.08375 0.3988888888888889 0.12625 0.25555555555555554
0 0.57875 0.19833333333333333 0.10625 0.21
4 0.3278125 0.6038888888888889 0.109375 0.30777777777777776
