4 0.359375 0.7444444444444445 0.14 0.23555555555555555
3 0.574375 0.115 0.07125 0.20555555555555555
0 0.615625 0.1811111111111111 0.1725 0.2866666666666667
2 0.065625 0.43666666666666665 0.11625 0.21555555555555556
3 0.4659375 0.2833333333333333 0.134375 0.29777777777777775
3 0.3240625 0.5661111111111111 0.111875 0.2811111111111111
3 0.8496875 0.6333333333333333 0.118125 0.2222222222222222
1 0.73625 0.37555555555555553 0.1525 0.28888888888888886
4 0.20125 0.7377777777777778 0.1275 0.23555555555555555
0 0.83375 0.12222222222222222 0.09625 0.10888888888888888
4 0.6578125 0.7283333333333334 0.130625 0.24333333333333335
4 0.2925 0.48444444444444446 0.17 0.29555555555555557
4 0.4653125 0.595 0.130625 0.2477777777777778
4 0.68 0.5983333333333334 0.14625 0.2611111111111111
1 0.48875 0.48055555555555557 0.1225 0.2966666666666667
3 0.1359375 0.7572222222222222 0.135625 0.3055555555555556
1 0.3175 0.16 0.14 0.19777777777777777
2 0.13166666666666665 0.455625 0.23 0.1075
0 0.24444444444444444 0.0978125 0.26 0.154375
3 0.5883333333333334 0.71875 0.15888888888888889 0.125
0 0.608125 0.38555555555555554 0.16 0.28444444444444444
4 0.0715625 0.1711111111111111 0.121875 0.2288888888888889
0 0.13666666666666666 0.29125 0.25333333333333335 0.14625
0 0.7605555555555555 0.860625 0.27 0.165
4 0.42944444444444446 0.09875 0.22333333333333333 0.13375
1 0.6088888888888889 0.6521875 0.27555555555555555 0.121875
