0 0.13125 0.7561111111111111 0.17625 0.30777777777777776
3 0.6178125 0.5277777777777778 0.171875 0.32
2 0.735625 0.6005555555555555 0.1625 0.31
4 0.3315625 0.32 0.088125 0.21777777777777776
4 0.841875 0.2738888888888889 0.13 0.2811111111111111
4 0.244375 0.7033333333333334 0.11 0.19333333333333333
1 0.538125 0.4866666666666667 0.10875 0.20222222222222222
1 0.694375 0.1827777777777778 0.1275 0.25666666666666665
3 0.8359375 0.39944444444444444 0.115625 0.25
4 0.131875 0.3388888888888889 0.12875 0.2311111111111111
4 0.7184375 0.25055555555555553 0.163125 0.2477777777777778
3 0.3978125 0.45666666666666667 0.091875 0.27111111111111114
4 0.570625 0.7488888888888889 0.1525 0.27111111111111114
3 0.571875 0.2538888888888889 0.09125 0.23666666666666666
0 0.193125 0.7316666666666667 0.11 0.21666666666666667
4 0.8646875 0.6038888888888889 0.159375 0.2877777777777778
1 0.465 0.6438888888888888 0.13625 0.20555555555555555
0 0.86375 0.36777777777777776 0.15875 0.31333333333333335
4 0.71625 0.11277777777777778 0.10875 0.22111111111111112
1 0.3684375 0.645 0.145625 0.2411111111111111
1 0.2609375 0.45444444444444443 0.175625 0.2777777777777778
2 0.4703125 0.7505555555555555 0.105625 0.2411111111111111
2 0.1253125 0.26055555555555554 0.148125 0.30777777777777776
1 0.3759375 0.15944444444444444 0.161875 0.2922222222222222
1 0.8371875 0.29388888888888887 0.091875 0.16111111111111112
2 0.4934375 0.6083333333333333 0.129375 0.22555555555555556
0 0.1396875 0.3788888888888889 0.138125 0.26
2 0.3075 0.4938888888888889 0.11625 0.24333333333333335
