0 0.65625 0.43222222222222223 0.1125 0.24888888888888888
1 0.291875 0.595 0.12375 0.2788888888888889
4 0.495625 0.28944444444444445 0.16125 0.2611111111111111
4 0.32555555555555554 0.3746875 0.2088888888888889 0.136875
2 0.1811111111111111 0.8628125 0.3022222222222222 0.150625
4 0.5761111111111111 0.6353125 0.32555555555555554 0.176875
1 0.370625 0.37555555555555553 0.14125 0.24888888888888888
0 0.2671875 0.7955555555555556 0.175625 0.3422222222222222
4 0.4925 0.6455555555555555 0.14375 0.2288888888888889
0 0.75125 0.31833333333333336 0.17875 0.3211111111111111
3 0.5361111111111111 0.603125 0.2388888888888889 0.1525
4 0.145 0.0875 0.2011111111111111 0.12375
4 0.7184375 0.58 0.143125 0.29777777777777775
4 0.4359375 0.7683333333333333 0.155625 0.2811111111111111
4 0.1096875 0.2511111111111111 0.079375 0.2288888888888889
0 0.885625 0.4061111111111111 0.18875 0.3433333333333333
3 0.5811111111111111 0.708125 0.1622222222222222 0.135
0 0.5322222222222223 0.1528125 0.3022222222222222 0.170625
4 0.7061111111111111 0.5578125 0.17444444444444446 0.120625
0 0.37555555555555553 0.844375 0.22666666666666666 0.12
0 0.15944444444444444 0.2721875 0.2677777777777778 0.123125
2 0.6966666666666667 0.639375 0.16666666666666666 0.09125
4 0.42333333333333334 0.2846875 0.22 0.141875
