4 0.144375 0.215 0.15125 0.2966666666666667
3 0.6159375 0.3705555555555556 0.134375 0.23666666666666666
4 0.8275 0.5438888888888889 0.10125 0.20333333333333334
2 0.4015625 0.7827777777777778 0.181875 0.3055555555555556
1 0.286875 0.46166666666666667 0.12875 0.2633333333333333
3 0.83625 0.7416666666666667 0.09 0.22555555555555556
0 0.2928125 0.6127777777777778 0.163125 0.2833333333333333
3 0.65 0.41388888888888886 0.105 0.1988888888888889
4 0.095625 0.14555555555555555 0.155 0.2911111111111111
0 0.59125 0.16111111111111112 0.13375 0.25555555555555554
3 0.07375 0.7133333333333334 0.1 0.22666666666666666
4 0.3415625 0.35888888888888887 0.135625 0.2733333333333333
3 0.8534375 0.5494444444444444 0.156875 0.27666666666666667
0 0.2061111111111111 0.583125 0.22111111111111112 0.1025
4 0.4961111111111111 0.8834375 0.29444444444444445 0.193125
4 0.715 0.34625 0.22333333333333333 0.13875
0 0.6466666666666666 0.2353125 0.2577777777777778 0.171875
1 0.40055555555555555 0.72 0.2722222222222222 0.12125
0 0.4321875 0.75 0.170625 0.2866666666666667
4 0.27625 0.26 0.1425 0.2688888888888889
4 0.1434375 0.6205555555555555 0.160625 0.27
