4 0.6411111111111111 0.6296875 0.27111111111111114 0.161875
4 0.85625 0.17277777777777778 0.145 0.21444444444444444
0 0.5309375 0.5122222222222222 0.100625 0.2288888888888889
4 0.1046875 0.435 0.155625 0.2966666666666667
3 0.535625 0.7144444444444444 0.08 0.17333333333333334
4 0.7394444444444445 0.3596875 0.22777777777777777 0.123125
1 0.14277777777777778 0.6075 0.22111111111111112 0.12875
1 0.5511111111111111 0.8715625 0.24666666666666667 0.166875
3 0.3865625 0.6838888888888889 0.173125 0.33
4 0.48125 0.5266666666666666 0.11875 0.19555555555555557
4 0.743125 0.30333333333333334 0.1575 0.28888888888888886
1 0.8290625 0.3611111111111111 0.085625 0.22444444444444445
3 0.60875 0.7627777777777778 0.13125 0.30777777777777776
4 0.8571875 0.7627777777777778 0.149375 0.2788888888888889
0 0.61 0.5761111111111111 0.13375 0.26555555555555554
0 0.1621875 0.2388888888888889 0.195625 0.3111111111111111
