1 0.2953125 0.16166666666666665 0.151875 0.27
4 0.8375 0.6955555555555556 0.10125 0.18444444444444444
2 0.7225 0.29333333333333333 0.155 0.30444444444444446
3 0.14375 0.37722222222222224 0.1325 0.2411111111111111
1 0.4546875 0.5266666666666666 0.186875 0.3088888888888889
0 0.0909375 0.7416666666666667 0.105625 0.23
0 0.6471875 0.3088888888888889 0.108125 0.24222222222222223
4 0.8475 0.5161111111111111 0.14875 0.27444444444444444
4 0.3778125 0.27111111111111114 0.131875 0.2311111111111111
4 0.361875 0.1238888888888889 0.1125 0.2011111111111111
0 0.560625 0.26611111111111113 0.145 0.2611111111111111
0 0.711875 0.6216666666666667 0.1525 0.23666666666666666
2 0.845 0.49833333333333335 0.12375 0.23444444444444446
4 0.4165625 0.4177777777777778 0.151875 0.32
4 0.2838888888888889 0.6053125 0.29444444444444445 0.159375
4 0.7472222222222222 0.090625 0.25 0.1725
4 0.475 0.6022222222222222 0.13375 0.2288888888888889
3 0.673125 0.76 0.155 0.28
3 0.878125 0.3838888888888889 0.18875 0.3188888888888889
4 0.311875 0.25833333333333336 0.1825 0.33
