2 0.27 0.7266666666666667 0.11625 0.24666666666666667
0 0.1575 0.43277777777777776 0.18 0.2722222222222222
0 0.09125 0.15 0.1225 0.22666666666666666
0 0.663125 0.6055555555555555 0.13 0.2577777777777778
1 0.2646875 0.27555555555555555 0.090625 0.18444444444444444
0 0.7228125 0.7577777777777778 0.168125 0.3022222222222222
1 0.2871875 0.32944444444444443 0.180625 0.35444444444444445
3 0.405625 0.4216666666666667 0.1225 0.31222222222222223
0 0.5903125 0.18444444444444444 0.198125 0.2911111111111111
4 0.5916666666666667 0.8553125 0.2966666666666667 0.160625
2 0.26611111111111113 0.575 0.2611111111111111 0.11375
1 0.39 0.3253125 0.20222222222222222 0.128125
3 0.7127777777777777 0.0909375 0.23 0.173125
1 0.705 0.0896875 0.15888888888888889 0.115625
3 0.468125 0.5016666666666667 0.13375 0.2877777777777778
4 0.82625 0.2111111111111111 0.105 0.24888888888888888
4 0.7196875 0.745 0.140625 0.23
2 0.1053125 0.6311111111111111 0.118125 0.2088888888888889
0 0.381875 0.5894444444444444 0.185 0.31444444444444447
3 0.225 0.21055555555555555 0.115 0.31444444444444447
4 0.713125 0.7177777777777777 0.11875 0.19111111111111112
3 0.8303125 0.35888888888888887 0.109375 0.23333333333333334
0 0.486875 0.30777777777777776 0.1525 0.32
