0 0.5333333333333333 0.7053125 0.2311111111111111 0.135625
1 0.2578125 0.4538888888888889 0.151875 0.2411111111111111
0 0.368125 0.36944444444444446 0.13 0.2588888888888889
0 0.1303125 0.74 0.138125 0.2511111111111111
3 0.5996875 0.2972222222222222 0.109375 0.3011111111111111
4 0.4305555555555556 0.1084375 0.31444444444444447 0.173125
0 0.7344444444444445 0.8478125 0.23333333333333334 0.118125
3 0.85 0.18333333333333332 0.135 0.19555555555555557
0 0.1471875 0.5255555555555556 0.174375 0.3422222222222222
1 0.678125 0.3377777777777778 0.1525 0.23555555555555555
1 0.130625 0.375 0.13625 0.27444444444444444
0 0.6146875 0.7933333333333333 0.178125 0.3466666666666667
4 0.3340625 0.23777777777777778 0.131875 0.24
3 0.845625 0.5561111111111111 0.12375 0.20777777777777778
