1 0.7175 0.3088888888888889 0.175 0.35777777777777775
0 0.27125 0.6694444444444444 0.14875 0.3233333333333333
0 0.399375 0.7233333333333334 0.11625 0.24
2 0.5440625 0.4411111111111111 0.116875 0.24444444444444444
1 0.82375 0.6227777777777778 0.09375 0.24333333333333335
1 0.085625 0.2361111111111111 0.1325 0.2677777777777778
4 0.5840625 0.525 0.119375 0.2477777777777778
0 0.2403125 0.3161111111111111 0.189375 0.22777777777777777
4 0.4521875 0.4116666666666667 0.108125 0.21888888888888888
3 0.5172222222222222 0.4778125 0.3011111111111111 0.155625
4 0.6216666666666667 0.6565625 0.2811111111111111 0.134375
2 0.26055555555555554 0.854375 0.2477777777777778 0.15125
0 0.6009375 0.6988888888888889 0.148125 0.34444444444444444
1 0.34 0.20666666666666667 0.1325 0.24888888888888888
4 0.8540625 0.31666666666666665 0.146875 0.2911111111111111
3 0.4778125 0.5133333333333333 0.154375 0.3288888888888889
4 0.37777777777777777 0.8721875 0.2822222222222222 0.165625
2 0.22666666666666666 0.1459375 0.1711111111111111 0.140625
3 0.1246875 0.42944444444444446 0.156875 0.18555555555555556
4 0.2903125 0.7544444444444445 0.124375 0.2777777777777778
1 0.6459375 0.5805555555555556 0.105625 0.21
0 0.3153125 0.6083333333333333 0.141875 0.22111111111111112
0 0.674375 0.2461111111111111 0.14375 0.26555555555555554
