4 0.34625 0.23777777777777778 0.1125 0.23555555555555555
4 0.6240625 0.5711111111111111 0.173125 0.2688888888888889
1 0.84375 0.42444444444444446 0.1175 0.29333333333333333
4 0.114375 0.7483333333333333 0.1425 0.3055555555555556
2 0.38555555555555554 0.3678125 0.29333333333333333 0.135625
3 0.13555555555555557 0.2546875 0.16444444444444445 0.154375
0 0.4411111111111111 0.1196875 0.21777777777777776 0.128125
1 0.5177777777777778 0.8465625 0.18666666666666668 0.114375
3 0.863125 0.6638888888888889 0.15625 0.30333333333333334
0 0.3909375 0.53 0.108125 0.24
0 0.4661111111111111 0.700625 0.3011111111111111 0.1775
0 0.5788888888888889 0.3040625 0.2288888888888889 0.099375
4 0.4166666666666667 0.3540625 0.25333333333333335 0.130625
1 0.5909375 0.2683333333333333 0.120625 0.2011111111111111
3 0.4678125 0.5838888888888889 0.121875 0.2877777777777778
2 0.8590625 0.42833333333333334 0.161875 0.3388888888888889
1 0.3625 0.4911111111111111 0.15875 0.2822222222222222
1 0.71125 0.7505555555555555 0.11375 0.25666666666666665
3 0.3003125 0.5361111111111111 0.125625 0.3233333333333333
