3 0.08375 0.5583333333333333 0.15125 0.25666666666666665
4 0.1915625 0.125 0.113125 0.17666666666666667
3 0.33625 0.4622222222222222 0.1475 0.26
4 0.85375 0.17722222222222223 0.1475 0.2877777777777778
3 0.8284375 0.7316666666666667 0.096875 0.21
4 0.47875 0.6411111111111111 0.1475 0.31555555555555553
4 0.656875 0.435 0.12875 0.18777777777777777
3 0.26375 0.29388888888888887 0.0925 0.19
4 0.2315625 0.3327777777777778 0.139375 0.32555555555555554
2 0.0965625 0.7077777777777777 0.116875 0.2
3 0.6953125 0.36444444444444446 0.076875 0.21333333333333335
4 0.8521875 0.4666666666666667 0.149375 0.25333333333333335
2 0.48375 0.695 0.1475 0.17888888888888888
1 0.1378125 0.32 0.189375 0.22666666666666666
0 0.4315625 0.76 0.164375 0.3088888888888889
0 0.28125 0.5588888888888889 0.15 0.28
0 0.5759375 0.6433333333333333 0.168125 0.26222222222222225
3 0.831875 0.35333333333333333 0.1075 0.24
2 0.5009375 0.3894444444444444 0.155625 0.2877777777777778
0 0.1165625 0.7316666666666667 0.106875 0.20777777777777778
