1 0.5453125 0.6944444444444444 0.123125 0.18666666666666668
0 0.6844444444444444 0.3978125 0.12666666666666668 0.128125
1 0.22055555555555556 0.115625 0.2588888888888889 0.15625
0 0.42333333333333334 0.84 0.24222222222222223 0.1225
0 0.5088888888888888 0.249375 0.2 0.1275
0 0.86375 0.7833333333333333 0.1575 0.3111111111111111
2 0.494375 0.37444444444444447 0.12625 0.2577777777777778
3 0.19444444444444445 0.540625 0.30444444444444446 0.14375
4 0.7072222222222222 0.82375 0.21666666666666667 0.10125
0 0.26222222222222225 0.3803125 0.21777777777777776 0.128125
1 0.6205555555555555 0.2425 0.2677777777777778 0.15625
3 0.5166666666666667 0.0928125 0.2822222222222222 0.160625
3 0.0859375 0.7127777777777777 0.081875 0.21666666666666667
2 0.675625 0.6266666666666667 0.1625 0.33555555555555555
1 0.22055555555555556 0.869375 0.30777777777777776 0.15875
0 0.7361111111111112 0.304375 0.2611111111111111 0.12375
4 0.474375 0.34833333333333333 0.1025 0.23222222222222222
4 0.16375 0.7644444444444445 0.17875 0.27555555555555555
3 0.249375 0.43666666666666665 0.1175 0.2111111111111111
