0 0.6746875 0.46166666666666667 0.126875 0.2011111111111111
0 0.3178125 0.6027777777777777 0.134375 0.23222222222222222
1 0.1303125 0.7261111111111112 0.119375 0.22555555555555556
3 0.600625 0.17722222222222223 0.155 0.23666666666666666
4 0.090625 0.37333333333333335 0.13 0.26222222222222225
4 0.3534375 0.7611111111111111 0.158125 0.3022222222222222
3 0.705 0.2703125 0.20555555555555555 0.136875
0 0.11055555555555556 0.6371875 0.21444444444444444 0.105625
0 0.45 0.081875 0.29555555555555557 0.14125
3 0.0859375 0.5144444444444445 0.115625 0.18222222222222223
3 0.4888888888888889 0.7003125 0.26222222222222225 0.096875
4 0.5466666666666666 0.096875 0.19777777777777777 0.12625
3 0.870625 0.5794444444444444 0.16125 0.30333333333333334
1 0.6121875 0.7561111111111111 0.150625 0.2877777777777778
2 0.8459375 0.5461111111111111 0.114375 0.2633333333333333
4 0.355 0.3561111111111111 0.14 0.27666666666666667
3 0.1234375 0.17166666666666666 0.180625 0.3011111111111111
