1 0.48875 0.18666666666666668 0.13625 0.2866666666666667
1 0.8709375 0.625 0.180625 0.31444444444444447
1 0.67625 0.7377777777777778 0.15125 0.25555555555555554
4 0.125 0.3022222222222222 0.12875 0.23555555555555555
3 0.3075 0.45944444444444443 0.13375 0.26555555555555554
2 0.7155555555555555 0.2309375 0.22444444444444445 0.161875
2 0.6644444444444444 0.47375 0.29777777777777775 0.1475
1 0.3061111111111111 0.7309375 0.29444444444444445 0.175625
0 0.6011111111111112 0.85625 0.22666666666666666 0.12875
4 0.47888888888888886 0.1134375 0.20222222222222222 0.126875
4 0.37444444444444447 0.5796875 0.2111111111111111 0.169375
0 0.1827777777777778 0.424375 0.26555555555555554 0.15625
2 0.843125 0.7416666666666667 0.12625 0.25
0 0.136875 0.25833333333333336 0.1625 0.29444444444444445
1 0.66375 0.6172222222222222 0.13 0.2544444444444444
2 0.489375 0.3861111111111111 0.14375 0.29888888888888887
1 0.289375 0.4538888888888889 0.10625 0.1811111111111111
1 0.71625 0.6516666666666666 0.13125 0.3055555555555556
0 0.231875 0.7366666666666667 0.145 0.27555555555555555
1 0.486875 0.3616666666666667 0.16375 0.3211111111111111
1 0.58625 0.1 0.11625 0.19555555555555557
2 0.8359375 0.41944444444444445 0.124375 0.2388888888888889
0 0.84 0.5211111111111111 0.11875 0.20222222222222222
0 0.60375 0.14833333333333334 0.1575 0.23222222222222222
3 0.585625 0.24888888888888888 0.095 0.24
4 0.1165625 0.45944444444444443 0.130625 0.2677777777777778
2 0.864375 0.6572222222222223 0.165 0.27
0 0.743125 0.7972222222222223 0.16625 0.3522222222222222
