2 0.5477777777777778 0.38375 0.2822222222222222 0.14875
4 0.3338888888888889 0.134375 0.23666666666666666 0.1125
4 0.4840625 0.36333333333333334 0.119375 0.19111111111111112
3 0.1315625 0.6727777777777778 0.133125 0.30777777777777776
3 0.74125 0.24888888888888888 0.155 0.29555555555555557
3 0.2528125 0.2777777777777778 0.136875 0.18666666666666668
0 0.6384375 0.5327777777777778 0.189375 0.3611111111111111
2 0.83 0.7305555555555555 0.0925 0.2544444444444444
0 0.3478125 0.6588888888888889 0.143125 0.28444444444444444
0 0.4896875 0.48055555555555557 0.175625 0.3011111111111111
4 0.3615625 0.7427777777777778 0.144375 0.2588888888888889
1 0.8465625 0.20222222222222222 0.109375 0.23333333333333334
0 0.10375 0.5688888888888889 0.13125 0.2644444444444444
1 0.6877777777777778 0.8484375 0.3511111111111111 0.141875
4 0.28 0.0859375 0.2822222222222222 0.144375
1 0.29388888888888887 0.11875 0.19444444444444445 0.11875
4 0.20555555555555555 0.3303125 0.2911111111111111 0.175625
1 0.475 0.6828125 0.2811111111111111 0.148125
0 0.61 0.5125 0.2777777777777778 0.17375
0 0.7527777777777778 0.1146875 0.31 0.174375
4 0.15444444444444444 0.619375 0.24666666666666667 0.17
