0 0.535625 0.7366666666666667 0.13125 0.2288888888888889
1 0.0821875 0.45444444444444443 0.161875 0.3022222222222222
0 0.6709375 0.6361111111111111 0.089375 0.2633333333333333
4 0.53625 0.2061111111111111 0.12875 0.2388888888888889
4 0.0715625 0.5255555555555556 0.126875 0.2511111111111111
1 0.220625 0.4311111111111111 0.11625 0.27111111111111114
3 0.85 0.2727777777777778 0.13875 0.24555555555555555
4 0.6903125 0.5988888888888889 0.119375 0.19111111111111112
3 0.1071875 0.7394444444444445 0.151875 0.23666666666666666
3 0.831875 0.2738888888888889 0.08375 0.16555555555555557
0 0.4934375 0.6588888888888889 0.163125 0.3511111111111111
4 0.075 0.5122222222222222 0.15 0.2777777777777778
0 0.84625 0.13111111111111112 0.12375 0.24444444444444444
3 0.854375 0.43777777777777777 0.155 0.29333333333333333
3 0.57625 0.21944444444444444 0.10625 0.19444444444444445
3 0.5678125 0.2638888888888889 0.159375 0.25222222222222224
1 0.71 0.5405555555555556 0.1575 0.31666666666666665
0 0.4296875 0.6516666666666666 0.168125 0.29444444444444445
