1 0.0615625 0.13277777777777777 0.114375 0.25222222222222224
3 0.85 0.57 0.1475 0.24444444444444444
0 0.66125 0.7288888888888889 0.15625 0.26666666666666666
1 0.2665625 0.4122222222222222 0.139375 0.2222222222222222
1 0.8275 0.1738888888888889 0.085 0.22111111111111112
1 0.1115625 0.7611111111111111 0.150625 0.2866666666666667
1 0.4871875 0.6288888888888889 0.153125 0.3
1 0.27625 0.42444444444444446 0.10625 0.1688888888888889
0 0.12444444444444444 0.370625 0.24222222222222223 0.1525
3 0.086875 0.37777777777777777 0.16625 0.2688888888888889
4 0.8334375 0.7061111111111111 0.094375 0.21
4 0.5803125 0.5605555555555556 0.110625 0.27666666666666667
0 0.08875 0.6272222222222222 0.1525 0.29
4 0.365 0.7055555555555556 0.09625 0.22
0 0.543125 0.36333333333333334 0.14875 0.21555555555555556
4 0.14666666666666667 0.236875 0.22 0.0875
4 0.4527777777777778 0.635625 0.24333333333333335 0.16625
4 0.6605555555555556 0.8740625 0.2677777777777778 0.164375
3 0.32611111111111113 0.373125 0.18777777777777777 0.12
3 0.24444444444444444 0.1378125 0.22 0.128125
1 0.8440625 0.3661111111111111 0.120625 0.3233333333333333
