1 0.6059375 0.5616666666666666 0.146875 0.2877777777777778
0 0.3415625 0.7233333333333334 0.125625 0.24222222222222223
0 0.678125 0.2911111111111111 0.175 0.2577777777777778
4 0.2228125 0.30333333333333334 0.109375 0.2822222222222222
0 0.7075 0.4461111111111111 0.14875 0.33444444444444443
4 0.07625 0.5294444444444445 0.125 0.2677777777777778
2 0.864375 0.7822222222222223 0.1525 0.30444444444444446
0 0.5827777777777777 0.843125 0.13666666666666666 0.13125
2 0.25055555555555553 0.55125 0.30777777777777776 0.15625
1 0.1325 0.41055555555555556 0.11625 0.2544444444444444
4 0.2446875 0.5427777777777778 0.106875 0.19666666666666666
4 0.635 0.7294444444444445 0.18625 0.2477777777777778
4 0.44375 0.7016666666666667 0.09125 0.20333333333333334
0 0.7215625 0.47833333333333333 0.139375 0.2388888888888889
1 0.8484375 0.6594444444444445 0.139375 0.2811111111111111
4 0.8328125 0.7066666666666667 0.088125 0.2088888888888889
1 0.1253125 0.355 0.129375 0.21444444444444444
