4 0.14166666666666666 0.8421875 0.20555555555555555 0.108125
4 0.5622222222222222 0.3403125 0.26666666666666666 0.143125
3 0.36277777777777775 0.06 0.2588888888888889 0.10125
3 0.125 0.22666666666666666 0.11125 0.21333333333333335
3 0.8371875 0.6005555555555555 0.108125 0.23222222222222222
0 0.4934375 0.4905555555555556 0.134375 0.2544444444444444
0 0.569375 0.6072222222222222 0.13125 0.23666666666666666
0 0.1578125 0.17277777777777778 0.166875 0.3233333333333333
0 0.275625 0.7288888888888889 0.11625 0.24
2 0.4553125 0.2 0.126875 0.24222222222222223
4 0.7325 0.6916666666666667 0.16125 0.31444444444444447
2 0.3096875 0.7255555555555555 0.096875 0.2
2 0.2171875 0.425 0.171875 0.3277777777777778
4 0.3525 0.20555555555555555 0.1525 0.29777777777777775
3 0.6078125 0.5644444444444444 0.155625 0.26
1 0.15055555555555555 0.708125 0.25 0.13
4 0.23333333333333334 0.415 0.18 0.12875
2 0.605 0.5771875 0.21666666666666667 0.160625
4 0.35833333333333334 0.83125 0.19444444444444445 0.08375
4 0.6415625 0.435 0.089375 0.16777777777777778
4 0.4740625 0.7022222222222222 0.119375 0.17777777777777778
0 0.8753125 0.2222222222222222 0.190625 0.26666666666666666
