3 0.7327777777777778 0.17125 0.21666666666666667 0.19875
0 0.6405555555555555 0.7196875 0.27444444444444444 0.159375
0 0.13833333333333334 0.8753125 0.23222222222222222 0.185625
2 0.38222222222222224 0.280625 0.24 0.13375
2 0.5494444444444444 0.12 0.2611111111111111 0.13625
0 0.6227777777777778 0.22375 0.24555555555555555 0.1475
2 0.3238888888888889 0.466875 0.22777777777777777 0.1275
0 0.5427777777777778 0.604375 0.2788888888888889 0.15
3 0.155 0.363125 0.27666666666666667 0.17375
3 0.45444444444444443 0.1071875 0.29555555555555557 0.166875
3 0.7016666666666667 0.7040625 0.21 0.096875
3 0.16 0.3615625 0.16666666666666666 0.139375
3 0.35555555555555557 0.853125 0.2088888888888889 0.13
1 0.5838888888888889 0.1440625 0.27 0.164375
2 0.7944444444444444 0.625625 0.3377777777777778 0.1725
0 0.2790625 0.7477777777777778 0.164375 0.23555555555555555
0 0.124375 0.14722222222222223 0.14875 0.27444444444444444
2 0.714375 0.6166666666666667 0.15375 0.2222222222222222
4 0.323125 0.7388888888888889 0.15 0.2688888888888889
3 0.6828125 0.2111111111111111 0.160625 0.3088888888888889
0 0.14875 0.46555555555555556 0.155 0.27111111111111114
