0 0.5959375 0.22833333333333333 0.143125 0.2633333333333333
4 0.1865625 0.6644444444444444 0.093125 0.26222222222222225
0 0.7221875 0.4166666666666667 0.139375 0.2911111111111111
4 0.4534375 0.5783333333333334 0.114375 0.26555555555555554
4 0.058125 0.7572222222222222 0.0925 0.2722222222222222
1 0.35875 0.27 0.13625 0.2
1 0.8575 0.4816666666666667 0.13875 0.2811111111111111
3 0.2475 0.35055555555555556 0.1625 0.19
1 0.5078125 0.59 0.185625 0.3288888888888889
3 0.6990625 0.51 0.110625 0.22444444444444445
4 0.8703125 0.7866666666666666 0.165625 0.3244444444444444
0 0.2496875 0.4627777777777778 0.114375 0.25666666666666665
4 0.6215625 0.37 0.149375 0.2644444444444444
4 0.723125 0.6322222222222222 0.11625 0.2088888888888889
4 0.3721875 0.7311111111111112 0.123125 0.21333333333333335
4 0.4990625 0.27111111111111114 0.140625 0.26
1 0.849375 0.6027777777777777 0.1325 0.29888888888888887
4 0.1459375 0.38666666666666666 0.164375 0.22
4 0.3284375 0.3561111111111111 0.174375 0.3211111111111111
1 0.845625 0.605 0.1275 0.25
3 0.1365625 0.7811111111111111 0.150625 0.31777777777777777
2 0.6715625 0.44333333333333336 0.140625 0.2111111111111111
0 0.2127777777777778 0.6140625 0.26555555555555554 0.146875
3 0.4961111111111111 0.73875 0.28555555555555556 0.16375
4 0.29 0.2709375 0.23777777777777778 0.159375
3 0.3277777777777778 0.3715625 0.13111111111111112 0.128125
