4 0.4753125 0.42055555555555557 0.118125 0.1811111111111111
4 0.139375 0.19611111111111112 0.17 0.31
3 0.8190625 0.5961111111111111 0.081875 0.24333333333333335
0 0.2746875 0.7155555555555555 0.079375 0.19111111111111112
1 0.6446875 0.2861111111111111 0.095625 0.2011111111111111
0 0.873125 0.6466666666666666 0.17125 0.27111111111111114
1 0.4971875 0.25055555555555553 0.169375 0.2588888888888889
4 0.851875 0.335 0.13 0.22555555555555556
2 0.59625 0.44055555555555553 0.12625 0.24555555555555555
0 0.1934375 0.2338888888888889 0.080625 0.21444444444444444
4 0.354375 0.7405555555555555 0.14875 0.27444444444444444
1 0.089375 0.6577777777777778 0.125 0.3
0 0.720625 0.13444444444444445 0.12125 0.20444444444444446
4 0.3146875 0.2772222222222222 0.170625 0.29888888888888887
4 0.84375 0.6388888888888888 0.13 0.3022222222222222
0 0.620625 0.19555555555555557 0.1575 0.31777777777777777
4 0.836875 0.3433333333333333 0.11 0.22
4 0.355625 0.24 0.10625 0.2111111111111111
1 0.1603125 0.6772222222222222 0.194375 0.29444444444444445
3 0.721875 0.7772222222222223 0.12 0.2966666666666667
1 0.1053125 0.16833333333333333 0.130625 0.23222222222222222
4 0.4871875 0.5988888888888889 0.143125 0.24
2 0.848125 0.45055555555555554 0.11375 0.22777777777777777
1 0.3115625 0.7705555555555555 0.168125 0.29888888888888887
4 0.35444444444444445 0.61625 0.27111111111111114 0.18375
4 0.535 0.339375 0.2411111111111111 0.15375
0 0.13944444444444445 0.07875 0.23 0.155
