1 0.7040625 0.475 0.095625 0.14777777777777779
3 0.5878125 0.7155555555555555 0.119375 0.2311111111111111
0 0.2153125 0.655 0.143125 0.31
4 0.0928125 0.38722222222222225 0.134375 0.27
0 0.8528125 0.6577777777777778 0.125625 0.3088888888888889
0 0.6675 0.5011111111111111 0.1375 0.24666666666666667
1 0.2753125 0.7227777777777777 0.118125 0.18777777777777777
3 0.105625 0.2338888888888889 0.13375 0.2811111111111111
0 0.86125 0.6572222222222223 0.1775 0.35444444444444445
4 0.6571875 0.29 0.116875 0.21555555555555556
0 0.285 0.4411111111111111 0.115 0.22444444444444445
0 0.4871875 0.6205555555555555 0.148125 0.2922222222222222
4 0.13125 0.19833333333333333 0.16625 0.29444444444444445
4 0.623125 0.7644444444444445 0.16125 0.27111111111111114
4 0.348125 0.33944444444444444 0.10625 0.1922222222222222
1 0.8721875 0.58 0.164375 0.28888888888888886
4 0.7416666666666667 0.1184375 0.2411111111111111 0.124375
0 0.2396875 0.6616666666666666 0.160625 0.29
2 0.3928125 0.22055555555555556 0.158125 0.31222222222222223
