1 0.2544444444444444 0.483125 0.2311111111111111 0.135
4 0.3333333333333333 0.5946875 0.23555555555555555 0.114375
0 0.7416666666666667 0.7425 0.2811111111111111 0.16625
3 0.6166666666666667 0.8453125 0.18666666666666668 0.126875
4 0.0715625 0.7361111111111112 0.125625 0.2388888888888889
4 0.8759375 0.5933333333333334 0.171875 0.3088888888888889
3 0.33125 0.38 0.125 0.23555555555555555
4 0.4559375 0.0961111111111111 0.131875 0.16111111111111112
0 0.6225 0.3811111111111111 0.1725 0.3422222222222222
0 0.49875 0.2677777777777778 0.175 0.32
3 0.3390625 0.7305555555555555 0.104375 0.22555555555555556
0 0.0959375 0.6233333333333333 0.116875 0.21555555555555556
1 0.8475 0.11611111111111111 0.12375 0.21888888888888888
3 0.5383333333333333 0.106875 0.22333333333333333 0.145
0 0.6283333333333333 0.545625 0.2011111111111111 0.11875
0 0.3621875 0.5516666666666666 0.144375 0.2722222222222222
4 0.123125 0.24444444444444444 0.1625 0.2
1 0.7196875 0.18333333333333332 0.115625 0.2577777777777778
1 0.4775 0.6183333333333333 0.1275 0.22555555555555556
4 0.18666666666666668 0.076875 0.24666666666666667 0.14125
2 0.6866666666666666 0.8196875 0.13555555555555557 0.089375
0 0.5377777777777778 0.58125 0.2088888888888889 0.125
2 0.3972222222222222 0.3515625 0.29888888888888887 0.178125
