3 0.5838888888888889 0.8515625 0.16777777777777778 0.135625
4 0.4905555555555556 0.293125 0.25222222222222224 0.1525
0 0.2311111111111111 0.6571875 0.21555555555555556 0.115625
4 0.6511111111111111 0.86 0.33111111111111113 0.13875
3 0.37666666666666665 0.470625 0.26666666666666666 0.125
2 0.2853125 0.7388888888888889 0.164375 0.2311111111111111
4 0.214375 0.3138888888888889 0.10125 0.23666666666666666
4 0.73625 0.6566666666666666 0.155 0.28
4 0.110625 0.2427777777777778 0.14 0.2544444444444444
3 0.6125 0.515 0.155 0.31666666666666665
1 0.18944444444444444 0.5990625 0.23 0.148125
3 0.43777777777777777 0.7221875 0.20222222222222222 0.143125
0 0.6583333333333333 0.07375 0.11888888888888889 0.1
0 0.8596875 0.4211111111111111 0.144375 0.23777777777777778
3 0.243125 0.6505555555555556 0.1 0.3011111111111111
4 0.4853125 0.5172222222222222 0.109375 0.23222222222222222
1 0.6090625 0.11 0.119375 0.20666666666666667
0 0.1175 0.30444444444444446 0.08625 0.20222222222222222
0 0.3959375 0.7583333333333333 0.168125 0.3188888888888889
4 0.42944444444444446 0.6675 0.17888888888888888 0.1125
1 0.30944444444444447 0.138125 0.22777777777777777 0.13375
