1 0.8515625 0.7633333333333333 0.155625 0.30444444444444446
3 0.666875 0.23055555555555557 0.09125 0.22555555555555556
2 0.2446875 0.5788888888888889 0.159375 0.33111111111111113
4 0.108125 0.38055555555555554 0.19 0.33
1 0.240625 0.54 0.13125 0.2777777777777778
1 0.83875 0.13944444444444445 0.12 0.2411111111111111
4 0.2125 0.49 0.11375 0.21333333333333335
1 0.524375 0.7816666666666666 0.115 0.30777777777777776
3 0.4765625 0.6577777777777778 0.123125 0.25333333333333335
4 0.369375 0.495 0.1525 0.31444444444444447
3 0.2315625 0.32555555555555554 0.120625 0.1688888888888889
4 0.1365625 0.7672222222222222 0.174375 0.2788888888888889
4 0.585625 0.15333333333333332 0.0975 0.2088888888888889
4 0.51 0.7883333333333333 0.17625 0.33
4 0.119375 0.6461111111111111 0.10375 0.25
3 0.7225 0.5577777777777778 0.12875 0.2777777777777778
2 0.863125 0.2511111111111111 0.17375 0.2777777777777778
4 0.6165625 0.32166666666666666 0.153125 0.21444444444444444
3 0.255 0.16666666666666666 0.12375 0.2511111111111111
1 0.12625 0.3211111111111111 0.16 0.3377777777777778
3 0.70375 0.47333333333333333 0.13875 0.19777777777777777
1 0.4309375 0.7311111111111112 0.181875 0.2688888888888889
2 0.5721875 0.6355555555555555 0.169375 0.3
4 0.7594444444444445 0.11625 0.3011111111111111 0.17125
4 0.19 0.469375 0.18222222222222223 0.125
3 0.4961111111111111 0.685 0.28555555555555556 0.18
2 0.36 0.280625 0.2688888888888889 0.12375
