4 0.8296875 0.29444444444444445 0.111875 0.15777777777777777
1 0.3571875 0.15166666666666667 0.136875 0.25666666666666665
1 0.8709375 0.7727777777777778 0.180625 0.3322222222222222
3 0.264375 0.5333333333333333 0.10125 0.2288888888888889
4 0.28444444444444444 0.5878125 0.19777777777777777 0.116875
4 0.7338888888888889 0.8484375 0.25222222222222224 0.118125
3 0.4955555555555556 0.74875 0.2822222222222222 0.17875
3 0.0978125 0.5616666666666666 0.118125 0.17888888888888888
1 0.8421875 0.4822222222222222 0.128125 0.3
4 0.6528125 0.17 0.119375 0.23555555555555555
3 0.2809375 0.33666666666666667 0.115625 0.28888888888888886
0 0.0803125 0.30666666666666664 0.145625 0.2222222222222222
0 0.8728125 0.5327777777777778 0.185625 0.33444444444444443
0 0.475 0.7783333333333333 0.1575 0.3233333333333333
0 0.328125 0.5616666666666666 0.125 0.25222222222222224
2 0.0828125 0.6738888888888889 0.154375 0.2966666666666667
4 0.8340625 0.2733333333333333 0.094375 0.22
1 0.609375 0.41888888888888887 0.16625 0.3288888888888889
1 0.186875 0.18777777777777777 0.1025 0.2288888888888889
0 0.57625 0.18555555555555556 0.18 0.31555555555555553
