4 0.4216666666666667 0.871875 0.25222222222222224 0.1825
3 0.6294444444444445 0.241875 0.2611111111111111 0.1075
0 0.20222222222222222 0.70125 0.22 0.1375
3 0.86125 0.535 0.1525 0.18555555555555556
4 0.37875 0.48388888888888887 0.1325 0.24555555555555555
1 0.4971875 0.33166666666666667 0.169375 0.29888888888888887
0 0.8509375 0.44555555555555554 0.143125 0.23555555555555555
3 0.66625 0.75 0.14125 0.2644444444444444
0 0.298125 0.6144444444444445 0.13875 0.28444444444444444
2 0.135 0.19666666666666666 0.17875 0.31777777777777777
0 0.3278125 0.6255555555555555 0.170625 0.3088888888888889
0 0.670625 0.165 0.12625 0.2722222222222222
0 0.7322222222222222 0.2665625 0.2688888888888889 0.173125
2 0.20944444444444443 0.489375 0.29444444444444445 0.14125
1 0.4261111111111111 0.600625 0.1922222222222222 0.125
0 0.2733333333333333 0.73 0.24444444444444444 0.145
0 0.5188888888888888 0.836875 0.2 0.12
0 0.3572222222222222 0.1346875 0.23444444444444446 0.148125
3 0.6138888888888889 0.3575 0.21222222222222223 0.11625
4 0.21875 0.7238888888888889 0.16125 0.2411111111111111
4 0.485 0.5677777777777778 0.18 0.2822222222222222
1 0.7134375 0.37166666666666665 0.124375 0.24333333333333335
2 0.08125 0.6661111111111111 0.1425 0.30333333333333334
2 0.8375 0.4338888888888889 0.115 0.1922222222222222
3 0.3284375 0.22444444444444445 0.124375 0.3022222222222222
