4 0.70875 0.7455555555555555 0.16125 0.2733333333333333
2 0.09375 0.335 0.12125 0.2544444444444444
1 0.565 0.5344444444444445 0.17125 0.25333333333333335
1 0.40125 0.11444444444444445 0.13 0.21555555555555556
1 0.8425 0.49833333333333335 0.125 0.2633333333333333
4 0.11375 0.26722222222222225 0.145 0.2811111111111111
3 0.6928125 0.6088888888888889 0.121875 0.24444444444444444
3 0.063125 0.255 0.12625 0.27444444444444444
4 0.8475 0.5422222222222223 0.12625 0.26222222222222225
0 0.3790625 0.64 0.130625 0.26222222222222225
0 0.6965625 0.445 0.138125 0.2633333333333333
3 0.13125 0.7633333333333333 0.16 0.3288888888888889
3 0.5978125 0.21166666666666667 0.111875 0.19
0 0.8621875 0.67 0.149375 0.30444444444444446
1 0.2253125 0.4588888888888889 0.103125 0.20222222222222222
4 0.4921875 0.3433333333333333 0.145625 0.29333333333333333
1 0.7421875 0.3972222222222222 0.155625 0.2411111111111111
4 0.3983333333333333 0.276875 0.1988888888888889 0.15
4 0.5577777777777778 0.5759375 0.3022222222222222 0.168125
3 0.31166666666666665 0.8628125 0.2388888888888889 0.161875
0 0.4803125 0.5988888888888889 0.155625 0.2866666666666667
4 0.84375 0.11833333333333333 0.1225 0.1988888888888889
4 0.1109375 0.7238888888888889 0.176875 0.24555555555555555
0 0.088125 0.16944444444444445 0.1425 0.25
4 0.4528125 0.7427777777777778 0.100625 0.22777777777777777
3 0.65125 0.43833333333333335 0.11125 0.20333333333333334
