3 0.6846875 0.4772222222222222 0.103125 0.21222222222222223
0 0.1134375 0.26666666666666666 0.108125 0.2777777777777778
0 0.4040625 0.13166666666666665 0.115625 0.25
3 0.276875 0.3711111111111111 0.14875 0.24222222222222223
4 0.565625 0.6305555555555555 0.1525 0.27444444444444444
3 0.24333333333333335 0.478125 0.2288888888888889 0.1375
0 0.7255555555555555 0.73 0.20444444444444446 0.14125
3 0.655 0.1153125 0.2611111111111111 0.161875
0 0.38055555555555554 0.8715625 0.3055555555555556 0.173125
3 0.83625 0.6116666666666667 0.10625 0.2388888888888889
4 0.248125 0.7094444444444444 0.0825 0.1922222222222222
3 0.055625 0.35388888888888886 0.08125 0.20777777777777778
3 0.17166666666666666 0.59375 0.22111111111111112 0.1275
0 0.7305555555555555 0.8440625 0.22777777777777777 0.143125
2 0.5672222222222222 0.3590625 0.2722222222222222 0.143125
1 0.068125 0.14555555555555555 0.125 0.23555555555555555
1 0.8465625 0.7555555555555555 0.144375 0.2866666666666667
1 0.3128125 0.33 0.101875 0.21555555555555556
0 0.589375 0.5461111111111111 0.1425 0.2588888888888889
1 0.2915625 0.3038888888888889 0.121875 0.25222222222222224
4 0.8465625 0.425 0.110625 0.20777777777777778
1 0.4928125 0.7494444444444445 0.150625 0.2833333333333333
2 0.665 0.14666666666666667 0.12125 0.22444444444444445
3 0.10388888888888889 0.390625 0.16333333333333333 0.1175
3 0.37666666666666665 0.7059375 0.2511111111111111 0.145625
1 0.4938888888888889 0.2625 0.25666666666666665 0.1625
