0 0.364375 0.45222222222222225 0.1475 0.2688888888888889
1 0.1103125 0.5411111111111111 0.135625 0.24888888888888888
3 0.6096875 0.3466666666666667 0.141875 0.2577777777777778
4 0.3140625 0.7366666666666667 0.140625 0.21777777777777776
0 0.69125 0.4816666666666667 0.1675 0.30777777777777776
4 0.521875 0.16666666666666666 0.1925 0.2777777777777778
0 0.8640625 0.7261111111111112 0.150625 0.2588888888888889
4 0.085625 0.17333333333333334 0.14625 0.30444444444444446
0 0.7025 0.26555555555555554 0.14 0.26
1 0.8453125 0.13722222222222222 0.125625 0.2388888888888889
3 0.1084375 0.4027777777777778 0.146875 0.2966666666666667
3 0.4065625 0.7794444444444445 0.145625 0.3388888888888889
1 0.24 0.6088888888888889 0.11125 0.23555555555555555
4 0.54 0.49833333333333335 0.11375 0.25222222222222224
1 0.6996875 0.4905555555555556 0.200625 0.2922222222222222
0 0.8734375 0.595 0.171875 0.2477777777777778
2 0.4959375 0.7427777777777778 0.165625 0.2722222222222222
3 0.7040625 0.6161111111111112 0.099375 0.21
0 0.2309375 0.14888888888888888 0.119375 0.2288888888888889
3 0.8334375 0.5211111111111111 0.115625 0.2111111111111111
