2 0.4015625 0.7611111111111111 0.118125 0.3111111111111111
1 0.8459375 0.5066666666666667 0.118125 0.2644444444444444
2 0.5515625 0.38666666666666666 0.121875 0.25555555555555554
0 0.7122222222222222 0.3653125 0.2222222222222222 0.128125
1 0.5644444444444444 0.1325 0.26 0.14375
4 0.5053125 0.7883333333333333 0.161875 0.3188888888888889
4 0.1140625 0.2788888888888889 0.108125 0.19555555555555557
1 0.314375 0.44166666666666665 0.145 0.22333333333333333
3 0.330625 0.5077777777777778 0.08375 0.19333333333333333
0 0.8621875 0.36277777777777775 0.148125 0.2722222222222222
4 0.1075 0.7177777777777777 0.13625 0.24222222222222223
1 0.8503125 0.6261111111111111 0.121875 0.21
3 0.733125 0.45 0.17625 0.2777777777777778
3 0.110625 0.30666666666666664 0.08625 0.20222222222222222
0 0.2915625 0.23166666666666666 0.159375 0.2611111111111111
3 0.5433333333333333 0.8625 0.26 0.14875
0 0.3415625 0.5083333333333333 0.181875 0.33666666666666667
1 0.8575 0.1938888888888889 0.1375 0.2633333333333333
2 0.5078125 0.3327777777777778 0.155625 0.2633333333333333
0 0.1428125 0.7672222222222222 0.141875 0.2966666666666667
