4 0.72625 0.39944444444444444 0.15375 0.27666666666666667
4 0.48 0.6616666666666666 0.17375 0.3011111111111111
3 0.0965625 0.21166666666666667 0.175625 0.23444444444444446
1 0.583125 0.5305555555555556 0.12375 0.20555555555555555
2 0.84875 0.3 0.1425 0.24444444444444444
1 0.481875 0.6144444444444445 0.13875 0.2688888888888889
1 0.67125 0.495 0.14875 0.2811111111111111
1 0.5227777777777778 0.1103125 0.24555555555555555 0.163125
1 0.34 0.3434375 0.27111111111111114 0.128125
1 0.6788888888888889 0.58125 0.16666666666666666 0.1025
4 0.5122222222222222 0.07625 0.18222222222222223 0.13375
4 0.7261111111111112 0.8321875 0.1988888888888889 0.115625
0 0.33611111111111114 0.5790625 0.2411111111111111 0.119375
3 0.585 0.6933333333333334 0.1 0.19333333333333333
2 0.119375 0.5377777777777778 0.13375 0.2777777777777778
4 0.38 0.16666666666666666 0.1725 0.32666666666666666
4 0.833125 0.3 0.11375 0.19777777777777777
2 0.6916666666666667 0.48125 0.3011111111111111 0.16125
0 0.485 0.843125 0.2411111111111111 0.135
4 0.22833333333333333 0.213125 0.25666666666666665 0.125
0 0.32611111111111113 0.3553125 0.27666666666666667 0.159375
4 0.5488888888888889 0.1053125 0.19111111111111112 0.159375
3 0.7866666666666666 0.745625 0.31333333333333335 0.19
4 0.6890625 0.39944444444444444 0.116875 0.17666666666666667
3 0.3925 0.23944444444444443 0.14 0.2722222222222222
2 0.865625 0.67 0.16125 0.3022222222222222
4 0.091875 0.5688888888888889 0.155 0.3088888888888889
