3 0.6246875 0.30722222222222223 0.088125 0.21444444444444444
4 0.4434375 0.14333333333333334 0.111875 0.16
1 0.8634375 0.7516666666666667 0.149375 0.2788888888888889
4 0.36625 0.15555555555555556 0.10125 0.2311111111111111
1 0.7025 0.5366666666666666 0.1425 0.2733333333333333
4 0.5415625 0.6122222222222222 0.109375 0.19777777777777777
0 0.286875 0.4411111111111111 0.1775 0.3088888888888889
4 0.128125 0.7688888888888888 0.14875 0.28444444444444444
3 0.1321875 0.4272222222222222 0.139375 0.25666666666666665
4 0.70625 0.235 0.145 0.2677777777777778
2 0.43625 0.5383333333333333 0.17625 0.2811111111111111
4 0.49444444444444446 0.845625 0.22666666666666666 0.115
4 0.4027777777777778 0.3690625 0.20555555555555555 0.146875
2 0.6761111111111111 0.13625 0.27 0.17375
4 0.45055555555555554 0.4740625 0.25 0.146875
4 0.6233333333333333 0.8890625 0.29333333333333333 0.195625
0 0.28833333333333333 0.675625 0.22777777777777777 0.16
4 0.7366666666666667 0.27875 0.21777777777777776 0.1475
1 0.306875 0.36833333333333335 0.18 0.3233333333333333
3 0.854375 0.5533333333333333 0.1275 0.27555555555555555
