4 0.40555555555555556 0.699375 0.24888888888888888 0.14125
1 0.7327777777777778 0.3990625 0.21222222222222223 0.135625
4 0.6144444444444445 0.8371875 0.20666666666666667 0.119375
0 0.185 0.2584375 0.2677777777777778 0.151875
0 0.46625 0.30833333333333335 0.15 0.2811111111111111
3 0.84625 0.13555555555555557 0.13125 0.23333333333333334
4 0.0590625 0.74 0.113125 0.24888888888888888
0 0.6640625 0.44722222222222224 0.156875 0.2611111111111111
0 0.37666666666666665 0.6434375 0.3111111111111111 0.178125
2 0.5788888888888889 0.1659375 0.3111111111111111 0.173125
0 0.7822222222222223 0.8675 0.31333333333333335 0.15125
4 0.655 0.2425 0.31222222222222223 0.16375
4 0.54 0.608125 0.28 0.14875
0 0.7088888888888889 0.47125 0.2222222222222222 0.12375
1 0.12555555555555556 0.0903125 0.24222222222222223 0.106875
0 0.2627777777777778 0.8684375 0.3188888888888889 0.171875
0 0.7433333333333333 0.1475 0.23555555555555555 0.17375
4 0.28888888888888886 0.7165625 0.29777777777777775 0.155625
1 0.12611111111111112 0.8578125 0.21444444444444444 0.148125
4 0.29888888888888887 0.7259375 0.2088888888888889 0.136875
