1 0.343125 0.42055555555555557 0.1475 0.35
3 0.1825 0.7372222222222222 0.08625 0.21444444444444444
2 0.8653125 0.18611111111111112 0.154375 0.26555555555555554
3 0.4403125 0.25555555555555554 0.083125 0.21333333333333335
0 0.3865625 0.31722222222222224 0.121875 0.27
3 0.55 0.7522222222222222 0.14375 0.28444444444444444
1 0.7059375 0.4305555555555556 0.149375 0.2833333333333333
0 0.6115625 0.7288888888888889 0.155625 0.26
4 0.1021875 0.5583333333333333 0.161875 0.27666666666666667
3 0.846875 0.15777777777777777 0.1125 0.19111111111111112
0 0.354375 0.385 0.15375 0.2877777777777778
2 0.23375 0.7788888888888889 0.13125 0.29777777777777775
1 0.844375 0.30444444444444446 0.12375 0.26666666666666666
4 0.53125 0.19611111111111112 0.1125 0.2788888888888889
1 0.6711111111111111 0.5828125 0.28 0.169375
1 0.575 0.4334375 0.2833333333333333 0.161875
0 0.27444444444444444 0.88375 0.26666666666666666 0.1875
3 0.7572222222222222 0.12125 0.25666666666666665 0.12
3 0.4444444444444444 0.4640625 0.2088888888888889 0.148125
2 0.3233333333333333 0.073125 0.24222222222222223 0.1325
2 0.20666666666666667 0.655625 0.2822222222222222 0.1475
1 0.605 0.6227777777777778 0.12 0.2411111111111111
2 0.3975 0.7627777777777778 0.1875 0.33444444444444443
