3 0.345625 0.5561111111111111 0.09625 0.27
4 0.593125 0.13777777777777778 0.11625 0.21333333333333335
4 0.845 0.7233333333333334 0.11875 0.2
2 0.1015625 0.245 0.139375 0.2477777777777778
4 0.6575 0.12944444444444445 0.1125 0.17222222222222222
1 0.3071875 0.5866666666666667 0.118125 0.20666666666666667
4 0.6761111111111111 0.594375 0.30777777777777776 0.1475
2 0.7238888888888889 0.346875 0.2388888888888889 0.155
1 0.41833333333333333 0.0990625 0.2788888888888889 0.161875
4 0.32055555555555554 0.2096875 0.24555555555555555 0.131875
4 0.6578125 0.7077777777777777 0.114375 0.21333333333333335
0 0.8628125 0.23666666666666666 0.158125 0.30666666666666664
0 0.5227777777777778 0.325 0.20555555555555555 0.12875
0 0.19833333333333333 0.8721875 0.27444444444444444 0.183125
2 0.356875 0.24555555555555555 0.12 0.2222222222222222
4 0.603125 0.42333333333333334 0.1275 0.25555555555555554
