4 0.48125 0.31555555555555553 0.1725 0.3
1 0.828125 0.11888888888888889 0.10125 0.2111111111111111
4 0.34125 0.5416666666666666 0.13 0.24333333333333335
1 0.6125 0.35555555555555557 0.17125 0.2777777777777778
3 0.0740625 0.7305555555555555 0.095625 0.21222222222222223
1 0.7316666666666667 0.8496875 0.22333333333333333 0.146875
0 0.5521875 0.20277777777777778 0.141875 0.2877777777777778
4 0.415 0.6527777777777778 0.16 0.30777777777777776
3 0.6934375 0.7472222222222222 0.131875 0.27444444444444444
4 0.113125 0.5033333333333333 0.14125 0.2288888888888889
1 0.1078125 0.21333333333333335 0.110625 0.27111111111111114
3 0.484375 0.3622222222222222 0.13625 0.29555555555555557
1 0.65875 0.24888888888888888 0.15125 0.35555555555555557
0 0.44875 0.29944444444444446 0.11375 0.19
0 0.2765625 0.4822222222222222 0.151875 0.2866666666666667
0 0.8371875 0.2388888888888889 0.110625 0.22666666666666666
1 0.354375 0.6144444444444445 0.165 0.30666666666666664
