3 0.6003125 0.3477777777777778 0.115625 0.16666666666666666
1 0.518125 0.7727777777777778 0.19375 0.3522222222222222
0 0.6233333333333333 0.6978125 0.3488888888888889 0.181875
0 0.41388888888888886 0.303125 0.22333333333333333 0.12
1 0.25722222222222224 0.8475 0.20333333333333334 0.11625
1 0.11055555555555556 0.1309375 0.20333333333333334 0.139375
4 0.7022222222222222 0.4953125 0.2111111111111111 0.140625
0 0.1190625 0.5477777777777778 0.131875 0.2511111111111111
0 0.733125 0.47888888888888886 0.18 0.3088888888888889
4 0.4146875 0.735 0.133125 0.23444444444444446
4 0.33166666666666667 0.1084375 0.20777777777777778 0.088125
3 0.5405555555555556 0.845 0.22777777777777777 0.12875
2 0.7644444444444445 0.608125 0.2777777777777778 0.1325
0 0.165 0.3884375 0.2722222222222222 0.170625
1 0.460625 0.5994444444444444 0.11125 0.2388888888888889
0 0.7505555555555555 0.0965625 0.29 0.164375
4 0.335 0.6096875 0.2633333333333333 0.155625
2 0.205 0.6415625 0.2877777777777778 0.191875
3 0.33 0.839375 0.1622222222222222 0.09625
1 0.5516666666666666 0.379375 0.23 0.1575
