0 0.3372222222222222 0.413125 0.2411111111111111 0.1325
2 0.7438888888888889 0.8559375 0.2833333333333333 0.160625
1 0.119375 0.3511111111111111 0.12875 0.3088888888888889
4 0.6628125 0.7588888888888888 0.128125 0.2822222222222222
3 0.5075 0.4888888888888889 0.18 0.30444444444444446
0 0.8475 0.24388888888888888 0.145 0.27
2 0.0615625 0.33555555555555555 0.111875 0.25555555555555554
2 0.5778125 0.6011111111111112 0.119375 0.19333333333333333
2 0.3465625 0.5238888888888888 0.169375 0.23666666666666666
0 0.8565625 0.33611111111111114 0.151875 0.2677777777777778
0 0.1271875 0.7633333333333333 0.155625 0.32666666666666666
0 0.59375 0.11055555555555556 0.11375 0.21444444444444444
4 0.18625 0.6266666666666667 0.11125 0.2288888888888889
0 0.066875 0.7216666666666667 0.13 0.24555555555555555
4 0.834375 0.5244444444444445 0.1175 0.19555555555555557
4 0.7221875 0.4038888888888889 0.151875 0.29888888888888887
4 0.7316666666666667 0.255 0.25666666666666665 0.1625
4 0.16944444444444445 0.06375 0.18333333333333332 0.08625
2 0.5338888888888889 0.4165625 0.2833333333333333 0.179375
4 0.26611111111111113 0.5378125 0.16777777777777778 0.115625
4 0.6111111111111112 0.8553125 0.22666666666666666 0.138125
4 0.08625 0.5155555555555555 0.09875 0.30444444444444446
2 0.839375 0.7083333333333334 0.11375 0.21
4 0.7134375 0.6461111111111111 0.160625 0.32555555555555554
0 0.558125 0.3883333333333333 0.14875 0.29
