4 0.133125 0.5094444444444445 0.11125 0.2788888888888889
1 0.383125 0.3572222222222222 0.13875 0.2811111111111111
2 0.2234375 0.28555555555555556 0.129375 0.2311111111111111
2 0.49375 0.41444444444444445 0.1675 0.31555555555555553
4 0.8425 0.5283333333333333 0.1125 0.19666666666666666
1 0.19277777777777777 0.8496875 0.20333333333333334 0.128125
4 0.3788888888888889 0.683125 0.31555555555555553 0.1825
4 0.5933333333333334 0.476875 0.22444444444444445 0.1575
4 0.20625 0.31555555555555553 0.10375 0.21333333333333335
4 0.7346875 0.13777777777777778 0.168125 0.26666666666666666
4 0.434375 0.6611111111111111 0.15375 0.28444444444444444
3 0.1421875 0.3383333333333333 0.138125 0.20555555555555555
4 0.836875 0.5305555555555556 0.105 0.21222222222222223
3 0.20555555555555555 0.3575 0.24 0.16
2 0.3861111111111111 0.8603125 0.2411111111111111 0.160625
2 0.5433333333333333 0.0978125 0.19555555555555557 0.143125
3 0.7261111111111112 0.5984375 0.2011111111111111 0.139375
4 0.5211111111111111 0.6996875 0.24 0.120625
3 0.7366666666666667 0.2728125 0.22444444444444445 0.121875
1 0.6627777777777778 0.425 0.3011111111111111 0.14125
4 0.32166666666666666 0.5728125 0.2877777777777778 0.151875
0 0.45222222222222225 0.1628125 0.32666666666666666 0.186875
