2 0.7805555555555556 0.146875 0.31666666666666665 0.175
4 0.4077777777777778 0.6090625 0.2822222222222222 0.136875
0 0.5472222222222223 0.8503125 0.20555555555555555 0.138125
0 0.5521875 0.2833333333333333 0.145625 0.29555555555555557
4 0.3959375 0.6116666666666667 0.129375 0.2477777777777778
2 0.71 0.7766666666666666 0.16375 0.3422222222222222
4 0.085 0.15 0.10125 0.26222222222222225
0 0.08125 0.6066666666666667 0.14125 0.2733333333333333
2 0.46 0.725 0.13375 0.2477777777777778
4 0.2678125 0.4683333333333333 0.131875 0.2588888888888889
4 0.643125 0.41333333333333333 0.09625 0.20444444444444446
1 0.0825 0.11222222222222222 0.145 0.19777777777777777
4 0.848125 0.7261111111111112 0.11625 0.23444444444444446
3 0.8675 0.2222222222222222 0.1775 0.31555555555555553
0 0.5128125 0.5988888888888889 0.170625 0.2688888888888889
0 0.13944444444444445 0.3028125 0.20555555555555555 0.125625
2 0.31166666666666665 0.1190625 0.2544444444444444 0.114375
3 0.7277777777777777 0.6778125 0.19777777777777777 0.163125
2 0.091875 0.13333333333333333 0.15 0.25555555555555554
1 0.63875 0.5855555555555556 0.1025 0.24666666666666667
