0 0.24 0.45111111111111113 0.14875 0.28
4 0.7015625 0.7622222222222222 0.145625 0.29777777777777775
0 0.546875 0.2361111111111111 0.145 0.25222222222222224
4 0.375 0.32055555555555554 0.11 0.22111111111111112
4 0.8465625 0.5316666666666666 0.126875 0.2411111111111111
0 0.294375 0.4538888888888889 0.16 0.2811111111111111
3 0.085625 0.115 0.12125 0.22777777777777777
4 0.8475 0.6027777777777777 0.13 0.2677777777777778
0 0.46625 0.2827777777777778 0.125 0.25222222222222224
1 0.7522222222222222 0.5790625 0.29555555555555557 0.170625
1 0.4922222222222222 0.441875 0.25555555555555554 0.18875
0 0.22611111111111112 0.7025 0.2011111111111111 0.12375
0 0.1440625 0.5666666666666667 0.141875 0.2866666666666667
1 0.609375 0.14777777777777779 0.13 0.25333333333333335
4 0.4909375 0.315 0.129375 0.18555555555555556
4 0.2521875 0.22944444444444445 0.123125 0.21666666666666667
1 0.4184375 0.2477777777777778 0.181875 0.33555555555555555
0 0.8371875 0.33 0.125625 0.2866666666666667
3 0.528125 0.7516666666666667 0.10375 0.27
4 0.1 0.41055555555555556 0.14 0.23222222222222222
4 0.8615625 0.2511111111111111 0.154375 0.24
3 0.6703125 0.7461111111111111 0.075625 0.2388888888888889
0 0.2640625 0.6011111111111112 0.174375 0.3466666666666667
4 0.5559375 0.6305555555555555 0.150625 0.20777777777777778
3 0.3959375 0.445 0.134375 0.23222222222222222
4 0.4784375 0.5744444444444444 0.141875 0.2688888888888889
1 0.20375 0.7283333333333334 0.1025 0.21444444444444444
4 0.7178125 0.6666666666666666 0.110625 0.2733333333333333
0 0.874375 0.22944444444444445 0.1675 0.3011111111111111
3 0.608125 0.5133333333333333 0.14625 0.32666666666666666
