1 0.40625 0.2361111111111111 0.15625 0.21444444444444444
3 0.2346875 0.3527777777777778 0.118125 0.2477777777777778
0 0.105 0.7788888888888889 0.16375 0.3
4 0.5434375 0.4688888888888889 0.124375 0.28
3 0.860625 0.3138888888888889 0.15625 0.25
2 0.4984375 0.735 0.159375 0.2722222222222222
4 0.1146875 0.43833333333333335 0.119375 0.22555555555555556
4 0.583125 0.5383333333333333 0.10875 0.20777777777777778
1 0.363125 0.21055555555555555 0.17375 0.29888888888888887
0 0.0765625 0.16555555555555557 0.130625 0.2311111111111111
0 0.87875 0.49944444444444447 0.17625 0.3411111111111111
0 0.65875 0.7377777777777778 0.12625 0.26
3 0.14166666666666666 0.4965625 0.21222222222222223 0.166875
3 0.3372222222222222 0.2940625 0.3233333333333333 0.123125
4 0.6822222222222222 0.83125 0.1711111111111111 0.11375
3 0.4172222222222222 0.121875 0.20333333333333334 0.14
1 0.8225 0.74 0.09125 0.2288888888888889
1 0.6846875 0.535 0.109375 0.2544444444444444
2 0.8309375 0.2222222222222222 0.108125 0.2111111111111111
0 0.0653125 0.5783333333333334 0.121875 0.24333333333333335
