4 0.8459375 0.5144444444444445 0.125625 0.16666666666666666
1 0.1103125 0.7361111111111112 0.128125 0.2677777777777778
3 0.3375 0.19166666666666668 0.09125 0.2011111111111111
1 0.4375 0.7666666666666667 0.19 0.3022222222222222
0 0.678125 0.21 0.075 0.10666666666666667
0 0.8603125 0.6627777777777778 0.140625 0.32555555555555554
3 0.6090625 0.7511111111111111 0.153125 0.26222222222222225
1 0.36 0.5772222222222222 0.16375 0.32555555555555554
4 0.8634375 0.12444444444444444 0.153125 0.23777777777777778
3 0.5859375 0.7727777777777778 0.181875 0.30333333333333334
1 0.2865625 0.55 0.155625 0.32222222222222224
2 0.8353125 0.28 0.106875 0.24666666666666667
0 0.4153125 0.625 0.126875 0.2411111111111111
0 0.280625 0.675 0.17375 0.3433333333333333
2 0.108125 0.7311111111111112 0.1175 0.24444444444444444
0 0.8471875 0.21055555555555555 0.146875 0.25
2 0.6778125 0.3088888888888889 0.098125 0.23777777777777778
0 0.4 0.5205555555555555 0.1225 0.24333333333333335
1 0.554375 0.4483333333333333 0.14125 0.30777777777777776
2 0.123125 0.47055555555555556 0.12875 0.23222222222222222
2 0.253125 0.3211111111111111 0.14875 0.29555555555555557
4 0.7440625 0.22 0.165625 0.2733333333333333
0 0.4677777777777778 0.106875 0.29333333333333333 0.14
1 0.3338888888888889 0.86875 0.31 0.17875
3 0.5672222222222222 0.275 0.21 0.105
0 0.14833333333333334 0.66 0.22111111111111112 0.1325
