4 0.5815625 0.3438888888888889 0.091875 0.21666666666666667
3 0.85 0.14888888888888888 0.1425 0.21555555555555556
0 0.58 0.8690625 0.24 0.154375
0 0.2644444444444444 0.484375 0.2222222222222222 0.14
3 0.5294444444444445 0.1140625 0.15222222222222223 0.095625
3 0.3111111111111111 0.324375 0.29333333333333333 0.16
1 0.6933333333333334 0.6603125 0.19111111111111112 0.119375
3 0.1196875 0.7277777777777777 0.098125 0.21333333333333335
4 0.3734375 0.5627777777777778 0.135625 0.2477777777777778
0 0.8328125 0.5533333333333333 0.113125 0.22
3 0.59125 0.44555555555555554 0.14375 0.3111111111111111
1 0.6 0.785 0.15 0.3322222222222222
3 0.3290625 0.145 0.124375 0.2633333333333333
0 0.095 0.34444444444444444 0.1075 0.21555555555555556
4 0.6571875 0.6966666666666667 0.129375 0.16666666666666666
4 0.4840625 0.5188888888888888 0.150625 0.31333333333333335
4 0.2903125 0.6166666666666667 0.130625 0.2577777777777778
