4 0.386875 0.7383333333333333 0.16125 0.2633333333333333
1 0.1259375 0.3527777777777778 0.116875 0.21222222222222223
3 0.5909375 0.5233333333333333 0.100625 0.1711111111111111
1 0.858125 0.44166666666666665 0.1375 0.18333333333333332
2 0.2265625 0.37222222222222223 0.118125 0.22
0 0.34875 0.5138888888888888 0.1575 0.31666666666666665
0 0.713125 0.2966666666666667 0.10625 0.20666666666666667
2 0.218125 0.24333333333333335 0.15625 0.26222222222222225
2 0.0725 0.7255555555555555 0.12375 0.25333333333333335
4 0.5934375 0.6466666666666666 0.126875 0.2577777777777778
4 0.8515625 0.7122222222222222 0.153125 0.2111111111111111
3 0.2965625 0.4305555555555556 0.131875 0.23666666666666666
1 0.644375 0.57 0.1025 0.2222222222222222
3 0.0984375 0.1338888888888889 0.098125 0.23222222222222222
3 0.4765625 0.2916666666666667 0.129375 0.2544444444444444
3 0.849375 0.13166666666666665 0.1175 0.2633333333333333
2 0.45625 0.6455555555555555 0.11875 0.2822222222222222
4 0.2215625 0.5733333333333334 0.174375 0.34
3 0.5534375 0.4177777777777778 0.113125 0.20444444444444446
1 0.4265625 0.2872222222222222 0.151875 0.3411111111111111
0 0.7246875 0.3811111111111111 0.163125 0.33111111111111113
3 0.1128125 0.7583333333333333 0.109375 0.2877777777777778
0 0.345625 0.21944444444444444 0.155 0.29444444444444445
4 0.8434375 0.295 0.130625 0.26555555555555554
0 0.4540625 0.3711111111111111 0.116875 0.23777777777777778
3 0.701875 0.6588888888888889 0.1025 0.27111111111111114
