0 0.5227777777777778 0.20125 0.17666666666666667 0.1125
0 0.22777777777777777 0.1034375 0.29333333333333333 0.169375
4 0.7344444444444445 0.8503125 0.24444444444444444 0.146875
3 0.3238888888888889 0.4771875 0.31 0.159375
0 0.38166666666666665 0.593125 0.2477777777777778 0.13875
1 0.26125 0.7433333333333333 0.15375 0.2822222222222222
4 0.588125 0.34055555555555556 0.095 0.17444444444444446
3 0.8421875 0.49333333333333335 0.128125 0.30444444444444446
4 0.1384375 0.5661111111111111 0.145625 0.27666666666666667
3 0.31875 0.3605555555555556 0.095 0.2588888888888889
4 0.5884375 0.705 0.129375 0.18777777777777777
2 0.3053125 0.6872222222222222 0.111875 0.17666666666666667
3 0.8684375 0.6088888888888889 0.165625 0.31555555555555553
4 0.1396875 0.29777777777777775 0.136875 0.28
0 0.8490625 0.38 0.148125 0.29555555555555557
1 0.0875 0.7 0.12 0.2088888888888889
3 0.60875 0.43555555555555553 0.14125 0.30666666666666664
3 0.473125 0.30944444444444447 0.11625 0.22777777777777777
0 0.8528125 0.485 0.138125 0.23444444444444446
4 0.101875 0.2 0.11 0.18
1 0.230625 0.6655555555555556 0.1225 0.2511111111111111
4 0.7146875 0.7533333333333333 0.108125 0.25333333333333335
4 0.384375 0.4338888888888889 0.0825 0.22111111111111112
0 0.8475 0.31722222222222224 0.13625 0.18333333333333332
1 0.6940625 0.24833333333333332 0.120625 0.2411111111111111
0 0.2628125 0.5561111111111111 0.129375 0.27
