4 0.59625 0.4061111111111111 0.185 0.2611111111111111
0 0.2890625 0.5194444444444445 0.139375 0.2677777777777778
1 0.4525 0.7794444444444445 0.18125 0.34555555555555556
1 0.7046875 0.5277777777777778 0.196875 0.3377777777777778
4 0.324375 0.7738888888888888 0.16625 0.30333333333333334
1 0.119375 0.34833333333333333 0.12125 0.2411111111111111
1 0.8678125 0.6455555555555555 0.158125 0.3111111111111111
4 0.7477777777777778 0.3365625 0.24 0.146875
4 0.72625 0.4677777777777778 0.13625 0.21777777777777776
3 0.10375 0.765 0.15875 0.27444444444444444
0 0.8634375 0.24555555555555555 0.156875 0.3111111111111111
0 0.624375 0.41888888888888887 0.1675 0.3622222222222222
3 0.359375 0.15055555555555555 0.1325 0.18777777777777777
4 0.671875 0.48055555555555557 0.15 0.23444444444444446
4 0.1284375 0.3433333333333333 0.124375 0.22444444444444445
3 0.849375 0.2511111111111111 0.15 0.30444444444444446
0 0.244375 0.5983333333333334 0.14 0.21222222222222223
4 0.8409375 0.18222222222222223 0.109375 0.21777777777777776
1 0.6990625 0.71 0.131875 0.22444444444444445
3 0.06625 0.29055555555555557 0.08875 0.22555555555555556
