1 0.2428125 0.2544444444444444 0.133125 0.26
0 0.4990625 0.175 0.153125 0.2877777777777778
0 0.1103125 0.6166666666666667 0.114375 0.2311111111111111
4 0.0875 0.7477777777777778 0.1475 0.27111111111111114
3 0.4525 0.5777777777777777 0.105 0.2222222222222222
1 0.659375 0.46 0.1325 0.2777777777777778
0 0.273125 0.15388888888888888 0.1325 0.24555555555555555
1 0.25222222222222224 0.143125 0.24888888888888888 0.14625
3 0.6233333333333333 0.4346875 0.23777777777777778 0.166875
2 0.4261111111111111 0.55125 0.22111111111111112 0.11875
1 0.3377777777777778 0.7009375 0.23333333333333334 0.136875
0 0.21333333333333335 0.66375 0.24444444444444444 0.1575
4 0.1811111111111111 0.8546875 0.2866666666666667 0.164375
4 0.6444444444444445 0.0909375 0.23555555555555555 0.150625
4 0.5611111111111111 0.359375 0.27111111111111114 0.175
4 0.379375 0.5177777777777778 0.10875 0.24444444444444444
3 0.2596875 0.34944444444444445 0.168125 0.3277777777777778
2 0.538125 0.44055555555555553 0.1275 0.29888888888888887
