4 0.33055555555555555 0.8375 0.17222222222222222 0.12375
2 0.5938888888888889 0.648125 0.20555555555555555 0.1125
0 0.5144444444444445 0.5003125 0.29333333333333333 0.183125
4 0.37222222222222223 0.34375 0.26222222222222225 0.1275
1 0.6311111111111111 0.56875 0.2 0.07
1 0.5555555555555556 0.4725 0.24222222222222223 0.13125
3 0.4255555555555556 0.4071875 0.28 0.173125
0 0.7372222222222222 0.5321875 0.21888888888888888 0.120625
0 0.20444444444444446 0.7071875 0.2911111111111111 0.169375
3 0.828125 0.43222222222222223 0.11 0.17555555555555555
1 0.4703125 0.42444444444444446 0.141875 0.3288888888888889
4 0.3634375 0.5716666666666667 0.178125 0.2833333333333333
4 0.2184375 0.7172222222222222 0.136875 0.23444444444444446
0 0.08625 0.19166666666666668 0.12125 0.20333333333333334
4 0.409375 0.22611111111111112 0.13375 0.25222222222222224
4 0.2678125 0.5472222222222223 0.145625 0.27444444444444444
4 0.0971875 0.7483333333333333 0.099375 0.2633333333333333
0 0.546875 0.42777777777777776 0.1125 0.24222222222222223
0 0.41125 0.5127777777777778 0.13 0.2011111111111111
1 0.1071875 0.7105555555555556 0.093125 0.2011111111111111
2 0.2653125 0.4083333333333333 0.124375 0.18777777777777777
2 0.6596875 0.5994444444444444 0.128125 0.23222222222222222
4 0.4646875 0.35944444444444446 0.125625 0.27
1 0.25875 0.47 0.1025 0.2311111111111111
3 0.850625 0.235 0.12125 0.2788888888888889
