0 0.3003125 0.19555555555555557 0.169375 0.29555555555555557
4 0.7025 0.6338888888888888 0.135 0.2477777777777778
3 0.84125 0.4177777777777778 0.1325 0.2777777777777778
0 0.5759375 0.7588888888888888 0.161875 0.2644444444444444
0 0.4215625 0.2738888888888889 0.131875 0.22111111111111112
0 0.5038888888888889 0.8678125 0.2833333333333333 0.163125
0 0.3427777777777778 0.3115625 0.20333333333333334 0.145625
1 0.090625 0.5833333333333334 0.11 0.2
0 0.6696875 0.265 0.143125 0.28555555555555556
3 0.475625 0.5222222222222223 0.13 0.31777777777777777
2 0.874375 0.3427777777777778 0.17625 0.2011111111111111
4 0.7355555555555555 0.3365625 0.21555555555555556 0.105625
4 0.19833333333333333 0.47375 0.18555555555555556 0.12875
3 0.35 0.1115625 0.28 0.158125
1 0.5505555555555556 0.618125 0.2633333333333333 0.16625
3 0.085625 0.185 0.08375 0.21444444444444444
4 0.3075 0.3466666666666667 0.15625 0.27111111111111114
3 0.8590625 0.6377777777777778 0.145625 0.31555555555555553
4 0.4853125 0.4483333333333333 0.140625 0.20555555555555555
0 0.665625 0.7561111111111111 0.13 0.2833333333333333
3 0.48625 0.43277777777777776 0.1725 0.3011111111111111
2 0.0871875 0.7516666666666667 0.120625 0.2788888888888889
4 0.3228125 0.49277777777777776 0.094375 0.25666666666666665
3 0.6946875 0.5483333333333333 0.091875 0.20333333333333334
1 0.8278125 0.27944444444444444 0.104375 0.26555555555555554
4 0.1425 0.5816666666666667 0.16625 0.31
0 0.2725 0.2222222222222222 0.1875 0.3377777777777778
2 0.383125 0.7177777777777777 0.17 0.2088888888888889
