0 0.3975 0.26666666666666666 0.125 0.2688888888888889
2 0.696875 0.6727777777777778 0.13375 0.29
1 0.5559375 0.5727777777777778 0.146875 0.2877777777777778
0 0.8428125 0.3411111111111111 0.129375 0.22
4 0.0875 0.4166666666666667 0.095 0.17333333333333334
0 0.2375 0.7516666666666667 0.1 0.2477777777777778
2 0.4338888888888889 0.885 0.33666666666666667 0.1925
1 0.5422222222222223 0.134375 0.33111111111111113 0.15875
4 0.1388888888888889 0.3971875 0.19333333333333333 0.098125
4 0.6934375 0.3138888888888889 0.178125 0.31444444444444447
4 0.4575 0.42833333333333334 0.07375 0.23222222222222222
4 0.3184375 0.7844444444444445 0.163125 0.3244444444444444
1 0.3684375 0.7133333333333334 0.119375 0.22444444444444445
4 0.5978125 0.44166666666666665 0.111875 0.29444444444444445
0 0.8490625 0.2788888888888889 0.146875 0.27555555555555555
3 0.4671875 0.6077777777777778 0.151875 0.3
0 0.8665625 0.7544444444444445 0.178125 0.29555555555555557
0 0.66 0.4305555555555556 0.15125 0.24333333333333335
0 0.4777777777777778 0.1271875 0.24222222222222223 0.158125
4 0.27 0.88625 0.3377777777777778 0.19375
4 0.3472222222222222 0.688125 0.23666666666666666 0.16875
4 0.4021875 0.7227777777777777 0.134375 0.22333333333333333
1 0.125625 0.5844444444444444 0.1875 0.32666666666666666
2 0.7328125 0.685 0.188125 0.3388888888888889
