0 0.8528125 0.47444444444444445 0.140625 0.29777777777777775
2 0.0828125 0.7272222222222222 0.131875 0.24555555555555555
3 0.455 0.4875 0.21444444444444444 0.13625
0 0.7377777777777778 0.875625 0.25333333333333335 0.17875
4 0.5911111111111111 0.1159375 0.22444444444444445 0.126875
4 0.29777777777777775 0.6884375 0.25333333333333335 0.114375
3 0.7416666666666667 0.53875 0.2677777777777778 0.115
1 0.495 0.395625 0.21222222222222223 0.1275
2 0.20777777777777778 0.86625 0.2911111111111111 0.17
0 0.505 0.4911111111111111 0.18125 0.3377777777777778
1 0.2175 0.14166666666666666 0.09625 0.19444444444444445
2 0.7240625 0.6361111111111111 0.129375 0.2588888888888889
4 0.874375 0.2738888888888889 0.18375 0.27444444444444444
0 0.1440625 0.5877777777777777 0.160625 0.2822222222222222
1 0.3875 0.28555555555555556 0.175 0.33555555555555555
1 0.8246875 0.41944444444444445 0.101875 0.27444444444444444
4 0.594375 0.7316666666666667 0.115 0.2388888888888889
1 0.879375 0.3827777777777778 0.17625 0.27
2 0.379375 0.25055555555555553 0.11625 0.2388888888888889
0 0.07 0.7183333333333334 0.12375 0.2388888888888889
3 0.695 0.5083333333333333 0.12125 0.2877777777777778
3 0.8465625 0.5288888888888889 0.119375 0.18444444444444444
1 0.6071875 0.37444444444444447 0.135625 0.2511111111111111
1 0.120625 0.7727777777777778 0.1525 0.2966666666666667
