3 0.4921875 0.3566666666666667 0.178125 0.28888888888888886
4 0.221875 0.4177777777777778 0.14625 0.22
1 0.875625 0.6727777777777778 0.1825 0.34555555555555556
0 0.0865625 0.24888888888888888 0.129375 0.26666666666666666
1 0.360625 0.1411111111111111 0.17 0.24222222222222223
4 0.7096875 0.5283333333333333 0.105625 0.2477777777777778
0 0.71 0.5166666666666667 0.12875 0.2644444444444444
4 0.5840625 0.285 0.161875 0.25666666666666665
2 0.288125 0.37277777777777776 0.14 0.20555555555555555
3 0.13625 0.15222222222222223 0.12125 0.21777777777777776
4 0.4521875 0.7361111111111112 0.183125 0.2477777777777778
1 0.385 0.6928125 0.33666666666666667 0.185625
0 0.6438888888888888 0.84625 0.31444444444444447 0.13625
4 0.765 0.6071875 0.31666666666666665 0.151875
1 0.45944444444444443 0.3621875 0.2611111111111111 0.164375
4 0.6272222222222222 0.845 0.22777777777777777 0.12375
1 0.3466666666666667 0.4634375 0.22 0.115625
3 0.24444444444444444 0.24125 0.2 0.17375
2 0.5783333333333334 0.4734375 0.20555555555555555 0.128125
0 0.495 0.8646875 0.2922222222222222 0.176875
2 0.3438888888888889 0.6634375 0.24333333333333335 0.141875
0 0.21722222222222223 0.1025 0.24333333333333335 0.11875
3 0.7316666666666667 0.30375 0.2588888888888889 0.155
3 0.834375 0.74 0.11125 0.27555555555555555
2 0.593125 0.2594444444444444 0.145 0.2477777777777778
1 0.095625 0.5583333333333333 0.1825 0.22333333333333333
1 0.3475 0.4583333333333333 0.17 0.33444444444444443
2 0.70125 0.7472222222222222 0.13 0.2633333333333333
3 0.248125 0.6138888888888889 0.1175 0.23444444444444446
