0 0.5655555555555556 0.1446875 0.21555555555555556 0.149375
1 0.32166666666666666 0.5009375 0.33444444444444443 0.155625
4 0.8534375 0.29 0.160625 0.3088888888888889
3 0.521875 0.7377777777777778 0.0925 0.25555555555555554
1 0.45055555555555554 0.6459375 0.3433333333333333 0.203125
4 0.5455555555555556 0.1078125 0.20222222222222222 0.109375
4 0.4321875 0.4577777777777778 0.079375 0.2288888888888889
4 0.058125 0.5872222222222222 0.1025 0.22555555555555556
2 0.6784375 0.39111111111111113 0.186875 0.35777777777777775
4 0.8275 0.18666666666666668 0.09875 0.2111111111111111
3 0.56 0.4290625 0.31555555555555553 0.136875
4 0.23 0.856875 0.23555555555555555 0.14
2 0.30722222222222223 0.58375 0.19666666666666666 0.1625
0 0.8625 0.24333333333333335 0.1425 0.27111111111111114
4 0.594375 0.26555555555555554 0.14 0.2511111111111111
3 0.08375 0.16166666666666665 0.12875 0.23666666666666666
1 0.3365625 0.43166666666666664 0.129375 0.1922222222222222
1 0.2365625 0.5822222222222222 0.181875 0.3
4 0.4740625 0.7877777777777778 0.151875 0.32
