2 0.4716666666666667 0.1475 0.2611111111111111 0.15125
2 0.7805555555555556 0.4959375 0.33 0.145625
2 0.6361111111111111 0.6871875 0.31666666666666665 0.176875
1 0.563125 0.6827777777777778 0.155 0.33
4 0.410625 0.5666666666666667 0.15375 0.30444444444444446
2 0.098125 0.2388888888888889 0.13625 0.27111111111111114
0 0.858125 0.7333333333333333 0.1375 0.2222222222222222
2 0.20555555555555555 0.1440625 0.28 0.199375
1 0.5377777777777778 0.42 0.2822222222222222 0.155
0 0.735 0.859375 0.23222222222222222 0.1375
4 0.4625 0.6411111111111111 0.11125 0.22
4 0.7053125 0.28888888888888886 0.101875 0.22666666666666666
1 0.6140625 0.2222222222222222 0.166875 0.27111111111111114
0 0.2284375 0.7533333333333333 0.138125 0.26666666666666666
0 0.34875 0.7294444444444445 0.09625 0.21444444444444444
3 0.1225 0.19055555555555556 0.125 0.21444444444444444
1 0.6221875 0.6072222222222222 0.161875 0.33
1 0.7025 0.6283333333333333 0.1425 0.2588888888888889
3 0.2446875 0.7155555555555555 0.103125 0.23777777777777778
3 0.1209375 0.2577777777777778 0.146875 0.29555555555555557
4 0.6725 0.7144444444444444 0.0825 0.2
3 0.836875 0.2411111111111111 0.11625 0.27111111111111114
3 0.5284375 0.40944444444444444 0.088125 0.2011111111111111
4 0.1184375 0.62 0.149375 0.21555555555555556
