4 0.865 0.3605555555555556 0.1825 0.32555555555555554
4 0.67125 0.6561111111111111 0.1725 0.3477777777777778
4 0.3434375 0.17166666666666666 0.126875 0.27666666666666667
0 0.1215625 0.3972222222222222 0.185625 0.33444444444444443
3 0.4771875 0.4661111111111111 0.143125 0.27444444444444444
1 0.86125 0.28 0.15625 0.29777777777777775
2 0.8709375 0.4272222222222222 0.161875 0.2722222222222222
0 0.7315625 0.14833333333333334 0.148125 0.2722222222222222
4 0.51 0.5833333333333334 0.1825 0.33111111111111113
0 0.846875 0.7727777777777778 0.14 0.30333333333333334
0 0.1440625 0.4583333333333333 0.166875 0.2833333333333333
2 0.60625 0.64 0.13625 0.24222222222222223
0 0.361875 0.21722222222222223 0.125 0.20777777777777778
3 0.6059375 0.3 0.151875 0.19333333333333333
4 0.84375 0.7088888888888889 0.11125 0.21777777777777776
2 0.285 0.7 0.2677777777777778 0.1425
1 0.12777777777777777 0.4078125 0.18666666666666668 0.136875
2 0.6177777777777778 0.5353125 0.23333333333333334 0.103125
0 0.39 0.123125 0.24444444444444444 0.14625
0 0.485 0.841875 0.2011111111111111 0.13625
0 0.7277777777777777 0.26 0.22 0.13125
4 0.413125 0.7533333333333333 0.135 0.24666666666666667
1 0.8628125 0.6016666666666667 0.158125 0.33444444444444443
3 0.2415625 0.3288888888888889 0.084375 0.18
0 0.136875 0.3111111111111111 0.16625 0.34
