2 0.8315625 0.4261111111111111 0.103125 0.21888888888888888
0 0.2853125 0.26611111111111113 0.151875 0.29
1 0.5634375 0.6772222222222222 0.138125 0.33
3 0.7053125 0.625 0.134375 0.27666666666666667
3 0.8796875 0.7616666666666667 0.181875 0.3188888888888889
0 0.2440625 0.3705555555555556 0.111875 0.22777777777777777
0 0.1028125 0.5011111111111111 0.129375 0.2577777777777778
3 0.598125 0.2916666666666667 0.11875 0.18333333333333332
1 0.4815625 0.6422222222222222 0.123125 0.28444444444444444
0 0.2415625 0.41 0.120625 0.22
2 0.139375 0.5583333333333333 0.15375 0.31666666666666665
0 0.3875 0.26555555555555554 0.17375 0.33111111111111113
1 0.8509375 0.13055555555555556 0.146875 0.2588888888888889
3 0.3809375 0.2361111111111111 0.126875 0.3411111111111111
1 0.554375 0.725 0.17 0.25
4 0.8365625 0.2838888888888889 0.126875 0.22333333333333333
4 0.261875 0.4083333333333333 0.165 0.30777777777777776
2 0.4109375 0.545 0.156875 0.33666666666666667
4 0.844375 0.13555555555555557 0.105 0.24888888888888888
1 0.1 0.24333333333333335 0.1475 0.2222222222222222
2 0.5759375 0.6033333333333334 0.180625 0.2088888888888889
3 0.34875 0.1 0.0825 0.18222222222222223
4 0.72375 0.25 0.1275 0.28
3 0.5834375 0.7711111111111111 0.188125 0.30666666666666664
4 0.1303125 0.24055555555555555 0.141875 0.30333333333333334
1 0.6775 0.5022222222222222 0.09 0.19333333333333333
1 0.848125 0.6372222222222222 0.14375 0.25222222222222224
2 0.408125 0.2966666666666667 0.125 0.20444444444444446
