1 0.133125 0.2238888888888889 0.12125 0.17888888888888888
3 0.4003125 0.7122222222222222 0.179375 0.19333333333333333
0 0.6178125 0.4288888888888889 0.138125 0.2688888888888889
0 0.870625 0.6116666666666667 0.16625 0.31444444444444447
2 0.86625 0.6783333333333333 0.16125 0.3011111111111111
1 0.468125 0.31666666666666665 0.1225 0.30666666666666664
2 0.3846875 0.1288888888888889 0.143125 0.23777777777777778
3 0.854375 0.28444444444444444 0.12625 0.15555555555555556
1 0.156875 0.6683333333333333 0.1625 0.3411111111111111
0 0.3090625 0.7438888888888889 0.118125 0.2411111111111111
1 0.4971875 0.7555555555555555 0.154375 0.3088888888888889
4 0.856875 0.25277777777777777 0.165 0.3522222222222222
4 0.37 0.15777777777777777 0.13125 0.23555555555555555
2 0.84125 0.5183333333333333 0.11 0.21222222222222223
3 0.1521875 0.7222222222222222 0.176875 0.24666666666666667
