4 0.833125 0.7222222222222222 0.11875 0.2311111111111111
3 0.201875 0.5505555555555556 0.125 0.23
2 0.4715625 0.4172222222222222 0.156875 0.3055555555555556
4 0.071875 0.6588888888888889 0.1175 0.27555555555555555
3 0.3525 0.3161111111111111 0.1725 0.27444444444444444
4 0.56875 0.4711111111111111 0.0975 0.24222222222222223
4 0.5828125 0.31444444444444447 0.119375 0.19777777777777777
2 0.7040625 0.41333333333333333 0.113125 0.19111111111111112
4 0.826875 0.73 0.10875 0.2088888888888889
3 0.069375 0.15888888888888889 0.13125 0.27111111111111114
3 0.3634375 0.7188888888888889 0.090625 0.2222222222222222
3 0.2228125 0.4716666666666667 0.124375 0.19666666666666666
3 0.6928125 0.5766666666666667 0.120625 0.17333333333333334
4 0.5466666666666666 0.618125 0.26666666666666666 0.15125
2 0.7211111111111111 0.1309375 0.21555555555555556 0.130625
1 0.18 0.8796875 0.3333333333333333 0.196875
4 0.2234375 0.6133333333333333 0.096875 0.18
4 0.61 0.3488888888888889 0.1425 0.33111111111111113
4 0.3709375 0.275 0.149375 0.3522222222222222
4 0.1246875 0.5683333333333334 0.140625 0.2588888888888889
3 0.8209375 0.6972222222222222 0.079375 0.17666666666666667
4 0.714375 0.3616666666666667 0.10875 0.18555555555555556
3 0.125 0.4777777777777778 0.09125 0.19555555555555557
1 0.731875 0.42 0.1675 0.31333333333333335
1 0.4396875 0.31277777777777777 0.151875 0.3322222222222222
3 0.5233333333333333 0.366875 0.16666666666666666 0.115
