3 0.8496875 0.5366666666666666 0.151875 0.21555555555555556
4 0.4834375 0.47944444444444445 0.149375 0.2677777777777778
3 0.71 0.365 0.11625 0.20555555555555555
2 0.3503125 0.23055555555555557 0.126875 0.2677777777777778
1 0.5878125 0.6438888888888888 0.115625 0.2633333333333333
2 0.1171875 0.7177777777777777 0.146875 0.24444444444444444
4 0.1128125 0.385 0.114375 0.25
0 0.6334375 0.77 0.178125 0.3488888888888889
0 0.3615625 0.5355555555555556 0.123125 0.21555555555555556
4 0.8565625 0.735 0.135625 0.24555555555555555
3 0.3840625 0.21222222222222223 0.066875 0.18888888888888888
4 0.600625 0.1461111111111111 0.11125 0.2388888888888889
2 0.40125 0.7427777777777778 0.18875 0.23444444444444446
2 0.710625 0.7694444444444445 0.165 0.31444444444444447
4 0.1078125 0.5488888888888889 0.164375 0.3288888888888889
0 0.3965625 0.2777777777777778 0.139375 0.24222222222222223
3 0.2340625 0.6527777777777778 0.115625 0.31
4 0.848125 0.4027777777777778 0.13875 0.26555555555555554
3 0.57 0.1215625 0.2311111111111111 0.175625
0 0.24166666666666667 0.3578125 0.2011111111111111 0.145625
1 0.6438888888888888 0.8428125 0.21444444444444444 0.123125
0 0.37 0.2240625 0.31555555555555553 0.151875
1 0.4222222222222222 0.3521875 0.2577777777777778 0.154375
