3 0.6559375 0.6222222222222222 0.114375 0.26666666666666666
4 0.12625 0.23055555555555557 0.10125 0.20333333333333334
4 0.315625 0.6894444444444444 0.13125 0.16111111111111112
0 0.490625 0.39611111111111114 0.1325 0.29444444444444445
0 0.6590625 0.7205555555555555 0.144375 0.19666666666666666
1 0.8465625 0.48055555555555557 0.143125 0.2722222222222222
0 0.8403125 0.25722222222222224 0.120625 0.23
3 0.08125 0.4572222222222222 0.1075 0.16555555555555557
3 0.4003125 0.625 0.115625 0.20555555555555555
3 0.1046875 0.7216666666666667 0.099375 0.1922222222222222
4 0.2703125 0.5016666666666667 0.136875 0.25222222222222224
1 0.3875 0.27 0.08 0.2288888888888889
0 0.55375 0.7116666666666667 0.12 0.23222222222222222
4 0.1109375 0.405 0.095625 0.27
4 0.22375 0.6277777777777778 0.08375 0.18
0 0.4971875 0.5894444444444444 0.153125 0.2811111111111111
0 0.7128125 0.4494444444444444 0.160625 0.3011111111111111
0 0.41875 0.7744444444444445 0.15875 0.3422222222222222
4 0.8278125 0.6138888888888889 0.096875 0.22555555555555556
