4 0.825625 0.22666666666666666 0.10375 0.2311111111111111
4 0.615625 0.405 0.15375 0.24555555555555555
0 0.13625 0.5927777777777777 0.13375 0.2788888888888889
0 0.530625 0.2427777777777778 0.1075 0.20777777777777778
0 0.718125 0.6822222222222222 0.185 0.33111111111111113
4 0.836875 0.7422222222222222 0.12375 0.26
0 0.2359375 0.5411111111111111 0.114375 0.23777777777777778
4 0.3690625 0.175 0.133125 0.28555555555555556
0 0.116875 0.3522222222222222 0.1175 0.24444444444444444
3 0.5455555555555556 0.4575 0.2222222222222222 0.105
4 0.685 0.1065625 0.3188888888888889 0.138125
1 0.7411111111111112 0.7196875 0.24666666666666667 0.139375
0 0.20055555555555554 0.2196875 0.2611111111111111 0.119375
0 0.39 0.3625 0.27555555555555555 0.16
3 0.8684375 0.7766666666666666 0.171875 0.3022222222222222
0 0.58875 0.5727777777777778 0.12625 0.2966666666666667
0 0.3475 0.3566666666666667 0.15625 0.26666666666666666
3 0.7311111111111112 0.3571875 0.25555555555555554 0.164375
1 0.15 0.6128125 0.22444444444444445 0.171875
4 0.4690625 0.13777777777777778 0.141875 0.2311111111111111
0 0.060625 0.6016666666666667 0.1075 0.25222222222222224
