3 0.4855555555555556 0.2946875 0.26 0.129375
0 0.7083333333333334 0.84125 0.21 0.1125
4 0.23666666666666666 0.683125 0.25555555555555554 0.16625
0 0.5071875 0.24833333333333332 0.164375 0.2611111111111111
0 0.6721875 0.6361111111111111 0.128125 0.2833333333333333
4 0.2675 0.31333333333333335 0.13625 0.28888888888888886
2 0.1028125 0.17666666666666667 0.188125 0.30666666666666664
4 0.458125 0.43555555555555553 0.135 0.24222222222222223
0 0.2578125 0.4861111111111111 0.173125 0.3433333333333333
4 0.538125 0.5294444444444445 0.115 0.23444444444444446
2 0.8653125 0.6183333333333333 0.149375 0.21666666666666667
2 0.0984375 0.24166666666666667 0.163125 0.24333333333333335
3 0.7134375 0.7583333333333333 0.155625 0.3011111111111111
3 0.3790625 0.3383333333333333 0.105625 0.24333333333333335
4 0.6359375 0.5944444444444444 0.106875 0.2777777777777778
3 0.063125 0.14222222222222222 0.105 0.2088888888888889
1 0.260625 0.7211111111111111 0.11875 0.2511111111111111
1 0.453125 0.3016666666666667 0.1225 0.25
3 0.586875 0.39111111111111113 0.08625 0.20666666666666667
1 0.3721875 0.27555555555555555 0.138125 0.30666666666666664
0 0.1509375 0.7611111111111111 0.176875 0.28
1 0.2721875 0.34444444444444444 0.129375 0.2822222222222222
4 0.86375 0.5833333333333334 0.16 0.19333333333333333
4 0.08375 0.7411111111111112 0.13625 0.22444444444444445
4 0.6734375 0.495 0.164375 0.29888888888888887
