4 0.8796875 0.43666666666666665 0.176875 0.28
2 0.1390625 0.24166666666666667 0.173125 0.3188888888888889
1 0.074375 0.55 0.1425 0.22444444444444445
0 0.8446875 0.41555555555555557 0.133125 0.30666666666666664
2 0.5528125 0.35833333333333334 0.116875 0.19444444444444445
1 0.421875 0.495 0.1375 0.2388888888888889
1 0.845 0.6211111111111111 0.13625 0.26222222222222225
0 0.7034375 0.28888888888888886 0.135625 0.28444444444444444
0 0.1490625 0.7661111111111111 0.156875 0.3233333333333333
3 0.3321875 0.14333333333333334 0.108125 0.16666666666666666
2 0.581875 0.5416666666666666 0.09875 0.21222222222222223
4 0.8496875 0.32611111111111113 0.153125 0.31666666666666665
3 0.833125 0.22833333333333333 0.1025 0.19
1 0.6584375 0.6144444444444445 0.125625 0.24666666666666667
0 0.58875 0.5666666666666667 0.2 0.32222222222222224
3 0.4053125 0.4266666666666667 0.130625 0.2577777777777778
