2 0.3884375 0.485 0.134375 0.22111111111111112
3 0.51 0.7338888888888889 0.075 0.23444444444444446
0 0.07875 0.6038888888888889 0.12 0.21666666666666667
0 0.675 0.7705555555555555 0.1725 0.3233333333333333
3 0.26375 0.38 0.105 0.24444444444444444
3 0.2096875 0.22722222222222221 0.150625 0.23444444444444446
2 0.43375 0.5611111111111111 0.075 0.2311111111111111
1 0.315 0.7238888888888889 0.09875 0.21888888888888888
3 0.875625 0.33555555555555555 0.1725 0.28444444444444444
1 0.8415625 0.7377777777777778 0.118125 0.24
1 0.31666666666666665 0.669375 0.22444444444444445 0.165
2 0.19944444444444445 0.48375 0.2677777777777778 0.17375
1 0.7577777777777778 0.860625 0.2733333333333333 0.16625
1 0.10125 0.7588888888888888 0.1325 0.28
2 0.2484375 0.6055555555555555 0.125625 0.21555555555555556
1 0.853125 0.10166666666666667 0.125 0.17
0 0.57125 0.3638888888888889 0.16625 0.21444444444444444
3 0.64375 0.49777777777777776 0.11375 0.23777777777777778
3 0.460625 0.2827777777777778 0.12875 0.29888888888888887
3 0.2740625 0.77 0.136875 0.2911111111111111
