4 0.7284375 0.38555555555555554 0.124375 0.2866666666666667
0 0.1453125 0.2761111111111111 0.131875 0.25666666666666665
0 0.275625 0.7983333333333333 0.15875 0.35444444444444445
2 0.4940625 0.4666666666666667 0.125625 0.26
2 0.85 0.6483333333333333 0.1325 0.24555555555555555
4 0.6034375 0.22277777777777777 0.140625 0.31666666666666665
4 0.84125 0.73 0.12125 0.26
1 0.1009375 0.5494444444444444 0.123125 0.25666666666666665
1 0.8540625 0.21666666666666667 0.136875 0.24222222222222223
0 0.105625 0.5672222222222222 0.1675 0.31
3 0.7025 0.7277777777777777 0.14 0.20666666666666667
4 0.2334375 0.6483333333333333 0.118125 0.2611111111111111
1 0.5396875 0.4166666666666667 0.119375 0.22
3 0.4796875 0.41555555555555557 0.145625 0.34444444444444444
3 0.11125 0.47 0.14 0.27555555555555555
0 0.84 0.5438888888888889 0.135 0.2477777777777778
4 0.3553125 0.17166666666666666 0.140625 0.20777777777777778
4 0.600625 0.3061111111111111 0.14375 0.3011111111111111
1 0.2215625 0.6405555555555555 0.116875 0.26555555555555554
2 0.745625 0.5088888888888888 0.17375 0.3288888888888889
1 0.8775 0.6677777777777778 0.18125 0.3111111111111111
4 0.325 0.21833333333333332 0.1 0.25
0 0.0996875 0.32666666666666666 0.160625 0.3
0 0.41 0.5072222222222222 0.16875 0.25
0 0.53875 0.605 0.12625 0.21888888888888888
4 0.086875 0.37222222222222223 0.12375 0.20666666666666667
3 0.26666666666666666 0.265 0.22444444444444445 0.1375
3 0.47888888888888886 0.845 0.2 0.1375
3 0.7377777777777778 0.113125 0.26666666666666666 0.1225
