3 0.4961111111111111 0.854375 0.24333333333333335 0.15875
4 0.7133333333333334 0.47625 0.18 0.13125
3 0.21833333333333332 0.6628125 0.18333333333333332 0.140625
4 0.35388888888888886 0.289375 0.20777777777777778 0.1225
4 0.6633333333333333 0.1265625 0.3288888888888889 0.160625
4 0.293125 0.6466666666666666 0.15375 0.3022222222222222
0 0.139375 0.385 0.1275 0.21888888888888888
4 0.7215625 0.5344444444444445 0.166875 0.29777777777777775
1 0.436875 0.7338888888888889 0.16 0.25666666666666665
1 0.585625 0.20722222222222222 0.17625 0.30333333333333334
3 0.40944444444444444 0.8775 0.26555555555555554 0.1875
4 0.7366666666666667 0.604375 0.21555555555555556 0.12375
1 0.7072222222222222 0.3884375 0.33444444444444443 0.174375
0 0.35055555555555556 0.149375 0.3233333333333333 0.1775
4 0.6561111111111111 0.3459375 0.2788888888888889 0.164375
1 0.4111111111111111 0.4540625 0.19111111111111112 0.118125
4 0.7144444444444444 0.0578125 0.19333333333333333 0.111875
3 0.33166666666666667 0.213125 0.23222222222222222 0.16125
4 0.138125 0.275 0.14375 0.28555555555555556
1 0.3625 0.3972222222222222 0.12125 0.2011111111111111
2 0.868125 0.7744444444444445 0.1875 0.29555555555555557
1 0.21 0.2471875 0.29777777777777775 0.136875
4 0.6555555555555556 0.3646875 0.25555555555555554 0.126875
1 0.2833333333333333 0.135625 0.2577777777777778 0.1575
1 0.7405555555555555 0.615625 0.2388888888888889 0.14
1 0.8259375 0.18 0.106875 0.23777777777777778
2 0.2584375 0.31277777777777777 0.111875 0.21888888888888888
4 0.4721875 0.61 0.159375 0.24444444444444444
