3 0.471875 0.47888888888888886 0.12 0.14666666666666667
3 0.8540625 0.7405555555555555 0.130625 0.27
4 0.7246875 0.125 0.123125 0.23666666666666666
1 0.354375 0.20444444444444446 0.13625 0.19777777777777777
4 0.5953125 0.32666666666666666 0.115625 0.24222222222222223
0 0.42388888888888887 0.689375 0.23 0.12875
4 0.3466666666666667 0.5521875 0.28 0.160625
0 0.22055555555555556 0.2209375 0.23 0.110625
3 0.32055555555555554 0.8378125 0.18777777777777777 0.118125
0 0.5455555555555556 0.543125 0.23555555555555555 0.125
0 0.7588888888888888 0.700625 0.26 0.1425
4 0.6533333333333333 0.2646875 0.2511111111111111 0.163125
1 0.44333333333333336 0.3853125 0.23333333333333334 0.106875
4 0.7328125 0.7327777777777778 0.169375 0.23
1 0.463125 0.5127777777777778 0.1475 0.28555555555555556
1 0.3015625 0.3883333333333333 0.083125 0.20333333333333334
4 0.7361111111111112 0.8709375 0.23 0.159375
2 0.44722222222222224 0.4828125 0.34555555555555556 0.143125
1 0.2561111111111111 0.7159375 0.13666666666666666 0.103125
4 0.45944444444444443 0.2140625 0.19666666666666666 0.113125
4 0.7178125 0.6611111111111111 0.170625 0.28888888888888886
1 0.2315625 0.42777777777777776 0.128125 0.21777777777777776
1 0.0896875 0.3711111111111111 0.154375 0.3022222222222222
4 0.5425 0.225 0.13 0.20777777777777778
1 0.8553125 0.7655555555555555 0.135625 0.29777777777777775
3 0.391875 0.5488888888888889 0.13875 0.26222222222222225
3 0.46 0.055625 0.18666666666666668 0.0875
3 0.28444444444444444 0.2165625 0.18222222222222223 0.153125
