3 0.6809375 0.5283333333333333 0.098125 0.21888888888888888
4 0.564375 0.7933333333333333 0.175 0.34444444444444444
0 0.2421875 0.365 0.150625 0.2966666666666667
0 0.644375 0.2777777777777778 0.1 0.23777777777777778
2 0.32125 0.6 0.16625 0.2777777777777778
2 0.500625 0.15777777777777777 0.16875 0.3
0 0.858125 0.7461111111111111 0.145 0.23666666666666666
0 0.7196875 0.49777777777777776 0.128125 0.2511111111111111
1 0.4821875 0.7138888888888889 0.173125 0.3433333333333333
0 0.596875 0.26666666666666666 0.1425 0.29777777777777775
2 0.0946875 0.5972222222222222 0.178125 0.2788888888888889
1 0.335625 0.2538888888888889 0.13625 0.24333333333333335
1 0.084375 0.5961111111111111 0.155 0.2922222222222222
1 0.3883333333333333 0.1146875 0.31222222222222223 0.198125
1 0.6266666666666667 0.66375 0.30444444444444446 0.1525
0 0.22611111111111112 0.4653125 0.23 0.136875
0 0.38375 0.7444444444444445 0.1925 0.2866666666666667
3 0.23125 0.4066666666666667 0.08875 0.24
2 0.4175 0.19666666666666666 0.15875 0.2733333333333333
4 0.5734375 0.7883333333333333 0.168125 0.3188888888888889
