4 0.2103125 0.505 0.108125 0.25222222222222224
0 0.538125 0.26944444444444443 0.14125 0.22777777777777777
0 0.6775 0.6961111111111111 0.10875 0.18555555555555556
4 0.0790625 0.6516666666666666 0.156875 0.3211111111111111
0 0.6940625 0.36833333333333335 0.119375 0.20777777777777778
0 0.838125 0.7411111111111112 0.12125 0.28
4 0.261875 0.605 0.11 0.23222222222222222
2 0.5953125 0.3938888888888889 0.129375 0.2388888888888889
1 0.4821875 0.4922222222222222 0.159375 0.2733333333333333
3 0.1865625 0.6155555555555555 0.080625 0.19555555555555557
1 0.32625 0.32166666666666666 0.10375 0.25666666666666665
1 0.86125 0.6138888888888889 0.14875 0.35444444444444445
0 0.3221875 0.195 0.149375 0.25
3 0.6475 0.45 0.095 0.2222222222222222
4 0.1203125 0.31277777777777777 0.098125 0.21666666666666667
0 0.7061111111111111 0.5853125 0.20777777777777778 0.124375
2 0.20277777777777778 0.0871875 0.19444444444444445 0.130625
3 0.1325 0.4166666666666667 0.1425 0.29333333333333333
1 0.619375 0.23666666666666666 0.15625 0.26666666666666666
4 0.8353125 0.5488888888888889 0.106875 0.2222222222222222
0 0.3878125 0.7627777777777778 0.173125 0.31444444444444447
4 0.5166666666666667 0.2784375 0.23555555555555555 0.124375
3 0.22555555555555556 0.5928125 0.3088888888888889 0.191875
2 0.3233333333333333 0.715 0.2866666666666667 0.15625
0 0.6622222222222223 0.850625 0.3088888888888889 0.14625
