4 0.0940625 0.6983333333333334 0.100625 0.18777777777777777
2 0.8628125 0.22611111111111112 0.141875 0.25666666666666665
3 0.3515625 0.5544444444444444 0.116875 0.23777777777777778
4 0.7088888888888889 0.59 0.21777777777777776 0.13375
0 0.3638888888888889 0.725625 0.3055555555555556 0.1525
0 0.6488888888888888 0.1009375 0.29333333333333333 0.168125
4 0.44 0.2096875 0.26222222222222225 0.133125
0 0.2838888888888889 0.6559375 0.2633333333333333 0.113125
0 0.565 0.1340625 0.21222222222222223 0.141875
3 0.27375 0.2611111111111111 0.13625 0.2911111111111111
3 0.118125 0.6955555555555556 0.1075 0.2
0 0.1903125 0.47444444444444445 0.120625 0.2222222222222222
4 0.70625 0.6761111111111111 0.1175 0.2788888888888889
0 0.4665625 0.43555555555555553 0.155625 0.31777777777777777
4 0.3084375 0.23277777777777778 0.098125 0.2588888888888889
3 0.841875 0.7444444444444445 0.12625 0.25555555555555554
1 0.2890625 0.6033333333333334 0.156875 0.24888888888888888
0 0.081875 0.2972222222222222 0.12 0.18777777777777777
2 0.4575 0.16111111111111112 0.115 0.18888888888888888
4 0.45222222222222225 0.4496875 0.21777777777777776 0.119375
2 0.6627777777777778 0.7125 0.27444444444444444 0.13
4 0.2061111111111111 0.098125 0.2722222222222222 0.19
3 0.55 0.2178125 0.2311111111111111 0.171875
1 0.2761111111111111 0.585 0.23 0.1325
