4 0.2921875 0.7138888888888889 0.110625 0.16777777777777778
1 0.4865625 0.1827777777777778 0.135625 0.25222222222222224
0 0.1421875 0.49722222222222223 0.173125 0.30777777777777776
4 0.5488888888888889 0.313125 0.20444444444444446 0.10125
0 0.7377777777777778 0.5996875 0.27111111111111114 0.156875
4 0.441875 0.6655555555555556 0.18 0.32666666666666666
2 0.2953125 0.2727777777777778 0.178125 0.22111111111111112
4 0.8615625 0.7505555555555555 0.145625 0.27
0 0.445625 0.2833333333333333 0.10875 0.22444444444444445
4 0.6490625 0.4533333333333333 0.129375 0.26666666666666666
0 0.8315625 0.35055555555555556 0.103125 0.21444444444444444
4 0.5828125 0.39555555555555555 0.104375 0.23555555555555555
4 0.7883333333333333 0.129375 0.31666666666666665 0.14375
0 0.5433333333333333 0.6009375 0.2 0.129375
0 0.47055555555555556 0.3728125 0.2388888888888889 0.151875
1 0.6488888888888888 0.7175 0.22444444444444445 0.1225
