0 0.6921875 0.5116666666666667 0.074375 0.17666666666666667
0 0.2140625 0.6461111111111111 0.091875 0.2677777777777778
0 0.483125 0.30777777777777776 0.1425 0.3
3 0.8340625 0.21722222222222223 0.114375 0.29444444444444445
4 0.1471875 0.735 0.200625 0.2677777777777778
0 0.3725 0.4027777777777778 0.165 0.31222222222222223
0 0.51875 0.3977777777777778 0.08625 0.23555555555555555
4 0.0721875 0.27055555555555555 0.108125 0.21
1 0.7153125 0.7755555555555556 0.174375 0.30666666666666664
0 0.2353125 0.6488888888888888 0.129375 0.2822222222222222
0 0.38166666666666665 0.1471875 0.29888888888888887 0.179375
4 0.5094444444444445 0.505625 0.3011111111111111 0.1625
4 0.725 0.8640625 0.22333333333333333 0.145625
4 0.875 0.7794444444444445 0.18875 0.3211111111111111
0 0.38 0.16444444444444445 0.14625 0.24
0 0.2478125 0.63 0.119375 0.21555555555555556
0 0.6140625 0.40166666666666667 0.140625 0.3322222222222222
3 0.72625 0.5755555555555556 0.12875 0.29777777777777775
0 0.0928125 0.795 0.178125 0.3433333333333333
4 0.7184375 0.455 0.126875 0.2477777777777778
1 0.605 0.5755555555555556 0.16 0.29333333333333333
0 0.3933333333333333 0.2821875 0.25333333333333335 0.188125
0 0.7088888888888889 0.100625 0.20444444444444446 0.125
4 0.19722222222222222 0.878125 0.31444444444444447 0.17875
1 0.52 0.73125 0.28 0.18625
4 0.4953125 0.26166666666666666 0.144375 0.2544444444444444
4 0.1278125 0.7538888888888889 0.135625 0.2544444444444444
0 0.8725 0.6216666666666667 0.17125 0.23666666666666666
3 0.2946875 0.3761111111111111 0.106875 0.2388888888888889
