3 0.3503125 0.5222222222222223 0.096875 0.2311111111111111
1 0.739375 0.7744444444444445 0.155 0.3422222222222222
2 0.1484375 0.265 0.173125 0.30333333333333334
4 0.2503125 0.425 0.136875 0.23222222222222222
4 0.07875 0.6188888888888889 0.13125 0.28444444444444444
3 0.4578125 0.7366666666666667 0.114375 0.24444444444444444
4 0.7165625 0.5366666666666666 0.126875 0.23555555555555555
0 0.611875 0.7955555555555556 0.16375 0.3377777777777778
4 0.2253125 0.33444444444444443 0.128125 0.24444444444444444
3 0.5475 0.24833333333333332 0.11625 0.23444444444444446
0 0.121875 0.6038888888888889 0.15 0.23222222222222222
2 0.6046875 0.35388888888888886 0.111875 0.19444444444444445
4 0.8378125 0.6961111111111111 0.103125 0.16777777777777778
3 0.8515625 0.5833333333333334 0.125625 0.26
0 0.158125 0.1438888888888889 0.19375 0.2611111111111111
1 0.66 0.6983333333333334 0.10625 0.19666666666666666
0 0.3115625 0.43944444444444447 0.136875 0.26555555555555554
3 0.14875 0.47944444444444445 0.17125 0.32555555555555554
0 0.3234375 0.1761111111111111 0.164375 0.2833333333333333
0 0.8353125 0.32222222222222224 0.118125 0.29333333333333333
