4 0.0753125 0.6216666666666667 0.144375 0.2833333333333333
1 0.8759375 0.7527777777777778 0.179375 0.31222222222222223
0 0.2671875 0.49722222222222223 0.136875 0.26555555555555554
4 0.65 0.24055555555555555 0.12 0.21444444444444444
0 0.8740625 0.4027777777777778 0.179375 0.3433333333333333
2 0.825625 0.25333333333333335 0.08375 0.24666666666666667
0 0.6765625 0.7627777777777778 0.149375 0.2722222222222222
4 0.113125 0.14833333333333334 0.1525 0.2677777777777778
0 0.46125 0.43277777777777776 0.1125 0.2477777777777778
1 0.5684375 0.6611111111111111 0.188125 0.30444444444444446
4 0.2646875 0.5327777777777778 0.186875 0.2633333333333333
3 0.8365625 0.43222222222222223 0.116875 0.2777777777777778
2 0.1446875 0.37166666666666665 0.135625 0.2544444444444444
4 0.5322222222222223 0.38375 0.2288888888888889 0.13875
4 0.3466666666666667 0.1759375 0.24888888888888888 0.194375
3 0.12111111111111111 0.86125 0.18888888888888888 0.14875
