0 0.7627777777777778 0.8784375 0.2922222222222222 0.183125
2 0.44166666666666665 0.1190625 0.2411111111111111 0.136875
4 0.30444444444444446 0.509375 0.26222222222222225 0.18125
0 0.6027777777777777 0.32375 0.2677777777777778 0.17875
4 0.27166666666666667 0.3275 0.23222222222222222 0.13
4 0.5705555555555556 0.5884375 0.2966666666666667 0.141875
3 0.6377777777777778 0.08 0.25333333333333335 0.145
1 0.7288888888888889 0.455 0.2577777777777778 0.13
2 0.5116666666666667 0.873125 0.3566666666666667 0.20125
1 0.3983333333333333 0.218125 0.30777777777777776 0.16625
0 0.7115625 0.6261111111111111 0.145625 0.2477777777777778
4 0.8603125 0.42333333333333334 0.158125 0.31333333333333335
1 0.4225 0.2594444444444444 0.13625 0.22111111111111112
3 0.264375 0.7088888888888889 0.105 0.17777777777777778
1 0.136875 0.6038888888888889 0.1375 0.21
3 0.6978125 0.18833333333333332 0.123125 0.17888888888888888
0 0.828125 0.7116666666666667 0.09875 0.22333333333333333
4 0.4028125 0.41944444444444445 0.101875 0.2411111111111111
4 0.5478125 0.5144444444444445 0.106875 0.2311111111111111
1 0.2733333333333333 0.678125 0.2222222222222222 0.14125
3 0.56125 0.7655555555555555 0.16 0.2866666666666667
4 0.096875 0.37333333333333335 0.1175 0.19111111111111112
4 0.6990625 0.6105555555555555 0.139375 0.20777777777777778
3 0.3765625 0.27166666666666667 0.085625 0.21666666666666667
2 0.3472222222222222 0.8615625 0.28555555555555556 0.151875
4 0.6038888888888889 0.70375 0.19 0.09375
2 0.5283333333333333 0.5778125 0.2411111111111111 0.099375
4 0.3877777777777778 0.4615625 0.1622222222222222 0.124375
1 0.7166666666666667 0.103125 0.2111111111111111 0.18
4 0.2288888888888889 0.2184375 0.2511111111111111 0.153125
