1 0.845625 0.28555555555555556 0.14125 0.29777777777777775
0 0.458125 0.7333333333333333 0.11875 0.23333333333333334
4 0.343125 0.4483333333333333 0.13875 0.2388888888888889
4 0.7184375 0.3527777777777778 0.138125 0.2411111111111111
4 0.583125 0.5522222222222222 0.1175 0.25555555555555554
3 0.8359375 0.21833333333333332 0.124375 0.18777777777777777
2 0.3590625 0.5672222222222222 0.136875 0.25222222222222224
0 0.3927777777777778 0.07625 0.23 0.12875
3 0.5033333333333333 0.40125 0.20666666666666667 0.13375
2 0.3427777777777778 0.6975 0.3211111111111111 0.14125
1 0.8396875 0.6555555555555556 0.131875 0.27555555555555555
2 0.0596875 0.7816666666666666 0.099375 0.3055555555555556
2 0.5525 0.21444444444444444 0.16875 0.27555555555555555
3 0.1738888888888889 0.8609375 0.2833333333333333 0.146875
1 0.456875 0.5122222222222222 0.135 0.2777777777777778
4 0.2678125 0.6372222222222222 0.145625 0.2722222222222222
4 0.8528125 0.26055555555555554 0.148125 0.28555555555555556
3 0.0675 0.7294444444444445 0.13375 0.2011111111111111
