4 0.8634375 0.7344444444444445 0.144375 0.25333333333333335
1 0.389375 0.44055555555555553 0.115 0.2544444444444444
2 0.1190625 0.6766666666666666 0.185625 0.33555555555555555
0 0.30277777777777776 0.6790625 0.2588888888888889 0.176875
1 0.8490625 0.6744444444444444 0.129375 0.2688888888888889
4 0.25 0.19111111111111112 0.11875 0.15777777777777777
4 0.7325 0.3972222222222222 0.13375 0.22777777777777777
1 0.5015625 0.6127777777777778 0.146875 0.31666666666666665
1 0.1265625 0.5366666666666666 0.120625 0.21777777777777776
4 0.7228125 0.7288888888888889 0.131875 0.24666666666666667
1 0.2378125 0.17944444444444443 0.106875 0.21444444444444444
0 0.8196875 0.27 0.089375 0.21777777777777776
3 0.4721875 0.45611111111111113 0.103125 0.23444444444444446
4 0.57625 0.11611111111111111 0.10125 0.20555555555555555
1 0.29375 0.6827777777777778 0.115 0.1388888888888889
0 0.12125 0.37833333333333335 0.14 0.2588888888888889
4 0.86875 0.6316666666666667 0.155 0.2811111111111111
3 0.476875 0.22611111111111112 0.11125 0.19666666666666666
1 0.13875 0.18222222222222223 0.12875 0.24888888888888888
4 0.33875 0.4938888888888889 0.17375 0.30777777777777776
0 0.5103125 0.7561111111111111 0.161875 0.26555555555555554
4 0.6834375 0.34444444444444444 0.153125 0.2911111111111111
