0 0.1315625 0.3516666666666667 0.121875 0.23666666666666666
3 0.5625 0.5138888888888888 0.12625 0.17
2 0.278125 0.45222222222222225 0.13 0.24222222222222223
4 0.405625 0.7516666666666667 0.09875 0.2544444444444444
0 0.7705555555555555 0.500625 0.2811111111111111 0.17125
2 0.5355555555555556 0.644375 0.31333333333333335 0.0975
0 0.4709375 0.15833333333333333 0.099375 0.21
0 0.3546875 0.52 0.104375 0.2
1 0.236875 0.35833333333333334 0.105 0.24333333333333335
4 0.12625 0.43777777777777777 0.12 0.22
0 0.7346875 0.6644444444444444 0.154375 0.30666666666666664
0 0.8315625 0.7138888888888889 0.110625 0.22111111111111112
3 0.3025 0.2127777777777778 0.16625 0.2722222222222222
4 0.8515625 0.6055555555555555 0.140625 0.2644444444444444
0 0.1053125 0.4766666666666667 0.145625 0.27111111111111114
0 0.135625 0.14166666666666666 0.12875 0.2588888888888889
4 0.8378125 0.2816666666666667 0.119375 0.23666666666666666
0 0.3315625 0.6166666666666667 0.168125 0.3022222222222222
3 0.6503125 0.7211111111111111 0.098125 0.2088888888888889
4 0.5115625 0.4866666666666667 0.174375 0.34444444444444444
0 0.705625 0.40444444444444444 0.11625 0.2222222222222222
1 0.579375 0.3438888888888889 0.14875 0.31
0 0.0890625 0.6477777777777778 0.119375 0.2866666666666667
3 0.383125 0.4061111111111111 0.1025 0.27666666666666667
3 0.250625 0.7383333333333333 0.14 0.23
4 0.5334375 0.4866666666666667 0.100625 0.20222222222222222
4 0.676875 0.13666666666666666 0.085 0.2111111111111111
