3 0.6061111111111112 0.2940625 0.21444444444444444 0.111875
3 0.7316666666666667 0.6721875 0.21666666666666667 0.150625
3 0.5022222222222222 0.4934375 0.25555555555555554 0.151875
0 0.14625 0.5916666666666667 0.16875 0.2588888888888889
1 0.8396875 0.4533333333333333 0.120625 0.2644444444444444
0 0.504375 0.73 0.1675 0.25333333333333335
3 0.2990625 0.2861111111111111 0.115625 0.21222222222222223
0 0.673125 0.6183333333333333 0.15 0.28555555555555556
4 0.11 0.2388888888888889 0.105 0.2644444444444444
0 0.486875 0.39 0.1375 0.32222222222222224
1 0.8428125 0.6977777777777778 0.128125 0.19777777777777777
4 0.460625 0.3138888888888889 0.12125 0.16777777777777778
0 0.2959375 0.2688888888888889 0.165625 0.32222222222222224
1 0.4871875 0.7772222222222223 0.166875 0.31
0 0.8509375 0.3711111111111111 0.148125 0.30666666666666664
1 0.21 0.46166666666666667 0.11 0.16333333333333333
1 0.719375 0.2688888888888889 0.13375 0.26222222222222225
4 0.3521875 0.43277777777777776 0.160625 0.32555555555555554
1 0.6009375 0.55 0.150625 0.20444444444444446
1 0.5040625 0.5177777777777778 0.189375 0.3088888888888889
1 0.21 0.3827777777777778 0.10125 0.2011111111111111
1 0.74125 0.5833333333333334 0.16375 0.28
0 0.333125 0.31055555555555553 0.0975 0.21888888888888888
4 0.1015625 0.24888888888888888 0.133125 0.25555555555555554
