1 0.55375 0.6294444444444445 0.12125 0.2477777777777778
1 0.2671875 0.2783333333333333 0.135625 0.2388888888888889
0 0.84875 0.5261111111111111 0.12375 0.2722222222222222
1 0.4203125 0.14666666666666667 0.148125 0.20666666666666667
4 0.689375 0.38055555555555554 0.09875 0.21222222222222223
3 0.841875 0.6227777777777778 0.10125 0.21
3 0.625625 0.46166666666666667 0.18625 0.2811111111111111
3 0.6971875 0.1272222222222222 0.070625 0.2011111111111111
3 0.1053125 0.7705555555555555 0.179375 0.30777777777777776
0 0.4690625 0.35388888888888886 0.131875 0.2611111111111111
1 0.491875 0.5188888888888888 0.14 0.31555555555555553
4 0.6678125 0.26722222222222225 0.140625 0.31
3 0.1546875 0.6055555555555555 0.168125 0.24
3 0.1203125 0.54 0.118125 0.20444444444444446
2 0.8521875 0.3688888888888889 0.138125 0.2088888888888889
2 0.59375 0.17277777777777778 0.13 0.2788888888888889
1 0.848125 0.32611111111111113 0.115 0.20555555555555555
0 0.06625 0.7322222222222222 0.1225 0.25333333333333335
3 0.3121875 0.5366666666666666 0.090625 0.24444444444444444
2 0.5822222222222222 0.2878125 0.19333333333333333 0.129375
3 0.3461111111111111 0.08625 0.20555555555555555 0.10125
4 0.481875 0.18666666666666668 0.12 0.26666666666666666
3 0.261875 0.42944444444444446 0.1675 0.20777777777777778
3 0.7246875 0.31777777777777777 0.119375 0.16666666666666666
2 0.3575 0.6761111111111111 0.115 0.15666666666666668
0 0.6178125 0.6644444444444444 0.149375 0.31555555555555553
