4 0.3628125 0.33055555555555555 0.149375 0.24333333333333335
2 0.1165625 0.15166666666666667 0.158125 0.2811111111111111
1 0.8378125 0.5194444444444445 0.096875 0.22555555555555556
1 0.3784375 0.34833333333333333 0.128125 0.26555555555555554
0 0.2528125 0.7422222222222222 0.115625 0.2288888888888889
2 0.1575 0.5038888888888889 0.16375 0.2477777777777778
4 0.7559375 0.4538888888888889 0.166875 0.31222222222222223
4 0.4003125 0.30777777777777776 0.094375 0.23777777777777778
4 0.264375 0.6077777777777778 0.105 0.18666666666666668
2 0.5471875 0.5211111111111111 0.129375 0.2111111111111111
0 0.1025 0.37333333333333335 0.1575 0.29333333333333333
3 0.685 0.25277777777777777 0.09875 0.2411111111111111
4 0.378125 0.7116666666666667 0.0975 0.21444444444444444
1 0.600625 0.7144444444444444 0.1075 0.22
1 0.2465625 0.4488888888888889 0.140625 0.25555555555555554
4 0.3475 0.3061111111111111 0.08375 0.18555555555555556
1 0.74875 0.4338888888888889 0.1625 0.28555555555555556
2 0.8465625 0.4888888888888889 0.115625 0.23777777777777778
4 0.2496875 0.2561111111111111 0.129375 0.2411111111111111
1 0.16555555555555557 0.08875 0.22666666666666666 0.1125
1 0.4438888888888889 0.224375 0.21888888888888888 0.13125
0 0.5438888888888889 0.48375 0.23222222222222222 0.145
0 0.2627777777777778 0.864375 0.23444444444444446 0.1475
4 0.7272222222222222 0.34875 0.22111111111111112 0.1275
4 0.844375 0.715 0.12125 0.21888888888888888
3 0.12625 0.4722222222222222 0.11375 0.2222222222222222
0 0.309375 0.35388888888888886 0.12375 0.23
3 0.6640625 0.23277777777777778 0.118125 0.23222222222222222
