4 0.4196875 0.41833333333333333 0.129375 0.2877777777777778
0 0.55125 0.74 0.115 0.22444444444444445
0 0.68875 0.2761111111111111 0.11125 0.2388888888888889
0 0.379375 0.43333333333333335 0.15625 0.2822222222222222
4 0.13875 0.28833333333333333 0.155 0.30333333333333334
2 0.8425 0.4361111111111111 0.11 0.2411111111111111
2 0.27375 0.14166666666666666 0.15375 0.2722222222222222
2 0.6571875 0.6116666666666667 0.133125 0.2811111111111111
4 0.091875 0.29444444444444445 0.11375 0.24444444444444444
1 0.484375 0.15166666666666667 0.1475 0.2633333333333333
4 0.87 0.7805555555555556 0.16625 0.3011111111111111
3 0.0990625 0.5166666666666667 0.120625 0.26
1 0.2540625 0.3277777777777778 0.133125 0.32666666666666666
4 0.3025 0.7283333333333334 0.14 0.21444444444444444
1 0.4921875 0.505 0.153125 0.2477777777777778
1 0.86125 0.29944444444444446 0.15875 0.31666666666666665
4 0.660625 0.5938888888888889 0.12375 0.18555555555555556
1 0.1165625 0.3861111111111111 0.133125 0.25
1 0.38 0.6394444444444445 0.16 0.35
4 0.8715625 0.4255555555555556 0.173125 0.25333333333333335
