0 0.7365625 0.36777777777777776 0.149375 0.3088888888888889
4 0.0865625 0.27 0.139375 0.26666666666666666
1 0.4725 0.5022222222222222 0.1375 0.27111111111111114
4 0.60375 0.74 0.14125 0.2866666666666667
1 0.064375 0.4938888888888889 0.11375 0.16555555555555557
0 0.8590625 0.35833333333333334 0.165625 0.29888888888888887
3 0.3121875 0.12111111111111111 0.096875 0.2288888888888889
1 0.621875 0.4772222222222222 0.075 0.23666666666666666
0 0.46375 0.36833333333333335 0.14125 0.27666666666666667
2 0.861875 0.5738888888888889 0.1625 0.33
1 0.709375 0.205 0.11625 0.20333333333333334
4 0.0621875 0.10555555555555556 0.109375 0.20666666666666667
0 0.205625 0.7538888888888889 0.13875 0.2811111111111111
4 0.45125 0.43 0.115 0.24444444444444444
2 0.46625 0.6255555555555555 0.1125 0.20222222222222222
2 0.7490625 0.5872222222222222 0.180625 0.2922222222222222
4 0.6090625 0.7355555555555555 0.149375 0.25333333333333335
4 0.21 0.5116666666666667 0.0975 0.30777777777777776
2 0.8715625 0.32611111111111113 0.176875 0.27
4 0.3615625 0.24222222222222223 0.151875 0.2688888888888889
4 0.344375 0.2644444444444444 0.17 0.2577777777777778
3 0.21625 0.5355555555555556 0.17 0.23333333333333334
3 0.475 0.7494444444444445 0.17375 0.2833333333333333
3 0.82375 0.1738888888888889 0.10125 0.26555555555555554
4 0.70625 0.6344444444444445 0.12375 0.24222222222222223
0 0.060625 0.32611111111111113 0.115 0.1922222222222222
4 0.2725 0.13555555555555557 0.14 0.25333333333333335
4 0.54625 0.25555555555555554 0.105 0.24666666666666667
4 0.8534375 0.48777777777777775 0.135625 0.21333333333333335
4 0.4384375 0.675 0.180625 0.3388888888888889
1 0.6996875 0.3522222222222222 0.120625 0.19111111111111112
