3 0.3655555555555556 0.3921875 0.20666666666666667 0.186875
1 0.7422222222222222 0.836875 0.26 0.1
1 0.5372222222222223 0.60375 0.2011111111111111 0.1225
4 0.2427777777777778 0.1403125 0.31 0.170625
4 0.7559375 0.5888888888888889 0.183125 0.2911111111111111
3 0.344375 0.7638888888888888 0.11375 0.2788888888888889
3 0.23333333333333334 0.215625 0.26222222222222225 0.1575
4 0.13333333333333333 0.469375 0.26666666666666666 0.155
0 0.4033333333333333 0.7096875 0.19111111111111112 0.125625
3 0.5665625 0.4027777777777778 0.168125 0.25222222222222224
1 0.2453125 0.24944444444444444 0.115625 0.16777777777777778
1 0.393125 0.5211111111111111 0.11625 0.2688888888888889
3 0.6915625 0.6277777777777778 0.123125 0.26
4 0.35944444444444446 0.853125 0.21666666666666667 0.12875
3 0.5638888888888889 0.369375 0.27 0.19125
4 0.30277777777777776 0.705625 0.25 0.14125
4 0.6122222222222222 0.0675 0.2111111111111111 0.12
4 0.4116666666666667 0.5490625 0.2477777777777778 0.141875
1 0.8653125 0.2538888888888889 0.149375 0.3188888888888889
1 0.6146875 0.5072222222222222 0.173125 0.3211111111111111
2 0.46375 0.29333333333333333 0.13375 0.2311111111111111
1 0.7246875 0.6172222222222222 0.130625 0.20555555555555555
0 0.195625 0.7183333333333334 0.1225 0.2388888888888889
