0 0.4171875 0.3788888888888889 0.144375 0.3
1 0.835625 0.43833333333333335 0.09 0.22333333333333333
2 0.675625 0.10611111111111111 0.09375 0.17444444444444446
3 0.2590625 0.71 0.164375 0.21333333333333335
0 0.855 0.6022222222222222 0.15 0.23333333333333334
2 0.0971875 0.45111111111111113 0.141875 0.16444444444444445
0 0.385 0.23833333333333334 0.115 0.20555555555555555
3 0.2821875 0.5822222222222222 0.084375 0.22444444444444445
0 0.485625 0.7388888888888889 0.12625 0.23555555555555555
4 0.07375 0.2872222222222222 0.14625 0.2677777777777778
1 0.6978125 0.6272222222222222 0.139375 0.2411111111111111
4 0.845625 0.7461111111111111 0.12 0.24333333333333335
4 0.0903125 0.6272222222222222 0.136875 0.22777777777777777
0 0.8853125 0.29333333333333333 0.195625 0.3244444444444444
1 0.2709375 0.7716666666666666 0.181875 0.31222222222222223
4 0.114375 0.6661111111111111 0.17125 0.2966666666666667
0 0.866875 0.7694444444444445 0.18 0.3411111111111111
4 0.2571875 0.31777777777777777 0.110625 0.20444444444444446
