4 0.8584375 0.36833333333333335 0.145625 0.29444444444444445
4 0.615625 0.1711111111111111 0.17375 0.28444444444444444
0 0.3284375 0.5044444444444445 0.113125 0.18222222222222223
3 0.4009375 0.5288888888888889 0.109375 0.22
4 0.1065625 0.31666666666666665 0.099375 0.21333333333333335
1 0.3496875 0.3938888888888889 0.169375 0.32555555555555554
4 0.0990625 0.7661111111111111 0.186875 0.29888888888888887
3 0.62625 0.6372222222222222 0.15625 0.22555555555555556
1 0.7421875 0.35833333333333334 0.153125 0.2877777777777778
3 0.4846875 0.7316666666666667 0.106875 0.20777777777777778
1 0.3728125 0.4477777777777778 0.118125 0.26
0 0.4796875 0.455 0.134375 0.26555555555555554
0 0.3659375 0.16444444444444445 0.150625 0.23333333333333334
1 0.8559375 0.75 0.154375 0.30444444444444446
0 0.25125 0.6561111111111111 0.165 0.3011111111111111
4 0.72375 0.365 0.135 0.2677777777777778
4 0.8496875 0.35944444444444446 0.124375 0.23
3 0.424375 0.14166666666666666 0.1375 0.27666666666666667
4 0.56125 0.725 0.12375 0.23444444444444446
3 0.1303125 0.24722222222222223 0.124375 0.2477777777777778
4 0.2796875 0.5994444444444444 0.135625 0.22555555555555556
4 0.3034375 0.6972222222222222 0.120625 0.16555555555555557
3 0.8459375 0.5794444444444444 0.135625 0.22555555555555556
