0 0.7511111111111111 0.1484375 0.26 0.165625
4 0.15777777777777777 0.6675 0.16666666666666666 0.14375
0 0.85875 0.2838888888888889 0.15 0.2966666666666667
2 0.0803125 0.5772222222222222 0.136875 0.23444444444444446
2 0.231875 0.21388888888888888 0.14625 0.27444444444444444
0 0.0925 0.5272222222222223 0.18 0.2611111111111111
2 0.6090625 0.7533333333333333 0.165625 0.29333333333333333
2 0.0915625 0.12666666666666668 0.136875 0.2511111111111111
1 0.8515625 0.5633333333333334 0.146875 0.31777777777777777
4 0.8709375 0.7677777777777778 0.178125 0.3088888888888889
4 0.0884375 0.13777777777777778 0.114375 0.19333333333333333
4 0.3671875 0.5522222222222222 0.171875 0.26
3 0.610625 0.3972222222222222 0.15875 0.3322222222222222
0 0.31222222222222223 0.2865625 0.2088888888888889 0.125625
2 0.4638888888888889 0.67125 0.25 0.145
0 0.5978125 0.7416666666666667 0.129375 0.24333333333333335
0 0.243125 0.6805555555555556 0.16625 0.31
4 0.8434375 0.3688888888888889 0.123125 0.2511111111111111
4 0.34375 0.16555555555555557 0.11875 0.22
0 0.4725 0.47444444444444445 0.1275 0.2733333333333333
