3 0.32555555555555554 0.7021875 0.24888888888888888 0.089375
2 0.6994444444444444 0.8834375 0.3211111111111111 0.190625
1 0.425 0.330625 0.2788888888888889 0.1275
3 0.2238888888888889 0.60375 0.21222222222222223 0.1525
3 0.3516666666666667 0.3821875 0.23666666666666666 0.148125
4 0.725 0.84875 0.2388888888888889 0.13375
0 0.5572222222222222 0.614375 0.27666666666666667 0.13875
0 0.1140625 0.7416666666666667 0.110625 0.2388888888888889
2 0.58375 0.2544444444444444 0.095 0.2644444444444444
1 0.3671875 0.5444444444444444 0.139375 0.17777777777777778
0 0.35555555555555557 0.6553125 0.2311111111111111 0.128125
2 0.6294444444444445 0.4775 0.2588888888888889 0.15625
4 0.5077777777777778 0.8634375 0.27555555555555555 0.159375
4 0.7805555555555556 0.2740625 0.3011111111111111 0.133125
1 0.685625 0.6311111111111111 0.0875 0.22444444444444445
4 0.5634375 0.43833333333333335 0.140625 0.2722222222222222
1 0.281875 0.5594444444444444 0.1725 0.29888888888888887
4 0.1090625 0.31666666666666665 0.124375 0.24666666666666667
4 0.4025 0.7316666666666667 0.11625 0.20777777777777778
3 0.58625 0.7055555555555556 0.08625 0.21333333333333335
4 0.3665625 0.38333333333333336 0.140625 0.26222222222222225
0 0.1046875 0.18055555555555555 0.109375 0.20333333333333334
4 0.850625 0.5416666666666666 0.12125 0.23222222222222222
1 0.5266666666666666 0.505 0.28888888888888886 0.16375
1 0.5805555555555556 0.25625 0.23444444444444446 0.13875
3 0.7366666666666667 0.5859375 0.22444444444444445 0.089375
