0 0.29375 0.21833333333333332 0.13875 0.2677777777777778
2 0.8446875 0.4677777777777778 0.138125 0.24444444444444444
4 0.6665625 0.6072222222222222 0.149375 0.2611111111111111
2 0.4796875 0.5227777777777778 0.155625 0.3233333333333333
4 0.8459375 0.2361111111111111 0.124375 0.25666666666666665
4 0.0984375 0.7488888888888889 0.155625 0.26666666666666666
3 0.5925 0.21333333333333335 0.12625 0.2822222222222222
0 0.3390625 0.35944444444444446 0.109375 0.22111111111111112
1 0.125 0.5405555555555556 0.17125 0.23
3 0.7294444444444445 0.2809375 0.25 0.143125
4 0.4444444444444444 0.6553125 0.2288888888888889 0.123125
4 0.5583333333333333 0.07125 0.18333333333333332 0.1075
3 0.574375 0.5677777777777778 0.11375 0.22666666666666666
4 0.3084375 0.24055555555555555 0.095625 0.20777777777777778
0 0.8521875 0.49277777777777776 0.120625 0.23666666666666666
3 0.1215625 0.6155555555555555 0.100625 0.23555555555555555
2 0.505 0.2594444444444444 0.1475 0.2633333333333333
1 0.343125 0.4261111111111111 0.18375 0.35
0 0.8671875 0.7788888888888889 0.171875 0.3244444444444444
2 0.080625 0.20833333333333334 0.1225 0.23444444444444446
