3 0.0990625 0.5594444444444444 0.144375 0.21444444444444444
4 0.593125 0.7388888888888889 0.115 0.22
4 0.44625 0.19277777777777777 0.0875 0.2722222222222222
3 0.6859375 0.3138888888888889 0.181875 0.23222222222222222
2 0.2728125 0.6138888888888889 0.126875 0.26555555555555554
2 0.6311111111111111 0.095 0.28 0.1475
0 0.3827777777777778 0.41375 0.2633333333333333 0.18
0 0.2688888888888889 0.2784375 0.21555555555555556 0.129375
2 0.3861111111111111 0.6546875 0.15888888888888889 0.131875
1 0.7 0.8459375 0.20666666666666667 0.138125
1 0.7065625 0.6766666666666666 0.149375 0.29777777777777775
3 0.8446875 0.4772222222222222 0.136875 0.30333333333333334
4 0.301875 0.6511111111111111 0.17 0.28888888888888886
3 0.8328125 0.15833333333333333 0.116875 0.24555555555555555
3 0.20666666666666667 0.8478125 0.1622222222222222 0.118125
4 0.4011111111111111 0.144375 0.2288888888888889 0.15625
