2 0.3540625 0.35944444444444446 0.144375 0.3011111111111111
2 0.210625 0.2838888888888889 0.1125 0.31222222222222223
2 0.614375 0.5772222222222222 0.155 0.24333333333333335
4 0.4596875 0.40444444444444444 0.100625 0.22666666666666666
0 0.7127777777777777 0.5840625 0.21666666666666667 0.103125
1 0.2815625 0.3016666666666667 0.139375 0.2722222222222222
4 0.85375 0.43833333333333335 0.1525 0.3233333333333333
0 0.5565625 0.18055555555555555 0.124375 0.25222222222222224
4 0.61 0.666875 0.24666666666666667 0.14
4 0.36 0.4765625 0.2577777777777778 0.145625
0 0.21666666666666667 0.0859375 0.22444444444444445 0.136875
0 0.299375 0.6683333333333333 0.1725 0.30777777777777776
1 0.4259375 0.7833333333333333 0.145625 0.33111111111111113
3 0.12 0.44333333333333336 0.09375 0.27111111111111114
2 0.82625 0.19277777777777777 0.10625 0.18333333333333332
0 0.5784375 0.3511111111111111 0.170625 0.29333333333333333
3 0.1184375 0.3638888888888889 0.158125 0.2588888888888889
0 0.8740625 0.21777777777777776 0.166875 0.33111111111111113
4 0.5990625 0.5644444444444444 0.118125 0.29555555555555557
3 0.3675 0.7144444444444444 0.15625 0.2288888888888889
3 0.450625 0.16833333333333333 0.1125 0.2722222222222222
