0 0.3015625 0.77 0.155625 0.3022222222222222
2 0.115625 0.32944444444444443 0.16 0.29888888888888887
1 0.8559375 0.1461111111111111 0.135625 0.22333333333333333
3 0.49 0.46166666666666667 0.15625 0.27
2 0.83125 0.43722222222222223 0.09875 0.22555555555555556
3 0.1003125 0.11666666666666667 0.083125 0.1688888888888889
1 0.659375 0.7455555555555555 0.1175 0.2577777777777778
0 0.4784375 0.2916666666666667 0.116875 0.22777777777777777
4 0.7003125 0.6105555555555555 0.135625 0.25
1 0.22 0.14333333333333334 0.10875 0.21777777777777776
2 0.41625 0.5283333333333333 0.19 0.31222222222222223
1 0.049375 0.35 0.07875 0.18
1 0.5759375 0.3038888888888889 0.198125 0.31444444444444447
0 0.615625 0.6016666666666667 0.1575 0.3188888888888889
1 0.856875 0.40444444444444444 0.1425 0.25555555555555554
4 0.356875 0.7283333333333334 0.1375 0.2388888888888889
4 0.76125 0.48444444444444446 0.18875 0.3333333333333333
0 0.62375 0.66 0.15875 0.29333333333333333
3 0.105 0.30944444444444447 0.10125 0.17888888888888888
0 0.4975 0.5438888888888889 0.15125 0.25666666666666665
0 0.7261111111111112 0.8640625 0.22111111111111112 0.144375
1 0.2738888888888889 0.1325 0.20333333333333334 0.13125
4 0.30375 0.69 0.1225 0.15333333333333332
3 0.5109375 0.5016666666666667 0.181875 0.31666666666666665
2 0.649375 0.1811111111111111 0.105 0.21555555555555556
4 0.13625 0.34055555555555556 0.14125 0.26555555555555554
