3 0.553125 0.48444444444444446 0.1325 0.24222222222222223
1 0.8484375 0.6038888888888889 0.123125 0.24555555555555555
0 0.0978125 0.12333333333333334 0.120625 0.2222222222222222
2 0.259375 0.3983333333333333 0.145 0.30333333333333334
4 0.3578125 0.18611111111111112 0.143125 0.2877777777777778
4 0.4828125 0.7455555555555555 0.143125 0.27111111111111114
3 0.2290625 0.3605555555555556 0.135625 0.2588888888888889
0 0.61375 0.6616666666666666 0.155 0.29444444444444445
0 0.5683333333333334 0.8521875 0.1922222222222222 0.145625
4 0.12333333333333334 0.479375 0.23777777777777778 0.14375
2 0.1209375 0.7616666666666667 0.159375 0.29888888888888887
0 0.3540625 0.5555555555555556 0.138125 0.2311111111111111
0 0.095625 0.7555555555555555 0.14375 0.2511111111111111
4 0.3534375 0.6011111111111112 0.150625 0.3022222222222222
0 0.6240625 0.41555555555555557 0.183125 0.2911111111111111
1 0.835625 0.22444444444444445 0.0975 0.26666666666666666
3 0.099375 0.22722222222222221 0.1225 0.22777777777777777
4 0.618125 0.7477777777777778 0.18 0.2644444444444444
0 0.731875 0.6983333333333334 0.1625 0.33444444444444443
4 0.3428125 0.30722222222222223 0.119375 0.22111111111111112
0 0.8453125 0.47888888888888886 0.144375 0.2288888888888889
