2 0.279375 0.42277777777777775 0.12625 0.22333333333333333
4 0.833125 0.7116666666666667 0.10375 0.21444444444444444
4 0.654375 0.6172222222222222 0.12375 0.3188888888888889
1 0.4715625 0.3061111111111111 0.134375 0.2833333333333333
1 0.3 0.711875 0.2511111111111111 0.15125
1 0.4172222222222222 0.159375 0.2588888888888889 0.18125
1 0.6155555555555555 0.56 0.20222222222222222 0.13125
3 0.1921875 0.6238888888888889 0.096875 0.20555555555555555
3 0.84875 0.46944444444444444 0.14375 0.2788888888888889
2 0.7284375 0.3983333333333333 0.156875 0.3277777777777778
0 0.336875 0.4961111111111111 0.16 0.33
4 0.4859375 0.7394444444444445 0.124375 0.2411111111111111
3 0.6084375 0.565 0.125625 0.3011111111111111
0 0.5994444444444444 0.6075 0.2011111111111111 0.1325
4 0.19777777777777777 0.8459375 0.18666666666666668 0.125625
3 0.15 0.1309375 0.2866666666666667 0.146875
2 0.40055555555555555 0.725 0.19666666666666666 0.12625
2 0.455 0.44555555555555554 0.11375 0.24444444444444444
3 0.0775 0.28888888888888886 0.11 0.2088888888888889
1 0.2496875 0.17222222222222222 0.079375 0.25333333333333335
0 0.835625 0.5894444444444444 0.1225 0.2544444444444444
