2 0.73625 0.7005555555555556 0.1475 0.18555555555555556
2 0.2415625 0.5144444444444445 0.148125 0.30444444444444446
3 0.4865625 0.6472222222222223 0.143125 0.24333333333333335
0 0.8565625 0.5866666666666667 0.140625 0.28444444444444444
3 0.355 0.2638888888888889 0.1275 0.2922222222222222
0 0.47833333333333333 0.2515625 0.28555555555555556 0.166875
4 0.145 0.3275 0.1811111111111111 0.07375
3 0.6044444444444445 0.475625 0.1622222222222222 0.12625
2 0.6046875 0.22611111111111112 0.144375 0.2877777777777778
3 0.316875 0.7055555555555556 0.08125 0.21333333333333335
4 0.864375 0.5427777777777778 0.15125 0.23222222222222222
0 0.226875 0.15055555555555555 0.125 0.18777777777777777
4 0.8484375 0.42277777777777775 0.138125 0.28555555555555556
1 0.093125 0.7938888888888889 0.16375 0.35444444444444445
0 0.6566666666666666 0.733125 0.29333333333333333 0.135
3 0.7238888888888889 0.5215625 0.22555555555555556 0.186875
4 0.5477777777777778 0.63625 0.2777777777777778 0.17875
4 0.22166666666666668 0.8540625 0.23222222222222222 0.138125
1 0.14277777777777778 0.3975 0.27666666666666667 0.1775
4 0.4116666666666667 0.25875 0.20777777777777778 0.1375
4 0.6116666666666667 0.5553125 0.1922222222222222 0.116875
4 0.5361111111111111 0.290625 0.26555555555555554 0.17
1 0.37555555555555553 0.415 0.1711111111111111 0.1275
4 0.5077777777777778 0.5409375 0.19777777777777777 0.118125
3 0.28944444444444445 0.8471875 0.19 0.118125
