1 0.346875 0.24666666666666667 0.14125 0.3022222222222222
1 0.57875 0.46 0.10625 0.22
0 0.193125 0.37222222222222223 0.08375 0.21333333333333335
3 0.4628125 0.31222222222222223 0.123125 0.2644444444444444
3 0.084375 0.7627777777777778 0.115 0.31444444444444447
2 0.7184375 0.7283333333333334 0.114375 0.22777777777777777
2 0.3371875 0.22777777777777777 0.123125 0.2222222222222222
4 0.41125 0.12833333333333333 0.13125 0.21888888888888888
4 0.099375 0.5105555555555555 0.09625 0.27444444444444444
0 0.7234375 0.2688888888888889 0.166875 0.2644444444444444
3 0.558125 0.7316666666666667 0.13125 0.24333333333333335
4 0.8634375 0.6161111111111112 0.151875 0.25
0 0.1096875 0.5838888888888889 0.153125 0.27444444444444444
4 0.855625 0.23777777777777778 0.15125 0.24
4 0.366875 0.7527777777777778 0.17 0.2811111111111111
3 0.594375 0.3811111111111111 0.1275 0.19777777777777777
3 0.473125 0.3011111111111111 0.11625 0.29555555555555557
4 0.706875 0.715 0.0875 0.21666666666666667
0 0.121875 0.48055555555555557 0.15875 0.2922222222222222
4 0.618125 0.3933333333333333 0.15875 0.29777777777777775
3 0.2453125 0.65 0.158125 0.2688888888888889
3 0.6840625 0.245 0.159375 0.2588888888888889
4 0.3221875 0.47444444444444445 0.148125 0.2311111111111111
1 0.1503125 0.3561111111111111 0.160625 0.2388888888888889
1 0.10875 0.595 0.1225 0.20333333333333334
0 0.6675 0.7511111111111111 0.1475 0.24888888888888888
0 0.3121875 0.3466666666666667 0.165625 0.24
