4 0.46055555555555555 0.65625 0.19444444444444445 0.095
4 0.6161111111111112 0.495625 0.2611111111111111 0.13125
3 0.7833333333333333 0.8634375 0.3488888888888889 0.151875
0 0.3859375 0.26944444444444443 0.139375 0.22555555555555556
3 0.2171875 0.17333333333333334 0.106875 0.25555555555555554
2 0.585 0.5083333333333333 0.12125 0.3011111111111111
0 0.089375 0.2577777777777778 0.1725 0.31555555555555553
3 0.2021875 0.3055555555555556 0.138125 0.24
3 0.344375 0.6727777777777778 0.16125 0.28555555555555556
3 0.728125 0.42777777777777776 0.14625 0.3111111111111111
4 0.741875 0.68 0.1525 0.2911111111111111
4 0.47625 0.4583333333333333 0.09375 0.17666666666666667
0 0.8396875 0.39222222222222225 0.110625 0.2088888888888889
0 0.365625 0.76 0.10875 0.28444444444444444
2 0.631875 0.29888888888888887 0.16875 0.3511111111111111
0 0.139375 0.5538888888888889 0.12875 0.20333333333333334
2 0.34055555555555556 0.59875 0.2411111111111111 0.13
2 0.7411111111111112 0.12 0.22444444444444445 0.15125
4 0.12222222222222222 0.8359375 0.21333333333333335 0.114375
1 0.8453125 0.4011111111111111 0.126875 0.2644444444444444
0 0.1634375 0.5594444444444444 0.193125 0.3433333333333333
3 0.4096875 0.095 0.114375 0.12777777777777777
1 0.569375 0.28444444444444444 0.1475 0.2688888888888889
0 0.72875 0.8027777777777778 0.18 0.35444444444444445
1 0.6259375 0.34555555555555556 0.160625 0.28444444444444444
4 0.1221875 0.48277777777777775 0.121875 0.24333333333333335
4 0.3975 0.6738888888888889 0.18875 0.31
3 0.2328125 0.5366666666666666 0.101875 0.19333333333333333
