4 0.5061111111111111 0.605625 0.16111111111111112 0.12125
4 0.30277777777777776 0.1546875 0.31222222222222223 0.154375
4 0.6294444444444445 0.488125 0.22333333333333333 0.12
4 0.3638888888888889 0.8625 0.2477777777777778 0.16625
1 0.649375 0.7188888888888889 0.1275 0.2111111111111111
3 0.065625 0.37722222222222224 0.11875 0.2966666666666667
4 0.3334375 0.5138888888888888 0.109375 0.21
4 0.0678125 0.3288888888888889 0.085625 0.21333333333333335
0 0.878125 0.7627777777777778 0.18375 0.3322222222222222
4 0.84125 0.32222222222222224 0.11375 0.19333333333333333

3 0.30444444444444446 0.38 0.24444444444444444 0.12375
7777
0 0.11 0.6072222222222222 0.1375 0.2611111111111111
2 0.3065625 0.7188888888888889 0.159375 0.2311111111111111
4 0.3340625 0.11444444444444445 0.104375 0.18888888888888888
4 0.126875 0.2911111111111111 0.155 0.2688888888888889
0 0.48875 0.4083333333333333 0.14625 0.3211111111111111
3 0.7415625 0.18666666666666668 0.163125 0.24222222222222223
