0 0.86125 0.17666666666666667 0.1425 0.29777777777777775
4 0.36 0.7444444444444445 0.13375 0.28888888888888886
4 0.7772222222222223 0.2646875 0.29444444444444445 0.158125
0 0.6894444444444444 0.390625 0.30777777777777776 0.16875
4 0.43777777777777777 0.603125 0.18222222222222223 0.1125
0 0.835 0.44666666666666666 0.125 0.21777777777777776
0 0.116875 0.6161111111111112 0.12875 0.19666666666666666
4 0.7134375 0.7183333333333334 0.121875 0.21888888888888888
4 0.5896875 0.36333333333333334 0.114375 0.2311111111111111
3 0.3578125 0.5411111111111111 0.130625 0.22666666666666666
3 0.84 0.43222222222222223 0.1125 0.21555555555555556
0 0.7071875 0.24 0.134375 0.28
.126875 0.21333333333333335
2 0.4771875 0.5322222222222223 0.126875 0.2288888888888889
3 0.4078125 0.4172222222222222 0.120625 0.22111111111111112
1 0.1146875 0.7316666666666667 0.140625 0.25222222222222224
1 0.1278125 0.3572222222222222 0.144375 0.30777777777777776
2 0.229375 0.3638888888888889 0.12375 0.26555555555555554
3 0.58 0.6333333333333333 0.08625 0.24444444444444444
0 0.0928125 0.2761111111111111 0.130625 0.21222222222222223
4 0.378125 0.3827777777777778 0.10125 0.20555555555555555
1 0.8425 0.16555555555555557 0.10375 0.2311111111111111
1 0.321875 0.3572222222222222 0.115 0.24555555555555555
