0 0.8765625 0.7638888888888888 0.175625 0.29
3 0.45625 0.5172222222222222 0.10375 0.3477777777777778
0 0.3403125 0.7438888888888889 0.129375 0.23
2 0.5790625 0.4088888888888889 0.106875 0.2222222222222222
1 0.0909375 0.22333333333333333 0.129375 0.18
4 0.7305555555555555 0.67125 0.2611111111111111 0.15
1 0.15222222222222223 0.4959375 0.19777777777777777 0.186875
3 0.22125 0.7722222222222223 0.16125 0.31555555555555553
2 0.565 0.4222222222222222 0.1675 0.2911111111111111
2 0.616875 0.5722222222222222 0.17375 0.24888888888888888
2 0.5025 0.2866666666666667 0.205 0.34
4 0.321875 0.6333333333333333 0.1025 0.20444444444444446
4 0.860625 0.425 0.1425 0.28555555555555556
4 0.74375 0.35833333333333334 0.16875 0.3188888888888889
0 0.7246875 0.46944444444444444 0.130625 0.2411111111111111
2 0.3440625 0.22166666666666668 0.120625 0.3011111111111111
4 0.46125 0.7733333333333333 0.105 0.29333333333333333
1 0.0790625 0.3638888888888889 0.091875 0.21666666666666667
3 0.8528125 0.28444444444444444 0.135625 0.24222222222222223
3 0.6034375 0.2561111111111111 0.143125 0.32555555555555554
1 0.8575 0.7033333333333334 0.13875 0.17333333333333334
