0 0.6122222222222222 0.1403125 0.24666666666666667 0.165625
1 0.37166666666666665 0.6803125 0.23222222222222222 0.155625
3 0.2594444444444444 0.4784375 0.2388888888888889 0.115625
0 0.47555555555555556 0.3034375 0.20666666666666667 0.129375
0 0.484375 0.745 0.1325 0.25
1 0.7271875 0.5983333333333334 0.133125 0.2966666666666667
0 0.6196875 0.5033333333333333 0.160625 0.27555555555555555
4 0.2475 0.6783333333333333 0.14375 0.2877777777777778
3 0.844375 0.2788888888888889 0.12375 0.16666666666666666
1 0.218125 0.7127777777777777 0.11125 0.20555555555555555
0 0.6809375 0.3861111111111111 0.108125 0.20333333333333334
2 0.3903125 0.5283333333333333 0.145625 0.2722222222222222
0 0.673125 0.5866666666666667 0.1275 0.23777777777777778
4 0.490625 0.28888888888888886 0.1175 0.22666666666666666
0 0.3384375 0.1827777777777778 0.168125 0.3055555555555556
3 0.15625 0.7533333333333333 0.1575 0.2777777777777778
0 0.568125 0.6877777777777778 0.1425 0.31777777777777777
2 0.1378125 0.7416666666666667 0.118125 0.22555555555555556
2 0.7071875 0.25166666666666665 0.141875 0.24555555555555555
0 0.3015625 0.7511111111111111 0.130625 0.26222222222222225
0 0.6728125 0.5722222222222222 0.134375 0.20444444444444446
1 0.4825 0.28055555555555556 0.1225 0.21666666666666667
