0 0.8546875 0.7794444444444445 0.154375 0.3211111111111111
4 0.0784375 0.14 0.135625 0.23333333333333334
0 0.6309375 0.5811111111111111 0.175625 0.3333333333333333
4 0.826875 0.6288888888888889 0.0925 0.19777777777777777
3 0.7028125 0.15944444444444444 0.100625 0.20333333333333334
1 0.5884375 0.48444444444444446 0.128125 0.2866666666666667
4 0.4859375 0.7788888888888889 0.178125 0.30666666666666664
4 0.0953125 0.7316666666666667 0.116875 0.2477777777777778
1 0.8421875 0.21555555555555556 0.123125 0.25333333333333335
0 0.346875 0.5322222222222223 0.125 0.19555555555555557
3 0.613125 0.4077777777777778 0.16125 0.29333333333333333
2 0.8540625 0.5361111111111111 0.163125 0.3388888888888889
3 0.591875 0.7238888888888889 0.11 0.21444444444444444
1 0.134375 0.29444444444444445 0.135 0.18888888888888888
1 0.4821875 0.21166666666666667 0.125625 0.19
1 0.2609375 0.43722222222222223 0.153125 0.30777777777777776
4 0.3575 0.6544444444444445 0.11125 0.24222222222222223
1 0.5438888888888889 0.845625 0.17222222222222222 0.11625
4 0.41055555555555556 0.0709375 0.24333333333333335 0.139375
4 0.26055555555555554 0.605 0.2811111111111111 0.16
4 0.25375 0.34 0.10375 0.2088888888888889
3 0.8271875 0.22055555555555556 0.108125 0.22555555555555556
