2 0.2833333333333333 0.480625 0.24 0.13125
2 0.7827777777777778 0.3240625 0.32555555555555554 0.180625
3 0.7109375 0.7338888888888889 0.121875 0.2677777777777778
3 0.2296875 0.5066666666666667 0.159375 0.27555555555555555
4 0.3440625 0.4161111111111111 0.138125 0.2477777777777778
4 0.0996875 0.6077777777777778 0.148125 0.1711111111111111
1 0.605625 0.375 0.16125 0.3188888888888889
3 0.8378125 0.5483333333333333 0.125625 0.20555555555555555
3 0.448125 0.24444444444444444 0.09625 0.2111111111111111
4 0.8203125 0.3005555555555556 0.089375 0.22555555555555556
4 0.14 0.725 0.14125 0.22777777777777777
3 0.6559375 0.11777777777777777 0.114375 0.14222222222222222
3 0.145 0.11125 0.20555555555555555 0.12
1 0.7094444444444444 0.3621875 0.21444444444444444 0.133125
1 0.3794444444444444 0.628125 0.3011111111111111 0.175
4 0.5411111111111111 0.8696875 0.2511111111111111 0.168125
3 0.2234375 0.725 0.130625 0.23222222222222222
4 0.835625 0.18777777777777777 0.1 0.2111111111111111
0 0.10125 0.44222222222222224 0.2 0.3
0 0.844375 0.7161111111111111 0.11875 0.22777777777777777
3 0.6171875 0.35555555555555557 0.135625 0.22
4 0.1603125 0.5788888888888889 0.164375 0.3111111111111111
0 0.3878125 0.18722222222222223 0.148125 0.2388888888888889
1 0.865625 0.5433333333333333 0.17125 0.23555555555555555
3 0.5753125 0.16 0.088125 0.23333333333333334
1 0.3684375 0.39166666666666666 0.170625 0.31444444444444447
