3 0.704375 0.46944444444444444 0.15875 0.3322222222222222
4 0.83875 0.21611111111111111 0.1175 0.23
1 0.5575 0.6755555555555556 0.175 0.34
3 0.0678125 0.35833333333333334 0.125625 0.31222222222222223
1 0.7644444444444445 0.6846875 0.29555555555555557 0.179375
0 0.36444444444444446 0.135 0.28 0.18375
0 0.21944444444444444 0.483125 0.25 0.14375
1 0.3003125 0.3572222222222222 0.163125 0.31666666666666665
4 0.4934375 0.6155555555555555 0.166875 0.2822222222222222
0 0.67625 0.7711111111111111 0.15125 0.31777777777777777
0 0.0846875 0.18222222222222223 0.113125 0.24
3 0.121875 0.3161111111111111 0.115 0.21666666666666667
3 0.6115625 0.5627777777777778 0.145625 0.31222222222222223
1 0.0659375 0.46055555555555555 0.126875 0.33
4 0.7533333333333333 0.8625 0.3111111111111111 0.15875
4 0.0953125 0.555 0.174375 0.29888888888888887
0 0.7140625 0.6744444444444444 0.171875 0.33555555555555555
3 0.5315625 0.7383333333333333 0.116875 0.2611111111111111
3 0.225 0.23166666666666666 0.12375 0.25666666666666665
