1 0.580625 0.23 0.1575 0.3244444444444444
3 0.8646875 0.27 0.149375 0.19111111111111112
4 0.1509375 0.5277777777777778 0.161875 0.2777777777777778
2 0.7071875 0.7022222222222222 0.123125 0.19555555555555557
0 0.2946875 0.6544444444444445 0.161875 0.31555555555555553
1 0.2221875 0.49666666666666665 0.126875 0.19555555555555557
3 0.3584375 0.3927777777777778 0.083125 0.19666666666666666
0 0.5378125 0.61 0.125625 0.21333333333333335
1 0.3796875 0.21555555555555556 0.150625 0.31555555555555553
4 0.881875 0.5877777777777777 0.18 0.32222222222222224
3 0.4434375 0.28 0.083125 0.17333333333333334
4 0.0925 0.6833333333333333 0.1425 0.2911111111111111
0 0.2421875 0.7716666666666666 0.188125 0.29444444444444445
1 0.580625 0.29388888888888887 0.1675 0.3277777777777778
4 0.145 0.76 0.175 0.3111111111111111
2 0.713125 0.6161111111111112 0.13875 0.21444444444444444
3 0.2834375 0.4627777777777778 0.159375 0.2877777777777778
2 0.67125 0.22944444444444445 0.1775 0.2966666666666667
3 0.4728125 0.7361111111111112 0.160625 0.24333333333333335
3 0.830625 0.6094444444444445 0.115 0.25666666666666665
2 0.2503125 0.5005555555555555 0.128125 0.2833333333333333
1 0.4825 0.29 0.12 0.22
2 0.62125 0.6827777777777778 0.16125 0.29
3 0.843125 0.38333333333333336 0.1325 0.22666666666666666
3 0.126875 0.18722222222222223 0.1175 0.1922222222222222
1 0.3975 0.7838888888888889 0.18625 0.31222222222222223
