1 0.305 0.3877777777777778 0.175 0.35777777777777775
4 0.505 0.6394444444444445 0.14625 0.31
0 0.695 0.48777777777777775 0.1675 0.25333333333333335
1 0.1490625 0.38722222222222225 0.151875 0.29888888888888887
0 0.5655555555555556 0.0990625 0.17555555555555555 0.063125
3 0.37 0.3346875 0.27555555555555555 0.178125
3 0.7155555555555555 0.669375 0.2288888888888889 0.135
4 0.5311111111111111 0.614375 0.20444444444444446 0.1375
3 0.6975 0.7427777777777778 0.1225 0.2388888888888889
4 0.82875 0.6588888888888889 0.1025 0.29555555555555557
1 0.4171875 0.18222222222222223 0.125625 0.2311111111111111
3 0.5509375 0.41555555555555557 0.110625 0.25333333333333335
0 0.10125 0.7166666666666667 0.1475 0.23555555555555555
3 0.7283333333333334 0.4946875 0.2588888888888889 0.154375
0 0.5566666666666666 0.3109375 0.20444444444444446 0.150625
3 0.2833333333333333 0.6775 0.23555555555555555 0.15625
3 0.5496875 0.2361111111111111 0.150625 0.29444444444444445
1 0.688125 0.31777777777777777 0.13 0.25555555555555554
0 0.13666666666666666 0.85 0.2288888888888889 0.13625
