2 0.11875 0.5305555555555556 0.12375 0.21
0 0.275625 0.38222222222222224 0.14875 0.29555555555555557
4 0.433125 0.5027777777777778 0.175 0.34555555555555556
2 0.56625 0.6961111111111111 0.1525 0.35
0 0.708125 0.7694444444444445 0.1475 0.3055555555555556
0 0.354375 0.3861111111111111 0.15 0.27666666666666667
0 0.1 0.17722222222222223 0.1375 0.22777777777777777
0 0.6190625 0.42333333333333334 0.151875 0.28444444444444444
3 0.36125 0.5761111111111111 0.1025 0.2588888888888889
4 0.841875 0.7355555555555555 0.13125 0.24444444444444444
4 0.3684375 0.7227777777777777 0.116875 0.19444444444444445
2 0.2509375 0.23277777777777778 0.121875 0.2588888888888889
4 0.87125 0.6833333333333333 0.16 0.2911111111111111
1 0.6005555555555555 0.1509375 0.22111111111111112 0.150625
1 0.4761111111111111 0.499375 0.22111111111111112 0.13375
1 0.7188888888888889 0.6834375 0.20666666666666667 0.144375
2 0.2084375 0.6927777777777778 0.151875 0.32555555555555554
0 0.590625 0.2722222222222222 0.13125 0.2644444444444444
1 0.733125 0.5866666666666667 0.155 0.3088888888888889
0 0.3178125 0.7633333333333333 0.109375 0.27111111111111114
3 0.8528125 0.5072222222222222 0.131875 0.3433333333333333
2 0.395625 0.5211111111111111 0.13375 0.24888888888888888
3 0.8628125 0.3233333333333333 0.153125 0.31333333333333335
1 0.106875 0.435 0.165 0.30777777777777776
3 0.5559375 0.65 0.149375 0.2777777777777778
4 0.6790625 0.17444444444444446 0.090625 0.24444444444444444
