3 0.7153125 0.26666666666666666 0.108125 0.30444444444444446
1 0.3778125 0.7622222222222222 0.180625 0.29555555555555557
3 0.5796875 0.41444444444444445 0.085625 0.2
0 0.2559375 0.5833333333333334 0.185625 0.3377777777777778
4 0.3522222222222222 0.0875 0.23777777777777778 0.1275
0 0.1411111111111111 0.5959375 0.20444444444444446 0.131875
1 0.26944444444444443 0.481875 0.2677777777777778 0.1575
3 0.7511111111111111 0.1346875 0.2688888888888889 0.128125
4 0.5972222222222222 0.68625 0.23444444444444446 0.16375
3 0.19611111111111112 0.684375 0.25 0.10125
1 0.4216666666666667 0.8525 0.2788888888888889 0.13875
0 0.148125 0.7538888888888889 0.15625 0.2588888888888889
0 0.7428125 0.6805555555555556 0.150625 0.2788888888888889
0 0.275625 0.375 0.1725 0.33444444444444443
2 0.6371875 0.5088888888888888 0.178125 0.2688888888888889
4 0.86625 0.23222222222222222 0.1575 0.21333333333333335
0 0.8371875 0.6066666666666667 0.129375 0.2733333333333333
4 0.295 0.47888888888888886 0.15125 0.2866666666666667
3 0.8490625 0.7627777777777778 0.144375 0.2966666666666667
1 0.2275 0.6472222222222223 0.12125 0.27666666666666667
0 0.3990625 0.41388888888888886 0.159375 0.22777777777777777
4 0.0703125 0.2961111111111111 0.111875 0.2011111111111111
