1 0.6033333333333334 0.1478125 0.3511111111111111 0.190625
1 0.705 0.37 0.2011111111111111 0.15
4 0.295625 0.595 0.13125 0.22555555555555556
2 0.8534375 0.48333333333333334 0.138125 0.23333333333333334
4 0.6953125 0.29 0.191875 0.30666666666666664
1 0.486875 0.7277777777777777 0.14375 0.26
4 0.1084375 0.31777777777777777 0.125625 0.13333333333333333
1 0.37777777777777777 0.5978125 0.24666666666666667 0.138125
1 0.57 0.849375 0.2822222222222222 0.12375
1 0.695 0.088125 0.18333333333333332 0.1525
1 0.3825 0.25222222222222224 0.12625 0.29777777777777775
1 0.226875 0.42277777777777775 0.12875 0.24333333333333335
4 0.24666666666666667 0.0975 0.27555555555555555 0.16125
0 0.87375 0.5505555555555556 0.16625 0.3011111111111111
4 0.526875 0.6966666666666667 0.10125 0.19777777777777777
1 0.69125 0.3011111111111111 0.11625 0.19777777777777777
1 0.09875 0.655 0.18625 0.31222222222222223
4 0.374375 0.5522222222222222 0.13625 0.27111111111111114
2 0.8403125 0.7316666666666667 0.111875 0.21666666666666667
4 0.6659375 0.6316666666666667 0.141875 0.2588888888888889
