0 0.275 0.883125 0.29888888888888887 0.185
1 0.745 0.6165625 0.2411111111111111 0.159375
2 0.5788888888888889 0.1175 0.24222222222222223 0.175
2 0.43555555555555553 0.37375 0.28888888888888886 0.18125
4 0.3434375 0.74 0.128125 0.2311111111111111
3 0.833125 0.5827777777777777 0.11875 0.25666666666666665
3 0.0978125 0.23944444444444443 0.130625 0.25
0 0.578125 0.4 0.10375 0.2311111111111111
4 0.3890625 0.7483333333333333 0.164375 0.30333333333333334
4 0.49277777777777776 0.1090625 0.18777777777777777 0.125625
0 0.6588888888888889 0.4284375 0.32 0.178125
4 0.7366666666666667 0.5509375 0.2733333333333333 0.129375
3 0.1938888888888889 0.2515625 0.19 0.118125
0 0.861875 0.30666666666666664 0.165 0.3288888888888889
1 0.2571875 0.5405555555555556 0.179375 0.3388888888888889
1 0.62 0.3477777777777778 0.1475 0.26666666666666666
3 0.3828125 0.78 0.146875 0.3244444444444444
3 0.8328125 0.1111111111111111 0.099375 0.19555555555555557
3 0.4728125 0.49444444444444446 0.135625 0.26222222222222225
1 0.08125 0.23277777777777778 0.11125 0.25
0 0.72125 0.7294444444444445 0.1275 0.21888888888888888
