2 0.6734375 0.3488888888888889 0.149375 0.29333333333333333
1 0.1415625 0.7511111111111111 0.124375 0.27555555555555555
1 0.3175 0.5922222222222222 0.13 0.23333333333333334
1 0.4865625 0.45444444444444443 0.121875 0.2311111111111111
4 0.1046875 0.32666666666666666 0.160625 0.29555555555555557
3 0.441875 0.43166666666666664 0.08625 0.21
0 0.4715625 0.47944444444444445 0.091875 0.21444444444444444
0 0.6096875 0.5805555555555556 0.125625 0.2544444444444444
4 0.3584375 0.40166666666666667 0.108125 0.22111111111111112
1 0.7575 0.6855555555555556 0.17875 0.3022222222222222
2 0.251875 0.7472222222222222 0.1375 0.2633333333333333
0 0.14375 0.32722222222222225 0.1625 0.23444444444444446
0 0.5175 0.7711111111111111 0.1775 0.3511111111111111
0 0.8753125 0.54 0.191875 0.35333333333333333
0 0.329375 0.26722222222222225 0.1525 0.2722222222222222
2 0.16125 0.4 0.16625 0.30666666666666664
3 0.683125 0.5938888888888889 0.15875 0.23
1 0.21444444444444444 0.6175 0.21777777777777776 0.16875
4 0.5627777777777778 0.1128125 0.2477777777777778 0.144375
1 0.3844444444444444 0.848125 0.24 0.12
0 0.75 0.271875 0.3 0.19
2 0.4777777777777778 0.4828125 0.2577777777777778 0.123125
4 0.5622222222222222 0.6209375 0.26 0.154375
4 0.7116666666666667 0.538125 0.21666666666666667 0.12125
4 0.23 0.3878125 0.22444444444444445 0.128125
3 0.6172222222222222 0.091875 0.22333333333333333 0.15125
1 0.4177777777777778 0.7159375 0.21333333333333335 0.169375
4 0.5483333333333333 0.2353125 0.2788888888888889 0.130625
