1 0.43666666666666665 0.4790625 0.26666666666666666 0.136875
0 0.7427777777777778 0.6859375 0.29444444444444445 0.170625
4 0.12833333333333333 0.1025 0.23444444444444446 0.1425
4 0.29333333333333333 0.2896875 0.2733333333333333 0.138125
4 0.6072222222222222 0.866875 0.31666666666666665 0.1525
4 0.37125 0.7816666666666666 0.135 0.3188888888888889
0 0.1221875 0.4066666666666667 0.118125 0.23777777777777778
2 0.8621875 0.2816666666666667 0.154375 0.3211111111111111
4 0.690625 0.1238888888888889 0.11375 0.21222222222222223
4 0.1109375 0.4111111111111111 0.124375 0.3244444444444444
1 0.5578125 0.2361111111111111 0.140625 0.20555555555555555
1 0.4328125 0.5427777777777778 0.183125 0.3566666666666667
1 0.2603125 0.7277777777777777 0.130625 0.26222222222222225
1 0.140625 0.7427777777777778 0.1625 0.2633333333333333
4 0.8675 0.5961111111111111 0.1875 0.3055555555555556
0 0.6240625 0.42055555555555557 0.176875 0.29
4 0.3525 0.21666666666666667 0.11 0.21555555555555556
4 0.15944444444444444 0.4959375 0.24333333333333335 0.148125
3 0.5746875 0.76 0.110625 0.28444444444444444
4 0.32125 0.1438888888888889 0.11625 0.23444444444444446
4 0.8575 0.5677777777777778 0.16375 0.29555555555555557
2 0.6996875 0.46555555555555556 0.130625 0.28444444444444444
3 0.8575 0.3488888888888889 0.15875 0.24444444444444444
2 0.550625 0.635 0.11875 0.2388888888888889
