4 0.3425 0.7844444444444445 0.1575 0.3244444444444444
0 0.6015625 0.4288888888888889 0.166875 0.28444444444444444
1 0.8371875 0.545 0.129375 0.1811111111111111
3 0.21611111111111111 0.345625 0.16555555555555557 0.13875
3 0.7122222222222222 0.85875 0.16666666666666666 0.145
2 0.41375 0.6327777777777778 0.12875 0.2811111111111111
0 0.1215625 0.7288888888888889 0.119375 0.2311111111111111
1 0.275 0.145 0.13875 0.2722222222222222
1 0.84875 0.35055555555555556 0.13375 0.2011111111111111
0 0.3338888888888889 0.096875 0.23222222222222222 0.12
4 0.5261111111111111 0.6034375 0.21444444444444444 0.131875
4 0.3340625 0.6411111111111111 0.129375 0.24666666666666667
1 0.710625 0.4677777777777778 0.1025 0.2288888888888889
1 0.4590625 0.21555555555555556 0.119375 0.21777777777777776
3 0.2071875 0.35888888888888887 0.143125 0.22
4 0.324375 0.275 0.1175 0.2411111111111111
4 0.7128125 0.5511111111111111 0.113125 0.22666666666666666
1 0.0921875 0.13833333333333334 0.154375 0.2722222222222222
3 0.6921875 0.5094444444444445 0.136875 0.29888888888888887
2 0.4084375 0.5811111111111111 0.178125 0.20222222222222222
