2 0.851875 0.7077777777777777 0.1275 0.2
3 0.2475 0.6038888888888889 0.08875 0.22111111111111112
4 0.1234375 0.2811111111111111 0.131875 0.26
3 0.7275 0.5138888888888888 0.17125 0.27
4 0.105 0.645 0.1922222222222222 0.105
0 0.75 0.490625 0.27111111111111114 0.17
4 0.4411111111111111 0.305 0.26 0.1725
3 0.2525 0.4938888888888889 0.1625 0.20555555555555555
4 0.84875 0.30722222222222223 0.125 0.2544444444444444
2 0.4025 0.6438888888888888 0.155 0.29444444444444445
3 0.0853125 0.705 0.135625 0.20555555555555555
1 0.545625 0.21666666666666667 0.13375 0.2822222222222222
0 0.70875 0.4483333333333333 0.1525 0.32555555555555554
4 0.3411111111111111 0.21125 0.25333333333333335 0.15125
1 0.6822222222222222 0.463125 0.2822222222222222 0.13375
4 0.39222222222222225 0.338125 0.19111111111111112 0.145
0 0.5733333333333334 0.8384375 0.22666666666666666 0.103125
1 0.26944444444444443 0.5778125 0.2722222222222222 0.103125
2 0.4022222222222222 0.596875 0.21777777777777776 0.115
3 0.5716666666666667 0.2509375 0.22777777777777777 0.145625
0 0.7411111111111112 0.376875 0.23777777777777778 0.15625
1 0.37722222222222224 0.87 0.3322222222222222 0.17875
0 0.39375 0.5527777777777778 0.18875 0.27
1 0.128125 0.3616666666666667 0.1325 0.2633333333333333
0 0.5934375 0.7138888888888889 0.113125 0.21666666666666667
4 0.8425 0.3616666666666667 0.12 0.25
2 0.6196875 0.7638888888888888 0.148125 0.31
4 0.3825 0.5716666666666667 0.14625 0.29888888888888887
4 0.130625 0.16111111111111112 0.115 0.22
