4 0.5278125 0.49333333333333335 0.108125 0.2311111111111111
3 0.3896875 0.62 0.131875 0.2644444444444444
3 0.830625 0.6905555555555556 0.11375 0.18555555555555556
0 0.8446875 0.4411111111111111 0.128125 0.25333333333333335
1 0.4621875 0.73 0.119375 0.2288888888888889
1 0.0759375 0.13944444444444445 0.103125 0.25
4 0.284375 0.595 0.1425 0.2611111111111111
3 0.6540625 0.33055555555555555 0.125625 0.3322222222222222
3 0.2594444444444444 0.54875 0.17888888888888888 0.11625
0 0.5283333333333333 0.3025 0.2722222222222222 0.19
1 0.1827777777777778 0.1384375 0.2477777777777778 0.144375
0 0.3788888888888889 0.83625 0.19555555555555557 0.125
4 0.7572222222222222 0.4403125 0.28555555555555556 0.183125
1 0.39166666666666666 0.3365625 0.21888888888888888 0.151875
4 0.21166666666666667 0.8578125 0.18777777777777777 0.151875
1 0.7472222222222222 0.599375 0.27 0.15625
1 0.5361111111111111 0.060625 0.17888888888888888 0.12125
4 0.6965625 0.12666666666666668 0.115625 0.17777777777777778
4 0.4015625 0.2538888888888889 0.125625 0.1988888888888889
3 0.7266666666666667 0.841875 0.21333333333333335 0.13125
2 0.34555555555555556 0.6840625 0.26 0.166875
3 0.5040625 0.19055555555555556 0.160625 0.2388888888888889
1 0.13625 0.4444444444444444 0.13375 0.2111111111111111
1 0.8121875 0.6877777777777778 0.068125 0.16
0 0.665 0.5922222222222222 0.12875 0.23777777777777778
0 0.316875 0.33611111111111114 0.14125 0.2633333333333333
