0 0.464375 0.7105555555555556 0.115 0.21888888888888888
0 0.0890625 0.18222222222222223 0.134375 0.25333333333333335
0 0.3484375 0.19777777777777777 0.176875 0.3333333333333333
2 0.841875 0.5627777777777778 0.13375 0.30777777777777776
0 0.3211111111111111 0.1446875 0.24444444444444444 0.153125
4 0.24222222222222223 0.278125 0.29555555555555557 0.13625
0 0.5594444444444444 0.5809375 0.30333333333333334 0.174375
2 0.5928125 0.3211111111111111 0.105625 0.2222222222222222
4 0.715625 0.4866666666666667 0.10625 0.22
3 0.3353125 0.43222222222222223 0.081875 0.2777777777777778
4 0.6255555555555555 0.119375 0.2911111111111111 0.17875
4 0.7516666666666667 0.8659375 0.3055555555555556 0.166875
0 0.49444444444444446 0.4884375 0.26666666666666666 0.164375
1 0.26 0.6790625 0.27111111111111114 0.169375
4 0.3461111111111111 0.2865625 0.20777777777777778 0.136875
1 0.85 0.42333333333333334 0.14125 0.20222222222222222
4 0.2871875 0.3794444444444444 0.165625 0.31444444444444447
1 0.5403125 0.7461111111111111 0.096875 0.24555555555555555
3 0.5372222222222223 0.105 0.22777777777777777 0.1125
4 0.7027777777777777 0.8409375 0.17444444444444446 0.134375
1 0.405 0.688125 0.15444444444444444 0.11875
1 0.24833333333333332 0.4178125 0.22333333333333333 0.158125
