3 0.088125 0.3622222222222222 0.1725 0.2911111111111111
1 0.583125 0.12833333333333333 0.1275 0.21888888888888888
0 0.33125 0.7666666666666667 0.14125 0.30444444444444446
4 0.4727777777777778 0.29 0.22777777777777777 0.11875
4 0.7405555555555555 0.13 0.27666666666666667 0.17
2 0.23166666666666666 0.4921875 0.23222222222222222 0.150625
0 0.37 0.875625 0.26666666666666666 0.1725
4 0.5559375 0.4222222222222222 0.150625 0.20444444444444446
1 0.7159375 0.5794444444444444 0.166875 0.3322222222222222
3 0.8503125 0.5894444444444444 0.131875 0.16555555555555557
0 0.5021875 0.5188888888888888 0.171875 0.2911111111111111
0 0.8425 0.6888888888888889 0.135 0.29777777777777775
0 0.385 0.6366666666666667 0.1775 0.36
1 0.6866666666666666 0.404375 0.15333333333333332 0.1175
3 0.48833333333333334 0.86 0.21 0.16
0 0.14555555555555555 0.6309375 0.2733333333333333 0.180625
4 0.20666666666666667 0.128125 0.19555555555555557 0.115
3 0.525 0.2528125 0.23 0.129375
2 0.7472222222222222 0.5034375 0.2722222222222222 0.160625
4 0.32055555555555554 0.3909375 0.2388888888888889 0.166875
1 0.5011111111111111 0.630625 0.26666666666666666 0.16375
4 0.2477777777777778 0.1334375 0.2577777777777778 0.134375
1 0.5527777777777778 0.8615625 0.20333333333333334 0.143125
4 0.3861111111111111 0.2496875 0.20333333333333334 0.125625
