4 0.0896875 0.7244444444444444 0.170625 0.2577777777777778
3 0.2334375 0.31777777777777777 0.150625 0.2
3 0.3771875 0.6288888888888889 0.129375 0.25555555555555554
1 0.536875 0.2477777777777778 0.14125 0.24888888888888888
0 0.498125 0.4411111111111111 0.175 0.31555555555555553
1 0.853125 0.4988888888888889 0.145 0.2577777777777778
1 0.3771875 0.2772222222222222 0.180625 0.33444444444444443
0 0.110625 0.5872222222222222 0.14 0.2611111111111111
3 0.71375 0.33166666666666667 0.16375 0.3233333333333333
2 0.0915625 0.1922222222222222 0.144375 0.27111111111111114
1 0.2653125 0.4255555555555556 0.185625 0.2822222222222222
3 0.255625 0.41833333333333333 0.10875 0.2811111111111111
4 0.8346875 0.14944444444444444 0.111875 0.1811111111111111
0 0.5711111111111111 0.2790625 0.2 0.128125
0 0.47833333333333333 0.4925 0.29444444444444445 0.175
2 0.7588888888888888 0.8846875 0.30666666666666664 0.186875
4 0.21166666666666667 0.379375 0.28555555555555556 0.17875
2 0.4 0.5009375 0.36 0.178125
3 0.7038888888888889 0.234375 0.16777777777777778 0.1375
4 0.13777777777777778 0.0925 0.23555555555555555 0.1
2 0.44277777777777777 0.72875 0.24555555555555555 0.14125
