1 0.23625 0.28055555555555556 0.17625 0.2588888888888889
1 0.611875 0.16 0.155 0.19555555555555557
1 0.85625 0.64 0.12875 0.2644444444444444
0 0.4078125 0.665 0.139375 0.29444444444444445
0 0.1321875 0.3711111111111111 0.165625 0.3333333333333333
2 0.165 0.185 0.18 0.2966666666666667
2 0.8609375 0.29333333333333333 0.156875 0.2822222222222222
2 0.7140625 0.3977777777777778 0.146875 0.2577777777777778
1 0.421875 0.7338888888888889 0.12875 0.23222222222222222
2 0.491875 0.7472222222222222 0.1375 0.25
3 0.2578125 0.595 0.110625 0.2677777777777778
4 0.4590625 0.435 0.124375 0.2388888888888889
2 0.8821875 0.5911111111111111 0.191875 0.3488888888888889
4 0.755 0.30944444444444447 0.18 0.19444444444444445
1 0.17055555555555554 0.243125 0.25666666666666665 0.17625
1 0.5511111111111111 0.3609375 0.24 0.163125
0 0.6588888888888889 0.608125 0.26222222222222225 0.16
4 0.575 0.3055555555555556 0.10375 0.17555555555555555
4 0.333125 0.5505555555555556 0.12375 0.25666666666666665
3 0.8184375 0.7222222222222222 0.086875 0.19111111111111112
