4 0.6715625 0.31555555555555553 0.159375 0.2822222222222222
1 0.4703125 0.16722222222222222 0.150625 0.2677777777777778
3 0.8509375 0.5694444444444444 0.123125 0.22555555555555556
4 0.27625 0.4444444444444444 0.15625 0.2577777777777778
0 0.07375 0.725 0.145 0.2544444444444444
0 0.14 0.74 0.23777777777777778 0.16
0 0.7488888888888889 0.4940625 0.30444444444444446 0.180625
4 0.090625 0.77 0.16625 0.34444444444444444
2 0.3340625 0.39666666666666667 0.143125 0.2733333333333333
0 0.863125 0.24166666666666667 0.18125 0.29888888888888887
1 0.0815625 0.7616666666666667 0.151875 0.3011111111111111
3 0.306875 0.18666666666666668 0.08625 0.2311111111111111
4 0.589375 0.5633333333333334 0.135 0.2644444444444444
1 0.3665625 0.5811111111111111 0.150625 0.3111111111111111
4 0.84125 0.37666666666666665 0.1225 0.2511111111111111
4 0.5921875 0.15611111111111112 0.104375 0.19
2 0.475 0.3194444444444444 0.15375 0.31
3 0.0759375 0.7188888888888889 0.121875 0.22
0 0.47944444444444445 0.2715625 0.23444444444444446 0.131875
0 0.6516666666666666 0.8590625 0.32555555555555554 0.166875
1 0.38222222222222224 0.66125 0.29555555555555557 0.15125
4 0.72 0.45375 0.20666666666666667 0.11625
