2 0.695 0.7316666666666667 0.12 0.2477777777777778
2 0.2440625 0.6283333333333333 0.146875 0.23444444444444446
4 0.3834375 0.23277777777777778 0.115625 0.21444444444444444
0 0.8725 0.5733333333333334 0.165 0.31777777777777777
3 0.5246875 0.32611111111111113 0.089375 0.21
4 0.35 0.8525 0.27111111111111114 0.14375
2 0.25555555555555554 0.25375 0.2866666666666667 0.19125
0 0.5105555555555555 0.4715625 0.18555555555555556 0.129375
1 0.2816666666666667 0.280625 0.3011111111111111 0.18125
3 0.39111111111111113 0.553125 0.2866666666666667 0.14
3 0.2671875 0.23833333333333334 0.160625 0.21222222222222223
1 0.853125 0.6222222222222222 0.1575 0.31777777777777777
0 0.5140625 0.41555555555555557 0.184375 0.23555555555555555
0 0.63 0.35444444444444445 0.18125 0.28
3 0.1234375 0.7611111111111111 0.108125 0.26222222222222225
4 0.363125 0.735 0.1575 0.24333333333333335
4 0.725 0.5777777777777777 0.13375 0.31777777777777777
0 0.3275 0.49277777777777776 0.08875 0.13
4 0.8353125 0.355 0.109375 0.21444444444444444
0 0.58625 0.16055555555555556 0.10875 0.18555555555555556
3 0.2561111111111111 0.098125 0.25222222222222224 0.10625
4 0.5977777777777777 0.7034375 0.2222222222222222 0.151875
3 0.71 0.844375 0.2088888888888889 0.1425
