1 0.5877777777777777 0.143125 0.26666666666666666 0.1375
1 0.3977777777777778 0.2665625 0.2088888888888889 0.151875
4 0.3038888888888889 0.71625 0.1811111111111111 0.11875
4 0.7353125 0.6505555555555556 0.133125 0.25222222222222224
3 0.1178125 0.3566666666666667 0.081875 0.15777777777777777
2 0.499375 0.5027777777777778 0.135 0.28555555555555556
4 0.07875 0.775 0.14375 0.30777777777777776
4 0.455 0.19055555555555556 0.1225 0.2611111111111111
1 0.8671875 0.6055555555555555 0.173125 0.2511111111111111
0 0.855625 0.4672222222222222 0.135 0.2633333333333333
1 0.455625 0.2638888888888889 0.115 0.2477777777777778
1 0.0628125 0.5494444444444444 0.109375 0.23444444444444446
4 0.0678125 0.3622222222222222 0.110625 0.24888888888888888
4 0.86125 0.21166666666666667 0.16 0.31444444444444447
0 0.2128125 0.40166666666666667 0.149375 0.3277777777777778
3 0.5996875 0.6661111111111111 0.149375 0.30333333333333334
0 0.61 0.6766666666666666 0.16375 0.29333333333333333
0 0.204375 0.4527777777777778 0.1275 0.24555555555555555
3 0.59125 0.7322222222222222 0.115 0.22666666666666666
3 0.8459375 0.3338888888888889 0.128125 0.17666666666666667
1 0.1125 0.21222222222222223 0.1475 0.30666666666666664
0 0.3521875 0.5655555555555556 0.131875 0.26666666666666666
0 0.6915625 0.21833333333333332 0.188125 0.33444444444444443
1 0.2796875 0.4572222222222222 0.111875 0.24333333333333335
4 0.46375 0.35055555555555556 0.10625 0.31444444444444447
3 0.8296875 0.5827777777777777 0.089375 0.21
