4 0.1246875 0.5533333333333333 0.158125 0.3244444444444444
1 0.38875 0.7166666666666667 0.1 0.22444444444444445
4 0.71875 0.21333333333333335 0.1725 0.28
2 0.2784375 0.3338888888888889 0.173125 0.31
1 0.5521875 0.4083333333333333 0.133125 0.24555555555555555
4 0.8453125 0.6366666666666667 0.131875 0.2777777777777778
0 0.8503125 0.2477777777777778 0.139375 0.2866666666666667
3 0.600625 0.4305555555555556 0.1525 0.30333333333333334
4 0.836875 0.24944444444444444 0.1075 0.21888888888888888
3 0.63375 0.4855555555555556 0.0775 0.21333333333333335
3 0.4875 0.6422222222222222 0.16 0.2866666666666667
1 0.7511111111111111 0.104375 0.2688888888888889 0.14125
4 0.33166666666666667 0.5896875 0.23222222222222222 0.123125
3 0.2546875 0.6422222222222222 0.143125 0.21555555555555556
1 0.7615625 0.6038888888888889 0.189375 0.31444444444444447
4 0.61875 0.2311111111111111 0.145 0.27111111111111114
3 0.48375 0.47055555555555556 0.1175 0.22333333333333333
3 0.846875 0.735 0.1175 0.22333333333333333
4 0.225 0.63375 0.2544444444444444 0.16625
