4 0.263125 0.6311111111111111 0.14625 0.24666666666666667
0 0.560625 0.1988888888888889 0.15625 0.3022222222222222
0 0.74 0.09875 0.25333333333333335 0.17
4 0.24 0.6434375 0.24222222222222223 0.108125
2 0.395 0.8621875 0.3055555555555556 0.160625
4 0.48055555555555557 0.2734375 0.23 0.135625
0 0.350625 0.4255555555555556 0.1825 0.3488888888888889
0 0.0565625 0.6983333333333334 0.113125 0.1988888888888889
4 0.8515625 0.5494444444444444 0.141875 0.2588888888888889
3 0.1659375 0.4766666666666667 0.184375 0.31333333333333335
4 0.3753125 0.12666666666666668 0.131875 0.21333333333333335
1 0.511875 0.37166666666666665 0.17 0.30333333333333334
4 0.2521875 0.6322222222222222 0.121875 0.22444444444444445
0 0.6234375 0.25333333333333335 0.156875 0.26666666666666666
0 0.86875 0.3411111111111111 0.19 0.3377777777777778
1 0.6865625 0.185 0.113125 0.2388888888888889
0 0.27125 0.7394444444444445 0.14125 0.27666666666666667
3 0.8490625 0.2427777777777778 0.128125 0.27
4 0.5959375 0.5483333333333333 0.094375 0.21888888888888888
2 0.1790625 0.45111111111111113 0.205625 0.35555555555555557
0 0.3221875 0.74 0.150625 0.28888888888888886
0 0.845625 0.21444444444444444 0.115 0.22444444444444445
1 0.12625 0.4872222222222222 0.11875 0.27666666666666667
4 0.6890625 0.6127777777777778 0.163125 0.2811111111111111
