0 0.4078125 0.7744444444444445 0.178125 0.3333333333333333
1 0.2384375 0.4572222222222222 0.151875 0.3411111111111111
3 0.5128125 0.18 0.074375 0.21333333333333335
4 0.849375 0.6183333333333333 0.12125 0.23666666666666666
4 0.4946875 0.41555555555555557 0.131875 0.24666666666666667
4 0.3578125 0.23666666666666666 0.093125 0.20222222222222222
3 0.741875 0.7411111111111112 0.15625 0.26666666666666666
0 0.6275 0.5166666666666667 0.1625 0.2911111111111111
4 0.13 0.5527777777777778 0.1075 0.20555555555555555
4 0.339375 0.6838888888888889 0.1375 0.31666666666666665
4 0.58125 0.14666666666666667 0.10625 0.25333333333333335
1 0.82375 0.2088888888888889 0.075 0.17555555555555555
4 0.73875 0.555 0.16375 0.2611111111111111
1 0.586875 0.21333333333333335 0.1 0.2222222222222222
3 0.0871875 0.36777777777777776 0.140625 0.30666666666666664
0 0.2428125 0.42777777777777776 0.146875 0.2222222222222222
3 0.5321875 0.7427777777777778 0.114375 0.2388888888888889
0 0.8646875 0.5738888888888889 0.168125 0.31
4 0.665625 0.4461111111111111 0.13625 0.2388888888888889
0 0.45125 0.7272222222222222 0.07875 0.20777777777777778
3 0.3040625 0.59 0.155625 0.2311111111111111
