2 0.3746875 0.34833333333333333 0.148125 0.24555555555555555
4 0.1209375 0.1527777777777778 0.125625 0.22555555555555556
1 0.3178125 0.5005555555555555 0.146875 0.26555555555555554
4 0.133125 0.7394444444444445 0.1375 0.2677777777777778
3 0.498125 0.6127777777777778 0.14625 0.25222222222222224
4 0.8515625 0.2511111111111111 0.130625 0.24
0 0.4928125 0.7416666666666667 0.153125 0.29
4 0.686875 0.4061111111111111 0.1675 0.32555555555555554
3 0.2990625 0.505 0.139375 0.2877777777777778
4 0.2328125 0.14888888888888888 0.098125 0.21555555555555556
1 0.7290625 0.6461111111111111 0.149375 0.26555555555555554
0 0.5084375 0.45555555555555555 0.178125 0.26222222222222225
4 0.593125 0.5294444444444445 0.1125 0.22111111111111112
4 0.3696875 0.36277777777777775 0.136875 0.26555555555555554
4 0.691875 0.5133333333333333 0.13625 0.23555555555555555
0 0.859375 0.755 0.1625 0.2966666666666667
1 0.2384375 0.345 0.155625 0.3211111111111111
4 0.525625 0.4066666666666667 0.1125 0.23333333333333334
0 0.06 0.6061111111111112 0.10625 0.21
3 0.5815625 0.1988888888888889 0.108125 0.32666666666666666
0 0.4546875 0.5283333333333333 0.118125 0.22777777777777777
4 0.724375 0.28055555555555556 0.13 0.3011111111111111
1 0.870625 0.6622222222222223 0.15875 0.30666666666666664
0 0.2034375 0.7455555555555555 0.143125 0.2822222222222222
4 0.065 0.37833333333333335 0.12625 0.19444444444444445
4 0.2228125 0.31 0.133125 0.27555555555555555
2 0.85625 0.7538888888888889 0.16375 0.2922222222222222
