0 0.428125 0.4716666666666667 0.1625 0.34555555555555556
0 0.855 0.24222222222222223 0.16125 0.31777777777777777
4 0.69875 0.6361111111111111 0.13375 0.24333333333333335
0 0.1540625 0.6388888888888888 0.153125 0.27111111111111114
1 0.6725 0.3988888888888889 0.1325 0.28444444444444444
2 0.3315625 0.2861111111111111 0.155625 0.3055555555555556
0 0.705625 0.7655555555555555 0.1575 0.30444444444444446
1 0.5484375 0.5705555555555556 0.148125 0.32555555555555554
0 0.8603125 0.22944444444444445 0.161875 0.2588888888888889
4 0.0803125 0.6333333333333333 0.124375 0.24666666666666667
0 0.5011111111111111 0.3725 0.2577777777777778 0.16625
3 0.7544444444444445 0.8478125 0.26 0.149375
2 0.7144444444444444 0.255 0.3488888888888889 0.1725
1 0.7338888888888889 0.3634375 0.2411111111111111 0.121875
4 0.19111111111111112 0.85 0.25333333333333335 0.1475
2 0.3584375 0.5538888888888889 0.120625 0.23222222222222222
3 0.58875 0.36277777777777775 0.10625 0.17222222222222222
0 0.8346875 0.7166666666666667 0.121875 0.23555555555555555
1 0.130625 0.24 0.14 0.24666666666666667
4 0.1246875 0.5161111111111111 0.116875 0.14333333333333334
0 0.374375 0.19111111111111112 0.14 0.21333333333333335
