3 0.6644444444444444 0.1046875 0.29333333333333333 0.158125
0 0.5527777777777778 0.70375 0.2611111111111111 0.1525
4 0.54 0.1215625 0.19333333333333333 0.126875
1 0.4083333333333333 0.8578125 0.2722222222222222 0.153125
0 0.7511111111111111 0.381875 0.27111111111111114 0.16625
4 0.5015625 0.3711111111111111 0.148125 0.27111111111111114
1 0.65375 0.5827777777777777 0.10375 0.2011111111111111
0 0.8603125 0.645 0.169375 0.2788888888888889
0 0.609375 0.7155555555555555 0.14375 0.23777777777777778
0 0.3603125 0.43666666666666665 0.120625 0.22444444444444445
0 0.853125 0.3477777777777778 0.1475 0.24444444444444444
1 0.1225 0.33444444444444443 0.12 0.2
4 0.7059375 0.5061111111111111 0.099375 0.1811111111111111
3 0.44125 0.10888888888888888 0.09875 0.14444444444444443
0 0.579375 0.24722222222222223 0.1175 0.23222222222222222
4 0.33625 0.665 0.1475 0.31222222222222223
3 0.2103125 0.43833333333333335 0.154375 0.23666666666666666
3 0.5596875 0.6433333333333333 0.160625 0.2866666666666667
2 0.425 0.5188888888888888 0.2 0.2866666666666667
1 0.21 0.21666666666666667 0.07875 0.18
3 0.7028125 0.3794444444444444 0.138125 0.25666666666666665
4 0.0853125 0.2861111111111111 0.170625 0.31444444444444447
1 0.3340625 0.6061111111111112 0.149375 0.3322222222222222
