4 0.2334375 0.6588888888888889 0.140625 0.3022222222222222
4 0.0909375 0.42944444444444446 0.160625 0.2833333333333333
4 0.85 0.5288888888888889 0.15 0.26222222222222225
2 0.674375 0.72 0.105 0.20444444444444446
0 0.24666666666666667 0.2515625 0.21333333333333335 0.144375
1 0.36833333333333335 0.705625 0.21666666666666667 0.13375
0 0.63 0.3940625 0.26 0.123125
4 0.30444444444444446 0.6084375 0.18888888888888888 0.151875
3 0.715 0.85625 0.20777777777777778 0.14875
0 0.32 0.0796875 0.22 0.159375
1 0.21722222222222223 0.2896875 0.27444444444444444 0.191875
1 0.7183333333333334 0.8415625 0.23666666666666666 0.133125
1 0.2461111111111111 0.61125 0.3055555555555556 0.16375
0 0.6066666666666667 0.208125 0.16666666666666666 0.1325
1 0.5427777777777778 0.8534375 0.21 0.130625
0 0.863125 0.7294444444444445 0.15125 0.2611111111111111
3 0.0984375 0.5811111111111111 0.158125 0.29555555555555557
