1 0.27444444444444444 0.85625 0.23333333333333334 0.13375
4 0.5733333333333334 0.1490625 0.23555555555555555 0.160625
4 0.14944444444444444 0.6875 0.2811111111111111 0.1575
1 0.7133333333333334 0.3196875 0.21555555555555556 0.141875
0 0.475 0.521875 0.33666666666666667 0.18625
1 0.44166666666666665 0.3315625 0.25222222222222224 0.134375
2 0.33 0.463125 0.23333333333333334 0.13625
1 0.7288888888888889 0.87125 0.21555555555555556 0.17
4 0.25 0.220625 0.22666666666666666 0.14125
3 0.5 0.4840625 0.24888888888888888 0.168125
3 0.725 0.7125 0.22111111111111112 0.125
4 0.6638888888888889 0.3534375 0.2588888888888889 0.156875
4 0.5377777777777778 0.586875 0.16666666666666666 0.12375
3 0.4088888888888889 0.078125 0.22666666666666666 0.10625
1 0.34833333333333333 0.8609375 0.26555555555555554 0.171875
4 0.659375 0.185 0.135 0.23444444444444446
1 0.1259375 0.5027777777777778 0.151875 0.3188888888888889
4 0.8475 0.7538888888888889 0.15 0.2677777777777778
4 0.4896875 0.6222222222222222 0.156875 0.2822222222222222
4 0.32 0.3827777777777778 0.17875 0.35444444444444445
3 0.8475 0.53 0.13875 0.3333333333333333
4 0.2634375 0.22722222222222221 0.125625 0.21666666666666667
0 0.060625 0.5922222222222222 0.10375 0.21333333333333335
1 0.08 0.46944444444444444 0.1475 0.2922222222222222
4 0.8578125 0.6022222222222222 0.158125 0.27555555555555555
2 0.4553125 0.13944444444444445 0.125625 0.19666666666666666
0 0.27625 0.7433333333333333 0.15375 0.2733333333333333
0 0.5238888888888888 0.55 0.25666666666666665 0.15125
0 0.28055555555555556 0.08375 0.2011111111111111 0.11625
2 0.7822222222222223 0.7096875 0.3422222222222222 0.171875
