3 0.129375 0.7122222222222222 0.13125 0.20666666666666667
3 0.861875 0.22722222222222221 0.15625 0.23222222222222222
0 0.6227777777777778 0.7203125 0.2611111111111111 0.168125
0 0.36277777777777775 0.5540625 0.21888888888888888 0.138125
3 0.30666666666666664 0.2403125 0.34444444444444444 0.115625
2 0.4216666666666667 0.5440625 0.23666666666666666 0.140625
1 0.6288888888888889 0.381875 0.26 0.13
3 0.5188888888888888 0.0725 0.23555555555555555 0.1375
3 0.31833333333333336 0.8759375 0.22555555555555556 0.176875
2 0.245 0.2209375 0.27444444444444444 0.121875
1 0.33111111111111113 0.28 0.2511111111111111 0.145
0 0.1471875 0.555 0.148125 0.2588888888888889
1 0.43333333333333335 0.1278125 0.25333333333333335 0.129375
4 0.6583333333333333 0.42625 0.29888888888888887 0.14875
3 0.7466666666666667 0.8721875 0.2733333333333333 0.171875
4 0.4988888888888889 0.681875 0.18222222222222223 0.08125
1 0.350625 0.29 0.135 0.30666666666666664
4 0.8628125 0.445 0.170625 0.30333333333333334
0 0.10875 0.7477777777777778 0.145 0.2822222222222222
1 0.479375 0.14666666666666667 0.125 0.24888888888888888
0 0.1328125 0.3238888888888889 0.154375 0.31222222222222223
