1 0.086875 0.3016666666666667 0.07625 0.17888888888888888
4 0.3709375 0.5511111111111111 0.151875 0.27111111111111114
1 0.5953125 0.3572222222222222 0.098125 0.1922222222222222
1 0.8603125 0.5822222222222222 0.143125 0.27555555555555555
4 0.3584375 0.19 0.109375 0.22444444444444445
3 0.461875 0.2827777777777778 0.11 0.3055555555555556
1 0.8671875 0.7311111111111112 0.170625 0.21555555555555556
1 0.3378125 0.6488888888888888 0.111875 0.21555555555555556
2 0.233125 0.5683333333333334 0.1525 0.21888888888888888
3 0.315625 0.31777777777777777 0.13625 0.24888888888888888
2 0.7290625 0.29 0.195625 0.31777777777777777
0 0.6909375 0.595 0.161875 0.23444444444444446
3 0.08125 0.5105555555555555 0.1175 0.2922222222222222
2 0.26 0.7411111111111112 0.17125 0.2866666666666667
1 0.8740625 0.21166666666666667 0.165625 0.3211111111111111
4 0.5615625 0.16444444444444445 0.165625 0.29777777777777775
4 0.1096875 0.3622222222222222 0.111875 0.23555555555555555
2 0.29625 0.7205555555555555 0.12375 0.2411111111111111
3 0.8353125 0.47555555555555556 0.115625 0.22444444444444445
4 0.675625 0.265 0.15875 0.27666666666666667
0 0.445 0.3515625 0.21222222222222223 0.119375
1 0.22277777777777777 0.2646875 0.3211111111111111 0.189375
4 0.5638888888888889 0.485 0.26555555555555554 0.1425
2 0.7277777777777777 0.6 0.22444444444444445 0.12875
